=== 数据记录开始于 2026-01-03 16:39:58 ===
(-1281.00, 0.00)
(-568.56, 6952.52)
(23.59, -325.81)
(23.59, -325.81)
(23.59, -325.81)
(23.59, -325.81)
(23.59, -325.81)
(23.59, -325.81)
(23.59, -325.81)
(23.59, -325.81)
(23.59, -325.81)
(38.45, 33.69)
(38.45, 33.69)
(29.54, 37.52)
(29.54, 37.52)
(29.54, 37.52)
(29.54, 37.52)
(29.54, 37.52)
(29.54, 37.52)
(29.54, 37.52)
(29.54, 37.52)
(29.60, 38.48)
(29.60, 38.48)
(29.60, 38.48)
(29.61, 35.80)
(29.11, 33.33)
(29.11, 33.33)
(28.92, 33.01)
(29.17, 33.53)
(29.70, 33.56)
(29.70, 33.56)
(29.70, 33.56)
(29.94, 33.82)
(29.94, 33.82)
(30.40, 34.09)
(30.40, 34.09)
(31.10, 30.58)
(32.19, 20.91)
(32.19, 20.91)
(32.19, 20.91)
(33.01, 14.51)
(33.88, 8.21)
(33.88, 8.21)
(34.57, 5.26)
(34.57, 5.26)
(34.57, 5.26)
(34.57, 5.26)
(35.03, 4.88)
(33.96, 3.91)
(33.96, 3.91)
(33.96, 3.91)
(32.57, 4.09)
(32.57, 4.09)
(27.27, 4.16)
(27.27, 4.16)
(23.76, 4.76)
(23.76, 4.76)
(23.76, 4.76)
(20.92, 5.41)
(17.94, 5.48)
(17.17, 5.14)
(17.17, 5.14)
(16.27, 4.81)
(16.27, 4.81)
(15.87, 5.02)
(14.96, 5.56)
(15.15, 6.05)
(15.61, 7.03)
(15.61, 7.03)
(15.61, 7.03)
(16.03, 7.43)
(16.03, 7.43)
(16.03, 7.43)
(16.09, 8.32)
(14.35, 7.64)
(14.35, 7.64)
(14.35, 7.64)
(-38.35, 8.97)
(-38.35, 8.97)
(-187.83, 8.27)
(-203.86, 5.28)
(-203.86, 5.28)
(-205.25, 4.61)
(-205.25, 4.61)
(-205.25, 4.61)
(-209.65, 1.60)
(-209.65, 1.60)
(-209.65, 1.60)
(-209.65, 1.60)
(-211.00, 0.87)
(-211.00, 0.87)
(-211.00, 0.87)
(-211.00, 0.87)
(-211.00, 0.87)
(-213.85, 1.61)
(-213.85, 1.61)
(-224.15, 8.65)
(-224.15, 8.65)
(-226.98, 10.43)
(-230.10, 12.67)
(-230.10, 12.67)
(-230.10, 12.67)
(-230.10, 12.67)
(-229.94, 12.88)
(-229.94, 12.88)
(-229.94, 12.88)
(-321.72, 13.01)
(-547.42, 12.78)
(-547.42, 12.78)
(-551.99, 12.52)
(-551.99, 12.52)
(-555.78, 10.89)
(-555.78, 10.89)
(-555.78, 10.89)
(-557.27, 10.15)
(-557.27, 10.15)
(-557.27, 10.15)
(-555.53, 9.34)
(-555.53, 9.34)
(-555.42, 8.81)
(-555.42, 8.81)
(-554.24, 8.20)
(-554.24, 8.20)
(-552.47, 7.33)
(-552.47, 7.33)
(-548.26, 7.31)
(-548.26, 7.31)
(-547.75, 7.49)
(-547.75, 7.49)
(-611.60, 12.99)
(-611.60, 12.99)
(-611.60, 12.99)
(-675.89, 23.55)
(-675.89, 23.55)
(-694.35, 26.18)
(-694.35, 26.18)
(-694.25, 26.19)
(-694.25, 26.19)
(-694.63, 25.81)
(-891.00, 28.27)
(-913.25, 29.93)
(-913.25, 29.93)
(-923.95, 31.89)
(-923.95, 31.89)
(-928.56, 36.30)
(-935.77, 35.37)
(-937.80, 34.88)
(-938.02, 34.29)
(-938.02, 34.29)
(-938.76, 33.94)
(-938.36, 34.17)
(-938.36, 34.17)
(-936.12, 34.36)
(-935.60, 33.23)
(-935.60, 33.23)
(-935.23, 31.76)
(-935.23, 31.76)
(-935.25, 31.41)
(-934.24, 32.96)
(-934.24, 32.96)
(-933.38, 33.36)
(-933.38, 33.36)
(-932.19, 35.67)
(-930.53, 38.53)
(-930.53, 38.53)
(-928.75, 41.67)
(-928.25, 43.51)
(-928.66, 43.15)
(-928.66, 43.15)
(-928.56, 43.01)
(-926.36, 43.10)
(-926.36, 43.10)
(-926.05, 51.16)
(-926.05, 51.16)
(-923.49, 75.97)
(-921.57, 108.27)
(-921.57, 108.27)
(-930.94, 114.75)
(-930.94, 114.75)
(-916.91, 174.24)
(-916.91, 174.24)
(-888.59, 209.24)
(-870.40, 228.98)
(-870.40, 228.98)
(-872.19, 231.95)
(-872.19, 231.95)
(-878.01, 232.13)
(-878.01, 232.13)
(-882.36, 250.96)
(-882.36, 250.96)
(-871.07, 421.66)
(-871.07, 421.66)
(-854.36, 448.81)
(-850.58, 448.40)
(-850.58, 448.40)
(-843.38, 449.27)
(-831.07, 456.26)
(-831.10, 457.61)
(-830.17, 459.10)
(-830.17, 459.10)
(-849.68, 477.41)
(-849.68, 477.41)
(-891.03, 519.10)
(-914.51, 542.54)
(-922.13, 553.55)
(-924.25, 554.77)
(-924.25, 554.77)
(-926.62, 554.36)
(-928.59, 556.95)
(-928.59, 556.95)
(-928.05, 558.85)
(-927.99, 558.64)
(-927.99, 558.64)
(-928.64, 559.44)
(-929.22, 560.62)
(-929.15, 560.41)
(-929.15, 560.41)
(-928.72, 559.97)
(-928.05, 559.78)
(-928.05, 559.78)
(-926.98, 559.10)
(-926.98, 559.10)
(-925.48, 559.09)
(-924.34, 559.11)
(-924.34, 559.11)
(-922.07, 558.79)
(-922.25, 558.36)
(-922.25, 558.36)
(-919.35, 557.28)
(-899.42, 558.05)
(-888.86, 558.37)
(-888.86, 558.37)
(-882.42, 558.44)
(-873.30, 558.34)
(-873.30, 558.34)
(-857.00, 583.37)
(-825.53, 617.74)
(-814.77, 627.70)
(-814.77, 627.70)
(-814.77, 627.70)
(-797.58, 637.19)
(-797.58, 637.19)
(-796.50, 637.33)
(-794.99, 638.47)
(-794.99, 638.47)
(-803.88, 641.44)
(-803.88, 641.44)
(-805.28, 667.61)
(-801.40, 692.17)
(-799.40, 692.00)
(-799.40, 692.00)
(-797.10, 695.18)
(-799.67, 687.15)
(-803.11, 679.94)
(-803.11, 679.94)
(-813.95, 659.98)
(-813.95, 659.98)
(-827.93, 641.85)
(-863.10, 631.46)
(-881.18, 622.93)
(-881.18, 622.93)
(-881.18, 622.93)
(-877.32, 623.35)
(-870.02, 621.56)
(-870.15, 622.04)
(-870.15, 622.04)
(-869.85, 622.88)
(-868.78, 622.02)
(-868.78, 622.02)
(-844.25, 623.13)
(-789.51, 623.93)
(-789.51, 623.93)
(-779.57, 623.20)
(-779.57, 623.20)
(-770.63, 620.61)
(-760.52, 618.53)
(-760.52, 618.53)
(-756.34, 618.40)
(-756.34, 618.40)
(-754.89, 617.14)
(-754.89, 617.14)
(-754.01, 614.15)
(-753.75, 610.82)
(-753.75, 610.82)
(-754.76, 606.52)
(-754.84, 605.98)
(-754.84, 605.98)
(-754.15, 604.11)
(-753.36, 603.31)
(-752.95, 603.34)
(-752.95, 603.34)
(-752.12, 602.66)
(-752.12, 602.66)
(-752.39, 602.06)
(-752.64, 602.53)
(-752.63, 601.95)
(-752.63, 601.95)
(-752.63, 601.95)
(-752.46, 601.86)
(-750.90, 601.97)
(-748.54, 601.84)
(-748.54, 601.84)
(-748.54, 601.84)
(-747.96, 610.92)
(-747.62, 614.98)
(-747.62, 614.98)
(-747.33, 616.90)
(-747.33, 616.90)
(-747.86, 620.15)
(-747.93, 622.83)
(-747.93, 622.83)
(-748.23, 625.00)
(-748.23, 625.00)
(-748.72, 628.40)
(-748.45, 628.12)
(-748.95, 628.15)
(-748.80, 628.51)
(-748.80, 628.51)
(-748.34, 628.29)
(-747.63, 628.62)
(-747.63, 628.62)
(-746.40, 630.22)
(-746.40, 630.22)
(-745.49, 630.88)
(-743.50, 631.84)
(-743.50, 631.84)
(-740.16, 631.79)
(-741.39, 630.87)
(-741.44, 631.09)
(-743.48, 630.28)
(-743.48, 630.28)
(-744.55, 629.21)
(-744.80, 628.96)
(-744.80, 628.96)
(-744.82, 628.87)
(-743.10, 628.46)
(-741.62, 628.69)
(-741.62, 628.69)
(-739.02, 628.76)
(-735.65, 629.88)
(-735.65, 629.88)
(-733.82, 630.29)
(-731.54, 630.27)
(-732.38, 630.28)
(-732.38, 630.28)
(-732.20, 630.98)
(-731.72, 631.19)
(-731.72, 631.19)
(-731.14, 630.80)
(-730.34, 630.88)
(-730.34, 630.88)
(-729.64, 630.64)
(-729.64, 630.64)
(-729.89, 631.26)
(-730.14, 630.92)
(-730.14, 630.92)
(-731.03, 631.41)
(-731.03, 631.41)
(-640.60, 596.77)
(-640.60, 596.77)
(-640.60, 596.77)
(-624.27, 593.61)
(-624.27, 593.61)
(-601.95, 577.26)
(-601.95, 577.26)
(-601.95, 577.26)
(-598.20, 574.24)
(-598.03, 569.37)
(-598.03, 569.37)
(-600.54, 568.95)
(-600.54, 568.95)
(-606.64, 568.56)
(-614.10, 567.96)
(-614.10, 567.96)
(-618.15, 569.08)
(-618.15, 569.08)
(-618.53, 569.21)
(-583.86, 567.94)
(-583.86, 567.94)
(-508.62, 542.75)
(-508.62, 542.75)
(-474.64, 514.25)
(-462.04, 506.15)
(-462.04, 506.15)
(-457.59, 494.26)
(-456.67, 489.72)
(-456.67, 489.72)
(-453.20, 486.36)
(-448.37, 486.20)
(-419.61, 476.38)
(-419.61, 476.38)
(-371.79, 458.15)
(-347.99, 441.71)
(-347.99, 441.71)
(-338.08, 434.08)
(-332.02, 430.83)
(-332.02, 430.83)
(-330.84, 427.05)
(-330.84, 427.05)
(-329.25, 426.56)
(-329.25, 426.56)
(-328.61, 426.35)
(-329.17, 426.22)
(-329.17, 426.22)
(-323.02, 422.95)
(-178.19, 321.36)
(-178.19, 321.36)
(-40.50, 198.33)
(-40.50, 198.33)
(-20.75, 177.11)
(-9.37, 171.44)
(-9.37, 171.44)
(-6.36, 167.13)
(-2.91, 160.26)
(-2.84, 159.89)
(-2.84, 159.89)
(-2.84, 159.89)
(-2.91, 159.66)
(-2.11, 159.00)
(-2.34, 156.31)
(-2.34, 156.31)
(-3.22, 136.43)
(-3.22, 136.43)
(-3.65, 87.14)
(-3.65, 87.14)
(-3.59, 86.43)
(-3.59, 86.43)
(-1.94, 82.12)
(-1.83, 81.84)
(-1.83, 81.84)
(-1.49, 81.57)
(-1.06, 80.99)
(-0.85, 81.52)
(-0.23, 81.71)
(-0.23, 81.71)
(1.14, 82.29)
(1.14, 82.29)
(1.75, 83.09)
(2.13, 84.29)
(2.13, 84.29)
(1.94, 84.99)
(1.94, 84.99)
(1.77, 85.17)
(1.58, 85.50)
(1.58, 85.50)
(1.72, 86.82)
(1.72, 86.82)
(1.72, 86.82)
(2.27, 88.62)
(3.91, 86.98)
(4.04, 86.90)
(4.04, 86.90)
(4.04, 86.90)
(4.04, 86.90)
=== 数据记录结束于 2026-01-03 16:40:09 ===
