=== 数据记录开始于 2026-01-05 18:41:33 ===
27.060,True,104.19,-90.88
27.162,True,109.53,-122.21
27.263,True,111.64,-133.69
27.367,True,109.61,-133.45
27.464,True,107.17,-133.76
27.558,True,107.92,-130.00
27.657,True,104.05,-130.06
27.772,True,96.94,-140.13
27.864,True,90.59,-142.88
27.968,True,-110.29,-204.53
28.057,True,-121.92,-230.51
28.160,True,120.16,-105.31
28.258,True,121.30,-106.20
28.364,True,114.21,-115.05
28.459,True,110.23,-118.14
28.564,True,106.06,-120.49
28.669,True,102.38,-121.71
28.770,True,101.76,-120.86
28.864,True,100.33,-122.27
28.958,True,99.65,-118.85
29.062,True,108.79,-111.60
29.166,True,109.60,-113.39
29.261,True,111.41,-110.69
29.361,True,106.44,-113.13
29.463,True,103.36,-116.13
29.560,True,108.73,-104.76
29.664,True,108.46,-105.55
29.762,True,90.20,-125.88
29.864,True,91.73,-124.83
29.963,True,93.37,-121.51
30.062,True,94.77,-119.49
30.164,True,95.12,-123.69
30.261,True,94.81,-128.44
30.364,True,95.07,-132.11
30.459,True,94.01,-138.84
30.570,True,95.03,-139.42
30.661,True,94.86,-138.96
30.760,True,96.92,-137.64
30.865,True,94.39,-140.42
30.959,True,90.72,-141.47
31.067,True,91.17,-138.94
31.164,True,88.40,-137.07
31.262,True,87.39,-136.90
31.365,True,86.76,-136.71
31.461,True,88.16,-135.03
31.559,True,89.78,-135.52
31.660,True,89.91,-136.11
31.762,True,90.21,-135.48
31.864,True,89.03,-134.45
31.962,True,87.04,-132.98
32.069,True,86.48,-131.13
32.168,True,86.46,-130.90
32.267,True,85.37,-131.31
32.368,True,83.76,-128.86
32.460,True,85.06,-129.09
32.563,True,85.29,-128.87
32.664,True,85.30,-128.09
32.769,True,85.60,-128.36
32.863,True,85.27,-127.97
32.959,True,85.14,-128.58
33.069,True,85.57,-128.04
33.158,True,85.95,-128.72
33.262,True,86.24,-132.53
33.360,True,85.99,-135.20
33.458,True,86.53,-136.85
33.566,True,85.33,-135.72
33.664,True,81.92,-131.33
33.761,True,78.99,-127.24
33.865,True,78.26,-129.19
33.963,True,77.02,-131.65
34.068,True,76.24,-134.64
34.160,True,77.60,-137.31
34.269,True,77.23,-138.70
34.368,True,79.57,-140.42
34.463,True,83.13,-142.58
34.564,True,84.61,-143.60
34.669,True,86.19,-141.67
34.757,True,85.78,-138.25
34.856,True,84.54,-135.26
34.957,True,83.25,-135.45
35.065,True,80.91,-135.98
35.163,True,46.67,-108.44
35.270,True,64.88,-91.97
35.358,True,68.76,-83.70
35.464,True,50.01,-111.37
35.566,True,68.57,-128.16
35.673,True,76.75,-132.40
35.763,True,93.24,-139.19
35.865,True,99.40,-142.31
35.963,True,102.13,-141.46
36.064,True,103.02,-140.18
36.169,True,104.21,-144.25
36.263,True,103.29,-145.45
36.362,True,102.80,-145.34
36.464,True,101.60,-145.21
36.564,True,102.87,-143.48
36.665,True,101.69,-143.01
36.758,True,98.72,-143.22
36.862,True,98.71,-141.09
36.966,True,101.19,-141.46
37.059,True,99.64,-136.77
37.160,True,99.57,-135.14
37.265,True,99.43,-135.84
37.357,True,99.01,-138.47
37.460,True,105.24,-137.98
37.558,True,112.39,-131.86
37.665,True,116.81,-135.54
37.762,True,116.39,-138.67
37.870,True,115.08,-145.12
37.967,True,114.73,-146.53
38.063,True,113.70,-144.16
38.169,True,112.58,-140.61
38.259,True,112.50,-136.43
38.369,True,111.65,-132.75
38.456,True,112.58,-128.78
38.561,True,116.87,-131.29
38.657,True,120.01,-135.25
38.756,True,121.06,-135.28
38.863,True,121.65,-135.52
38.967,True,101.77,-129.47
39.058,True,114.92,-135.19
39.165,True,116.15,-137.98
39.257,True,117.02,-137.40
39.363,True,117.50,-136.47
39.464,True,117.46,-135.72
39.567,True,102.58,-129.23
39.656,True,117.47,-135.99
39.769,True,122.98,-136.39
39.863,True,121.57,-137.08
39.960,True,119.05,-138.06
40.066,True,118.81,-138.26
40.164,True,118.69,-139.24
40.264,True,106.41,-139.53
40.358,True,102.86,-141.08
40.461,True,103.72,-139.01
40.558,True,100.94,-137.76
40.665,True,100.18,-136.66
40.767,True,98.52,-137.69
40.858,True,94.93,-138.84
40.957,True,94.04,-141.93
41.065,True,98.53,-144.67
41.168,True,100.15,-143.91
41.264,True,99.80,-145.21
41.364,True,96.07,-143.81
41.458,True,83.09,-143.03
41.566,True,81.45,-140.11
41.661,True,86.45,-141.17
41.765,True,90.46,-155.04
41.863,True,93.04,-155.37
41.962,True,94.85,-156.14
42.072,True,96.24,-151.67
42.164,True,97.65,-142.88
42.263,True,97.86,-140.81
42.358,True,96.28,-139.75
42.457,True,96.42,-136.82
42.568,True,98.47,-135.80
42.668,True,93.89,-133.27
42.759,True,89.26,-133.45
42.867,True,87.80,-135.77
42.960,True,87.39,-135.97
43.056,True,95.68,-140.14
43.160,True,98.28,-138.57
43.271,True,99.08,-137.27
43.365,True,98.33,-134.69
43.460,True,96.77,-131.07
43.567,True,97.41,-125.26
43.661,True,99.35,-123.80
43.758,True,100.97,-123.23
43.858,True,102.06,-124.15
43.960,True,105.10,-125.11
44.068,True,105.36,-129.08
44.160,True,104.34,-131.54
44.270,True,104.33,-137.41
44.368,True,105.59,-139.62
44.460,True,108.40,-138.93
44.561,True,110.56,-135.99
44.667,True,110.23,-134.77
44.762,True,110.23,-134.44
44.863,True,110.38,-138.24
44.963,True,109.54,-141.75
45.069,True,106.25,-143.21
45.163,True,105.80,-144.55
45.257,True,107.55,-143.41
45.363,True,108.47,-149.51
45.460,True,106.06,-146.34
45.561,True,107.14,-143.90
45.663,True,109.04,-144.46
45.758,True,293.53,-132.85
45.870,True,331.82,-139.46
45.964,True,333.14,-144.20
46.057,True,202.99,-137.94
46.163,True,99.62,-119.57
46.259,True,52.57,-108.52
46.369,True,48.75,-105.53
46.460,True,48.51,-103.02
46.568,True,49.38,-99.81
46.662,True,49.19,-98.69
46.765,True,49.61,-97.78
46.866,True,51.27,-97.64
46.962,True,51.81,-98.82
47.063,True,52.20,-99.79
47.167,True,54.06,-99.24
47.262,True,54.70,-99.37
47.364,True,53.38,-97.73
47.460,True,52.72,-97.16
47.557,True,52.18,-97.99
47.666,True,51.37,-101.12
47.763,True,49.32,-99.34
47.866,True,47.73,-94.84
47.958,True,45.17,-91.40
48.059,True,44.89,-84.68
48.169,True,45.74,-83.10
48.258,True,45.04,-82.82
48.361,True,45.69,-83.79
48.458,True,44.83,-85.86
48.556,True,44.33,-89.85
48.657,True,43.93,-94.47
48.770,True,42.47,-97.25
48.869,True,42.38,-96.99
48.957,True,44.62,-96.15
49.057,True,44.33,-96.30
49.165,True,40.90,-92.62
49.270,True,62.68,-98.67
49.365,True,63.93,-103.50
49.456,True,63.37,-100.52
49.563,True,84.78,-113.36
49.659,True,56.37,-105.73
49.769,True,47.74,-96.45
49.862,True,47.82,-96.13
49.960,True,47.62,-99.27
50.067,True,47.99,-101.78
50.160,True,48.45,-102.55
50.268,True,48.60,-101.98
50.364,True,48.31,-102.01
50.457,True,48.00,-100.91
50.565,True,48.41,-101.81
50.658,True,47.88,-102.39
50.763,True,48.25,-101.79
50.857,True,49.42,-100.72
50.963,True,50.07,-101.27
51.066,True,50.88,-101.72
51.159,True,55.51,-104.58
51.269,True,56.33,-104.02
51.367,True,51.28,-98.60
51.467,True,55.10,-97.07
51.556,True,56.32,-93.77
51.658,True,56.87,-93.78
51.769,True,56.96,-94.36
51.865,True,56.18,-96.44
51.956,True,49.21,-98.14
52.062,True,43.01,-98.09
52.167,True,45.59,-101.00
52.262,True,61.63,-104.26
52.363,True,73.44,-110.82
52.467,True,85.12,-117.86
52.568,True,77.30,-109.52
52.656,True,73.50,-109.80
52.766,True,73.63,-107.91
52.863,True,85.70,-99.02
52.957,True,71.02,-102.04
53.067,True,67.93,-103.93
53.158,True,67.58,-105.86
53.269,True,91.79,-100.82
53.361,True,113.04,-88.87
53.456,True,121.94,-118.26
53.566,True,120.77,-146.08
53.660,True,120.63,-150.18
53.761,True,118.26,-150.90
53.865,True,116.98,-151.95
53.966,True,116.07,-146.79
54.059,True,115.77,-143.24
54.161,True,115.94,-138.32
54.266,True,112.09,-144.53
54.362,True,113.26,-150.28
54.466,True,116.66,-153.25
54.559,True,116.37,-156.81
54.662,True,115.24,-162.35
54.766,True,113.23,-152.37
54.866,True,112.25,-153.30
54.967,True,111.90,-151.79
55.067,True,110.40,-147.67
55.163,True,109.92,-146.33
55.260,True,109.18,-147.31
55.364,True,108.86,-146.90
55.458,True,109.73,-147.80
55.566,True,112.87,-152.89
55.667,True,114.98,-158.03
55.765,True,118.40,-159.64
55.861,True,119.52,-158.42
55.967,True,118.84,-156.65
56.069,True,117.34,-154.79
56.158,True,116.77,-149.41
56.263,True,115.96,-147.50
56.363,True,114.96,-147.75
56.458,True,114.28,-151.03
56.569,True,113.51,-149.48
56.658,True,115.19,-151.93
56.765,True,116.27,-153.23
56.862,True,117.50,-156.94
56.966,True,118.44,-159.07
57.059,True,118.21,-158.02
57.168,True,117.30,-156.19
57.266,True,117.46,-156.30
57.369,True,114.08,-158.33
57.464,True,110.82,-159.52
57.560,False,644.75,5054.08
57.666,True,106.30,-188.15
57.766,True,105.14,-161.76
57.867,True,106.93,-149.11
57.965,True,108.77,-139.51
58.066,True,110.63,-139.82
58.164,True,109.40,-141.48
58.260,True,110.77,-142.88
58.363,True,107.38,-140.52
58.463,True,104.19,-132.89
58.557,True,95.42,-125.12
58.663,True,95.64,-129.00
58.759,True,99.52,-130.18
58.868,True,102.29,-130.74
58.958,True,106.40,-131.48
59.068,True,106.18,-133.58
59.163,True,102.23,-139.90
59.272,True,103.38,-148.67
59.359,True,113.12,-153.19
59.462,True,115.85,-152.63
59.562,True,115.89,-152.65
59.662,True,115.74,-154.29
59.759,True,115.49,-156.90
59.859,True,115.74,-156.67
59.958,True,115.11,-157.91
60.066,True,114.97,-160.16
60.167,True,114.85,-162.09
60.273,True,113.98,-160.94
60.366,True,112.73,-163.98
60.460,True,111.44,-165.17
60.567,True,111.08,-162.95
60.660,True,108.13,-160.31
60.758,True,107.33,-159.42
60.868,True,108.30,-158.48
60.965,True,109.32,-158.41
61.064,True,108.34,-157.42
61.164,True,106.39,-157.49
61.256,True,106.69,-163.31
61.365,True,105.86,-164.49
61.459,True,105.88,-168.15
61.565,True,106.21,-165.66
61.658,True,107.56,-166.29
61.762,True,109.08,-163.18
61.862,True,113.32,-159.13
61.961,True,75.71,-114.44
62.069,True,112.69,-143.26
62.159,True,113.32,-151.01
62.269,True,113.22,-152.64
62.359,True,111.34,-155.50
62.467,True,111.91,-162.72
62.560,True,116.33,-164.19
62.657,True,118.28,-160.23
62.760,True,118.44,-152.88
62.865,True,108.90,-138.07
62.965,True,105.63,-139.52
63.057,True,105.08,-140.87
63.169,True,105.22,-142.08
63.265,True,107.39,-143.99
63.357,True,107.95,-145.65
63.465,True,107.93,-146.47
63.567,True,107.50,-146.10
63.658,True,107.60,-147.01
63.767,True,106.59,-146.55
63.867,True,104.93,-145.41
63.963,True,104.24,-144.56
64.063,True,119.96,-156.25
64.167,True,104.87,-166.92
64.268,True,100.59,-152.08
64.359,True,100.04,-137.36
64.456,True,100.13,-133.33
64.558,True,101.32,-131.78
64.665,True,103.38,-132.96
64.759,True,105.32,-131.70
64.865,True,104.58,-130.56
64.963,True,105.12,-131.73
65.060,True,109.93,-132.21
65.162,True,112.36,-135.71
65.274,True,113.75,-137.72
65.366,True,113.79,-140.53
65.460,True,111.75,-141.90
65.556,True,106.61,-140.09
65.666,True,104.90,-137.19
65.768,True,104.27,-134.06
65.865,True,105.41,-136.75
65.960,True,102.72,-140.30
66.065,True,102.28,-142.28
66.159,True,103.12,-141.88
66.267,True,100.90,-141.32
66.364,True,102.94,-141.35
66.459,True,103.01,-142.30
66.567,True,99.87,-137.66
66.662,True,97.71,-132.82
66.760,True,96.14,-131.45
66.860,True,98.89,-134.93
66.956,True,102.84,-134.87
67.067,True,105.49,-134.85
67.160,True,106.03,-134.58
67.264,True,107.10,-133.89
67.360,True,107.52,-135.17
67.456,True,107.16,-138.05
67.557,True,105.57,-139.13
67.656,True,105.56,-139.68
67.756,True,105.73,-141.79
67.861,True,107.34,-140.36
67.964,True,107.80,-139.32
68.064,True,107.84,-140.31
68.168,True,108.15,-140.74
68.262,True,107.36,-141.56
68.364,True,102.57,-140.49
68.470,True,99.48,-137.73
68.559,True,99.82,-137.95
68.663,True,100.44,-135.80
68.758,True,98.92,-132.98
68.867,True,96.91,-131.17
68.965,True,94.64,-130.73
69.066,True,91.79,-131.63
69.165,True,92.97,-132.32
69.259,True,97.96,-135.57
69.359,True,100.17,-136.25
69.465,True,101.59,-134.34
69.557,True,97.50,-132.76
69.659,True,92.04,-130.93
69.769,True,90.19,-129.96
69.871,True,95.62,-127.16
69.960,True,108.34,-127.14
70.061,True,113.69,-127.90
70.163,True,116.58,-129.35
70.265,True,116.87,-131.01
70.360,True,116.54,-132.10
70.465,True,116.77,-132.84
70.558,True,117.20,-134.98
70.666,True,116.42,-137.58
70.762,True,114.29,-139.96
70.859,True,113.42,-141.32
70.967,True,114.19,-141.60
71.070,True,114.77,-142.36
71.158,True,115.90,-143.13
71.257,True,116.80,-144.65
71.363,True,116.20,-145.21
71.456,True,115.25,-145.95
71.560,True,115.55,-146.47
71.662,True,115.25,-146.35
71.758,True,113.80,-147.45
71.858,True,112.06,-145.91
71.965,True,114.29,-141.29
72.056,True,117.56,-137.78
72.163,True,114.31,-137.58
72.257,True,111.71,-137.93
72.369,True,108.89,-139.06
72.463,True,107.06,-137.73
72.557,True,106.09,-139.66
72.660,True,104.41,-140.75
72.767,True,102.40,-141.75
72.859,True,107.65,-146.35
72.963,True,111.21,-149.80
73.066,True,111.50,-147.72
73.161,True,110.93,-144.04
73.265,True,106.99,-140.98
73.365,True,104.18,-135.19
73.460,True,103.09,-132.64
73.556,True,106.39,-135.88
73.659,True,108.02,-138.06
73.763,True,107.30,-140.94
73.863,True,108.63,-141.40
73.960,True,111.31,-142.18
74.057,True,112.96,-142.21
74.156,True,113.09,-140.56
74.258,True,113.36,-139.55
74.364,True,113.46,-139.65
74.457,True,111.73,-140.78
74.569,True,119.39,-102.82
74.663,True,109.95,-70.17
74.757,True,123.39,-126.35
74.857,True,78.62,-105.86
74.971,True,62.69,-94.81
75.068,True,48.54,-94.55
75.161,True,51.01,-93.10
75.256,True,51.32,-94.89
75.360,True,50.64,-94.62
75.465,True,48.00,-91.49
75.570,True,46.70,-91.22
75.662,True,45.32,-92.71
75.763,True,46.86,-93.83
75.858,False,625.38,5008.79
75.969,True,67.72,-90.85
76.064,True,28.68,-76.04
76.165,True,29.43,-62.37
76.256,True,35.38,-62.65
76.361,True,40.65,-68.31
76.467,True,42.61,-70.19
76.564,True,49.94,-73.76
76.669,True,53.42,-77.14
76.764,True,54.73,-79.88
76.864,True,59.32,-78.24
76.958,True,65.60,-81.73
77.063,True,64.72,-86.83
77.158,True,61.89,-88.40
77.265,True,59.07,-88.75
77.357,True,56.39,-85.96
77.466,True,52.16,-87.57
77.563,True,49.96,-88.07
77.668,True,47.96,-85.74
77.758,True,49.01,-85.96
77.862,True,54.93,-85.62
77.958,True,59.84,-85.65
78.065,True,49.67,-92.37
78.163,True,46.80,-93.63
78.263,True,54.21,-87.89
78.367,True,59.86,-85.75
78.461,True,58.78,-85.90
78.568,True,56.80,-85.56
78.660,True,54.65,-85.59
78.763,True,50.28,-87.03
78.868,True,49.74,-88.29
78.961,True,50.29,-88.07
79.069,True,50.77,-89.15
79.164,True,51.08,-91.84
79.260,True,51.14,-95.20
79.364,True,49.30,-96.92
79.463,True,46.68,-100.01
79.568,True,3.72,-170.24
79.656,True,-41.78,-204.03
79.759,True,-86.05,-194.97
79.861,True,56.55,-118.47
79.961,True,52.87,-120.43
80.067,True,53.57,-117.24
80.160,True,57.71,-113.37
80.259,True,61.24,-110.64
80.368,True,61.24,-106.04
80.456,True,59.66,-104.98
80.563,True,60.05,-105.75
80.664,True,70.08,-101.90
80.763,True,61.28,-103.43
80.861,True,54.33,-109.11
80.966,True,56.84,-109.63
81.063,True,71.67,-110.31
81.165,True,75.90,-110.31
81.262,True,76.90,-109.54
81.362,True,77.52,-109.39
81.469,True,78.29,-110.37
81.557,True,78.28,-111.49
81.666,True,78.12,-110.22
81.766,True,78.30,-109.57
81.858,True,78.71,-108.95
81.966,True,76.23,-107.37
82.056,True,75.29,-102.38
82.169,True,75.61,-101.48
82.259,True,77.05,-100.97
82.363,True,73.12,-102.90
82.457,True,67.08,-104.00
82.561,True,59.18,-106.27
82.665,True,67.82,-102.91
82.760,True,68.99,-102.94
82.869,True,69.87,-102.39
82.965,True,67.73,-100.59
83.057,True,54.44,-101.14
83.163,True,43.53,-108.84
83.262,True,46.60,-107.93
83.357,True,61.32,-103.06
83.470,True,68.54,-101.26
83.566,True,71.02,-99.84
83.661,True,72.79,-101.25
83.765,True,75.64,-101.96
83.864,True,76.62,-102.15
83.969,True,75.41,-100.40
84.066,True,75.91,-102.02
84.159,True,77.33,-104.65
84.257,True,77.30,-106.03
84.361,True,77.61,-110.39
84.457,True,78.21,-112.44
84.573,True,77.72,-116.55
84.668,True,77.33,-117.16
84.759,True,78.05,-115.52
84.868,True,79.35,-115.15
84.967,True,78.61,-116.39
85.063,True,76.84,-117.78
85.158,True,75.92,-114.41
85.259,True,74.68,-114.35
85.367,True,74.43,-124.24
85.466,True,87.31,-144.42
85.566,True,40.76,-116.38
85.661,True,34.80,-110.96
85.763,True,35.77,-108.45
85.863,True,41.28,-103.78
85.958,True,73.37,-94.03
86.067,True,83.50,-93.81
86.169,True,114.80,-141.64
86.257,True,97.32,-125.05
86.363,True,87.53,-102.85
86.460,True,92.60,-107.94
86.569,True,117.90,-150.41
86.666,True,116.55,-151.75
86.767,True,114.65,-152.04
86.864,True,112.73,-151.00
86.958,True,103.22,-133.44
87.068,True,88.11,-109.69
87.164,True,84.57,-104.46
87.259,True,86.98,-104.78
87.367,True,92.73,-108.06
87.469,True,89.49,-99.58
87.560,True,90.94,-103.34
87.661,True,90.82,-106.78
87.758,True,88.26,-105.81
87.866,True,102.65,-131.98
87.962,True,102.17,-128.86
88.060,True,97.44,-121.03
88.160,True,88.04,-108.14
88.267,True,83.64,-103.17
88.359,True,81.68,-103.75
88.456,True,81.17,-102.24
88.559,True,81.70,-102.49
88.659,True,80.98,-101.28
88.765,True,77.09,-97.49
88.861,True,63.00,-112.36
88.958,True,62.55,-155.52
89.064,True,81.72,-193.67
89.160,True,66.57,-150.81
89.257,True,66.16,-122.20
89.368,True,64.00,-94.35
89.463,True,67.17,-85.41
89.563,True,615.49,4901.31
89.668,True,91.91,-221.40
89.758,True,69.49,-128.81
89.861,True,59.40,-98.72
89.973,True,50.88,-94.78
90.066,True,43.81,-94.03
90.165,True,44.37,-95.00
90.267,True,48.51,-92.83
90.362,True,49.25,-94.30
90.463,True,47.51,-96.10
90.560,True,47.76,-96.91
90.658,True,49.77,-99.50
90.766,True,56.25,-97.50
90.864,True,60.22,-95.90
90.966,True,64.43,-98.90
91.063,True,67.06,-106.30
91.165,True,68.46,-107.26
91.259,True,70.27,-98.96
91.356,True,74.10,-102.54
91.464,True,72.82,-101.44
91.559,True,65.92,-93.33
91.657,True,62.68,-89.47
91.759,True,64.81,-88.50
91.865,True,67.62,-86.66
91.969,True,72.25,-87.20
92.065,True,76.80,-85.96
92.168,True,81.29,-83.91
92.271,True,80.39,-86.08
92.364,True,80.58,-89.73
92.472,True,81.55,-92.39
92.565,True,81.14,-94.65
92.657,True,79.52,-98.23
92.761,True,78.69,-100.64
92.864,True,78.79,-102.53
92.957,True,79.06,-104.93
93.060,True,79.55,-105.35
93.167,True,82.58,-104.78
93.263,True,85.06,-105.82
93.361,True,84.98,-106.36
93.463,True,83.53,-108.67
93.567,True,82.76,-109.14
93.663,True,80.65,-109.22
93.758,True,81.12,-107.25
93.866,True,80.83,-99.49
93.967,True,79.72,-97.72
94.066,True,75.57,-97.30
94.170,True,74.54,-97.58
94.260,True,74.79,-97.54
94.367,True,73.51,-97.26
94.465,True,71.31,-101.99
94.565,True,70.62,-111.80
94.668,True,72.12,-117.90
94.760,True,74.25,-116.62
94.868,True,79.58,-114.65
94.966,True,83.00,-109.72
95.061,True,83.08,-109.87
95.165,True,83.41,-109.54
95.261,True,82.45,-110.20
95.367,True,80.86,-110.82
95.462,True,79.16,-109.89
95.560,True,79.36,-106.51
95.666,True,78.55,-106.08
95.759,True,78.30,-104.89
95.866,True,77.58,-105.11
95.957,True,77.37,-105.35
96.064,True,78.58,-104.64
96.166,True,79.62,-103.20
96.257,True,80.79,-103.74
96.368,True,80.79,-106.51
96.464,True,80.43,-109.26
96.560,True,79.35,-110.96
96.661,True,79.97,-113.86
96.757,True,79.77,-114.41
96.862,True,80.46,-117.00
96.965,True,90.58,-161.43
97.065,True,86.47,-124.97
97.166,True,81.92,-109.60
97.269,True,82.51,-102.52
97.365,True,80.78,-100.80
97.460,True,80.95,-98.37
97.565,True,81.36,-97.60
97.666,True,79.51,-98.05
97.759,True,77.97,-99.45
97.866,True,77.81,-103.09
97.961,True,74.90,-103.24
98.065,True,70.51,-101.83
98.166,True,72.66,-101.54
98.259,True,75.53,-100.91
98.366,True,74.03,-97.00
98.461,True,71.31,-96.31
98.566,True,70.47,-95.53
98.664,True,71.57,-95.92
98.770,True,74.00,-97.79
98.868,True,76.24,-99.92
98.962,True,80.21,-103.32
99.061,True,83.07,-103.30
99.166,True,85.51,-102.74
99.262,True,84.51,-102.31
99.366,True,84.49,-102.20
99.458,True,85.14,-102.49
99.559,True,87.67,-121.11
99.662,True,90.62,-138.51
99.756,True,107.76,-162.20
99.868,True,114.37,-171.55
99.961,True,116.18,-170.99
100.069,True,109.45,-168.97
100.163,True,104.93,-168.95
100.257,True,102.48,-170.08
100.368,True,100.89,-170.41
100.465,True,100.12,-171.03
100.568,True,98.68,-172.69
100.666,True,95.63,-161.73
100.758,True,93.35,-156.12
100.868,True,92.24,-155.89
100.957,True,91.33,-153.67
101.060,True,89.52,-147.96
101.162,True,90.23,-146.67
101.258,True,90.07,-147.88
101.362,True,91.31,-146.42
101.459,True,90.42,-147.97
101.567,True,89.15,-154.60
101.662,True,89.19,-159.62
101.756,True,90.90,-159.14
101.865,True,95.29,-163.13
101.962,True,95.18,-162.59
102.064,True,94.40,-158.99
102.164,True,93.92,-157.37
102.270,True,95.00,-155.50
102.364,True,96.82,-155.03
102.463,True,99.77,-153.30
102.567,True,101.87,-152.31
102.658,True,103.25,-152.22
102.761,True,102.35,-155.07
102.863,True,101.89,-153.73
102.965,True,100.70,-152.86
103.056,True,100.32,-152.96
103.164,True,97.91,-153.94
103.258,True,96.08,-157.11
103.367,True,95.86,-162.48
103.462,True,97.08,-164.48
103.571,True,98.58,-164.03
103.659,True,99.80,-164.84
103.757,True,100.10,-166.52
103.865,True,100.13,-166.82
103.960,True,98.00,-166.23
104.065,True,98.49,-160.60
104.160,True,97.48,-161.18
104.265,True,96.82,-155.24
104.357,True,96.67,-153.65
104.458,True,94.50,-153.26
104.566,True,91.31,-156.15
104.662,True,90.49,-156.98
104.757,True,91.41,-161.78
104.860,True,89.89,-165.66
104.958,True,90.78,-167.57
105.067,True,-7.15,-122.08
105.166,True,-13.84,-116.23
105.256,True,-5.98,-126.65
105.367,True,45.73,-139.81
105.459,True,45.66,-146.58
105.568,True,23.46,-142.72
105.663,True,16.97,-140.60
105.756,True,20.98,-142.03
105.867,True,23.23,-142.54
105.964,True,54.10,-150.42
106.070,True,88.79,-151.87
106.164,True,90.43,-148.03
106.256,True,90.87,-148.75
106.357,True,93.33,-150.87
106.463,True,98.66,-149.87
106.557,True,99.00,-149.54
106.662,True,98.46,-149.22
106.762,True,98.87,-146.96
106.867,True,99.99,-145.60
106.966,True,100.47,-145.32
107.056,True,99.77,-145.66
107.159,True,99.64,-148.36
107.265,True,100.30,-148.40
107.365,True,101.81,-150.85
107.457,True,101.33,-153.79
107.570,True,101.12,-154.68
107.670,True,102.50,-155.02
107.766,True,101.05,-153.05
107.857,True,91.00,-142.24
107.964,True,90.76,-123.54
108.068,True,92.70,-172.15
108.168,True,93.65,-151.63
108.259,True,93.69,-138.84
108.365,True,99.48,-129.14
108.464,True,103.03,-128.28
108.569,True,104.60,-128.59
108.664,True,103.84,-131.62
108.764,True,101.30,-135.04
108.868,True,99.69,-137.44
108.964,True,101.90,-149.21
109.060,True,102.96,-159.45
109.165,True,103.48,-162.08
109.258,True,104.97,-161.43
109.368,True,106.41,-162.71
109.467,True,106.67,-161.72
109.560,True,106.10,-160.41
109.667,True,103.06,-160.74
109.756,True,101.61,-161.92
109.864,True,104.10,-161.46
109.960,True,104.79,-160.94
110.064,True,106.13,-160.05
110.163,True,107.31,-159.41
110.269,True,109.61,-157.77
110.362,True,108.37,-153.49
110.456,True,105.84,-149.91
110.561,True,106.59,-147.45
110.669,True,105.06,-149.33
110.760,True,102.59,-149.29
110.860,True,102.79,-149.42
110.957,True,103.86,-150.41
111.059,True,104.70,-149.37
111.163,True,105.08,-151.79
111.263,True,104.19,-155.92
111.358,True,102.08,-154.94
111.472,True,101.50,-153.90
111.559,True,101.79,-154.13
111.667,True,102.04,-145.18
111.768,True,96.74,-169.36
111.858,True,52.27,-100.64
111.959,True,75.83,-57.63
112.057,True,86.48,-80.83
112.161,True,92.54,-86.75
112.262,True,93.51,-93.21
112.357,True,93.43,-111.72
112.465,True,94.79,-125.83
112.565,True,101.74,-130.77
112.660,True,105.42,-130.32
112.763,True,98.26,-132.10
112.858,True,93.39,-131.01
112.964,True,94.03,-129.49
113.064,True,93.86,-131.15
113.159,True,94.92,-134.09
113.256,True,98.60,-136.43
113.371,True,100.55,-138.58
113.465,True,99.53,-140.45
113.563,True,97.77,-143.30
113.665,True,98.79,-143.20
113.759,True,99.11,-142.98
113.859,True,99.71,-144.85
113.961,True,98.80,-146.67
114.069,True,98.65,-146.02
114.157,True,98.15,-145.37
114.259,True,97.46,-146.19
114.365,True,97.55,-145.62
114.461,True,98.83,-146.40
114.562,True,98.57,-145.93
114.659,True,97.66,-147.61
114.756,True,95.77,-148.59
114.860,True,95.74,-147.44
114.964,True,95.00,-146.48
115.066,True,98.61,-140.67
115.161,True,100.64,-135.04
115.256,True,107.41,-135.83
115.356,True,114.47,-138.70
115.457,True,109.39,-139.64
115.557,True,104.41,-139.74
115.665,True,101.76,-141.65
115.766,True,99.38,-143.51
115.858,True,99.55,-144.49
115.961,True,99.23,-146.56
116.067,True,98.37,-147.89
116.162,True,102.44,-149.82
116.257,True,103.54,-151.20
116.362,True,103.19,-150.40
116.464,True,100.25,-151.43
116.566,True,97.39,-151.62
116.662,True,98.13,-151.74
116.762,True,97.46,-150.15
116.863,True,97.78,-148.88
116.959,True,99.15,-149.08
117.065,True,99.63,-144.96
117.162,True,97.38,-144.64
117.273,True,104.31,-147.44
117.364,True,107.88,-148.12
117.469,True,108.27,-147.95
117.556,True,108.49,-147.12
117.661,True,109.18,-150.04
117.763,True,109.61,-153.29
117.862,True,109.54,-155.11
117.958,True,109.15,-155.22
118.065,True,109.31,-156.54
118.160,True,108.04,-156.68
118.263,True,106.45,-156.64
118.361,True,107.04,-157.60
118.459,True,107.81,-157.75
118.557,True,108.48,-156.55
118.664,True,107.42,-149.46
118.765,True,98.42,-137.90
118.865,True,93.80,-138.90
118.967,True,90.47,-138.57
119.064,True,90.63,-141.85
119.172,True,105.11,-150.03
119.268,True,109.38,-152.21
119.363,True,111.80,-150.52
119.463,True,104.95,-149.69
119.561,True,100.80,-150.18
119.658,True,99.43,-149.73
119.768,True,99.87,-149.87
119.864,True,98.98,-151.65
119.957,True,99.37,-151.34
120.063,True,99.88,-152.59
120.160,True,100.18,-150.74
120.267,True,100.86,-147.40
120.363,True,101.86,-148.29
120.459,True,101.89,-147.45
120.563,True,100.30,-148.57
120.657,True,98.48,-148.27
120.763,True,96.67,-148.43
120.858,True,94.96,-149.78
120.959,True,92.78,-152.56
121.059,True,92.15,-153.09
121.168,True,93.37,-154.33
121.258,True,92.28,-155.18
121.360,True,93.14,-155.12
121.470,True,93.74,-156.79
121.559,True,93.81,-160.33
121.660,True,92.06,-161.41
121.756,True,97.64,-164.72
121.865,True,106.52,-155.14
121.968,True,105.08,-155.67
122.062,True,102.59,-157.67
122.159,True,101.37,-158.13
122.271,True,100.01,-158.73
122.366,True,98.16,-157.30
122.463,True,100.27,-162.61
122.570,True,99.83,-161.83
122.662,True,99.23,-158.14
122.767,True,100.30,-149.74
122.859,True,101.57,-147.40
122.969,True,104.49,-148.46
123.060,True,106.53,-155.48
123.165,True,108.70,-156.26
123.264,True,108.53,-157.29
123.366,True,107.68,-158.25
123.458,True,106.92,-157.36
123.556,True,105.88,-156.40
123.663,True,105.59,-157.14
123.759,True,105.14,-157.43
123.860,True,103.85,-159.10
123.961,True,102.28,-159.11
124.067,True,101.55,-157.24
124.163,True,102.23,-154.46
124.261,True,102.56,-156.96
124.365,True,100.13,-161.21
124.458,True,98.49,-162.40
124.570,True,99.98,-163.47
124.668,True,99.09,-163.37
124.760,True,99.19,-164.04
124.868,True,98.36,-168.14
124.959,True,99.58,-166.79
125.069,True,101.78,-158.71
125.157,True,103.05,-152.67
125.259,True,105.29,-143.29
125.362,True,103.86,-137.93
125.465,True,102.57,-138.80
125.562,True,106.47,-148.02
125.668,True,107.43,-162.59
125.762,True,105.52,-168.87
125.869,True,103.61,-168.32
125.959,True,104.97,-160.54
126.056,True,106.99,-153.99
126.167,True,107.94,-147.07
126.261,True,108.34,-144.39
126.358,True,106.21,-147.10
126.465,True,124.51,-143.68
126.559,True,122.66,-150.63
126.664,True,119.51,-153.33
126.759,True,113.32,-149.18
126.863,True,110.39,-142.51
126.959,True,112.39,-145.99
127.065,True,114.13,-148.00
127.164,True,108.70,-139.56
127.267,True,99.87,-134.49
127.359,True,97.83,-133.99
127.462,True,97.36,-139.21
127.558,True,94.14,-143.76
127.666,True,93.23,-149.68
127.757,True,93.14,-152.50
127.863,True,93.21,-153.66
127.958,True,93.58,-155.16
128.067,True,94.22,-155.48
128.164,True,93.50,-155.21
128.261,True,92.56,-151.32
128.366,True,91.00,-151.19
128.459,True,90.81,-149.62
128.569,True,84.59,-142.76
128.659,True,79.79,-129.66
128.758,True,78.36,-96.31
128.858,True,102.46,-126.81
128.964,True,101.88,-142.54
129.056,True,100.26,-143.98
129.167,False,565.77,4693.61
129.266,False,571.13,4707.55
129.358,True,167.32,-108.69
129.468,True,149.80,-127.60
129.562,True,136.73,-122.05
129.668,True,136.03,-113.52
129.758,True,71.41,-109.42
129.867,True,54.42,-102.55
129.965,True,56.85,-97.70
130.058,True,59.15,-97.15
130.159,True,59.58,-96.79
130.266,True,61.53,-98.69
130.368,True,62.32,-99.64
130.459,True,72.73,-100.89
130.572,True,82.19,-101.73
130.669,True,84.51,-101.57
130.760,True,87.78,-99.80
130.861,True,81.72,-98.51
130.957,True,77.53,-100.06
131.059,True,77.27,-100.67
131.165,True,78.48,-100.70
131.259,True,76.73,-103.13
131.363,True,75.09,-103.89
131.461,True,75.72,-104.86
131.566,True,74.53,-104.76
131.660,True,73.81,-103.74
131.759,True,74.20,-103.07
131.869,True,75.34,-104.31
131.963,True,74.05,-105.64
132.056,True,73.74,-106.85
132.162,True,71.28,-105.39
132.256,True,58.33,-107.56
132.364,True,60.92,-108.19
132.457,True,69.95,-110.89
132.559,True,70.92,-119.52
132.660,True,70.02,-122.13
132.756,True,71.20,-123.37
132.861,True,77.08,-108.57
132.962,True,79.05,-100.94
133.058,True,78.74,-96.70
133.158,True,78.42,-95.83
133.268,True,78.39,-95.96
133.366,True,78.30,-96.00
133.464,True,83.50,-93.56
133.567,True,89.43,-90.74
133.663,True,87.22,-93.32
133.771,True,219.68,-138.20
133.862,True,229.04,-137.01
133.965,True,107.61,-131.14
134.059,True,78.58,-118.44
134.166,True,73.92,-111.44
134.270,True,73.19,-107.68
134.360,True,73.18,-110.45
134.468,True,76.27,-116.90
134.565,True,95.67,-156.23
134.667,True,90.43,-145.16
134.764,True,91.85,-144.54
134.858,True,105.25,-165.46
134.961,True,107.93,-166.21
135.065,True,110.69,-164.65
135.157,True,103.72,-169.06
135.262,True,100.49,-167.89
135.359,True,98.45,-168.08
135.464,True,97.17,-163.87
135.563,True,95.83,-153.73
135.659,True,86.81,-141.15
135.765,True,82.30,-138.47
135.857,True,84.60,-138.39
135.966,True,90.45,-139.75
136.065,True,91.13,-146.13
136.168,True,88.93,-165.51
136.269,True,89.60,-169.26
136.362,True,90.42,-166.53
136.458,True,93.23,-156.08
136.563,True,107.06,-145.34
136.658,True,111.48,-147.79
136.756,True,111.14,-149.57
136.860,True,111.25,-152.28
136.966,True,111.41,-154.46
137.056,True,112.40,-155.26
137.160,True,112.72,-154.54
137.268,True,112.18,-153.33
137.361,True,111.69,-151.87
137.460,True,111.69,-152.91
137.562,True,111.75,-154.97
137.666,True,111.14,-155.96
137.756,True,111.35,-158.67
137.868,True,110.41,-160.41
137.957,True,109.00,-163.20
138.057,True,107.53,-162.93
138.162,True,107.81,-161.88
138.257,True,107.85,-162.09
138.360,True,107.02,-161.96
138.469,True,106.65,-160.00
138.556,True,106.96,-158.92
138.663,True,106.12,-158.43
138.760,True,105.06,-154.03
138.865,True,106.14,-155.57
138.961,True,105.36,-155.50
139.060,True,104.39,-155.54
139.159,True,104.36,-153.98
139.265,True,105.53,-157.89
139.367,True,104.76,-158.26
139.463,True,104.63,-158.63
139.568,True,104.06,-161.27
139.662,True,105.58,-161.88
139.757,True,106.12,-163.12
139.864,True,103.80,-159.70
139.966,True,104.84,-150.95
140.061,True,107.22,-143.63
140.166,True,105.83,-131.16
140.257,True,100.92,-128.74
140.356,True,96.46,-130.03
140.460,True,96.71,-133.66
140.570,True,98.61,-142.75
140.662,True,102.25,-144.95
140.757,True,105.74,-147.63
140.859,True,109.65,-148.57
140.960,True,110.08,-149.59
141.065,True,110.24,-149.82
141.161,True,111.28,-148.56
141.256,True,112.14,-147.98
141.367,True,111.38,-148.95
141.465,True,112.63,-147.77
141.557,True,113.88,-146.81
141.658,True,114.54,-146.42
141.764,True,114.86,-145.26
141.857,True,115.45,-145.36
141.959,True,114.49,-146.20
142.056,True,113.91,-147.22
142.158,True,113.09,-146.09
142.263,True,112.66,-146.15
142.356,True,111.62,-139.45
142.464,True,112.83,-139.22
142.556,True,109.83,-125.54
142.663,True,104.50,-119.56
142.761,True,108.89,-120.90
142.856,True,115.77,-121.79
142.963,True,113.59,-123.70
143.067,True,105.48,-125.14
143.159,True,105.29,-125.75
143.258,True,111.47,-143.85
143.362,True,113.85,-156.30
143.462,True,116.13,-157.76
143.556,True,121.59,-156.72
143.660,True,123.37,-155.83
143.765,True,122.69,-154.52
143.858,True,122.33,-152.19
143.961,True,121.53,-149.93
144.066,True,121.23,-149.51
144.163,True,120.08,-149.93
144.268,True,120.41,-147.88
144.367,True,118.05,-148.47
144.457,True,116.37,-148.15
144.563,True,115.50,-147.97
144.663,True,114.25,-147.75
144.757,True,23.35,-171.69
144.868,True,-30.84,-226.57
144.961,True,21.43,-198.38
145.056,True,101.30,-119.22
145.160,True,92.05,-107.60
145.271,False,564.90,4627.99
145.366,False,562.55,4627.49
145.463,False,563.39,4621.50
145.565,False,562.74,4612.41
145.658,True,61.06,-368.49
145.758,True,41.30,-181.92
145.864,True,72.02,-196.74
145.962,True,64.89,-133.87
146.069,True,95.50,-150.92
146.158,True,104.19,-143.09
146.257,True,98.66,-137.40
146.364,True,88.08,-139.78
146.467,True,94.03,-103.03
146.562,True,103.66,-99.13
146.657,True,98.74,-117.30
146.758,True,93.02,-125.73
146.863,True,90.52,-127.52
146.959,True,86.59,-127.85
147.056,True,86.41,-131.25
147.164,True,85.68,-132.13
147.259,True,85.25,-136.78
147.360,True,84.92,-140.65
147.461,True,86.83,-141.77
147.567,True,88.71,-141.61
147.666,True,90.71,-141.70
147.763,True,94.11,-135.88
147.862,True,99.90,-124.31
147.958,True,101.59,-119.22
148.063,True,99.91,-115.48
148.167,True,96.10,-107.87
148.264,True,92.18,-102.97
148.363,True,89.53,-100.71
148.469,True,87.72,-102.14
148.564,True,88.89,-101.40
148.666,True,90.25,-99.87
148.769,True,90.50,-99.55
148.861,True,91.23,-100.54
148.956,True,92.43,-101.41
149.064,True,94.26,-101.87
149.156,True,97.08,-100.97
149.257,True,98.22,-100.51
149.366,True,99.80,-100.05
149.468,True,99.04,-100.74
149.564,True,82.52,-118.00
149.657,True,78.75,-122.29
149.756,True,77.39,-124.59
149.856,True,77.52,-126.69
149.960,True,78.83,-128.95
150.065,True,80.11,-128.81
150.163,True,79.87,-129.66
150.266,True,79.84,-129.32
150.365,True,79.70,-130.05
150.469,True,79.22,-133.45
150.558,True,83.10,-135.30
150.663,True,90.13,-127.64
150.763,True,95.23,-128.72
150.857,True,85.81,-135.36
150.957,True,86.63,-139.97
151.063,True,86.67,-143.52
151.160,True,87.55,-148.63
151.262,True,81.09,-146.59
151.365,True,78.56,-144.76
151.456,True,76.52,-144.92
151.568,True,72.86,-144.70
151.658,True,74.28,-147.37
151.766,True,78.08,-151.48
151.867,True,78.31,-151.74
151.960,True,77.31,-150.96
152.064,True,76.60,-149.70
152.169,True,75.04,-149.39
152.261,True,75.17,-149.20
152.366,True,78.20,-151.22
152.460,True,79.28,-153.99
152.566,True,80.72,-156.14
152.658,True,100.71,-143.94
152.761,True,99.63,-137.44
152.861,True,83.10,-139.35
152.964,True,85.48,-154.78
153.066,True,87.90,-160.66
153.158,True,90.28,-162.24
153.262,True,91.90,-163.83
153.357,True,92.63,-166.11
153.464,True,92.75,-164.90
153.562,True,91.25,-165.09
153.667,True,91.05,-166.45
153.764,True,91.32,-167.57
153.860,True,91.83,-165.34
153.964,True,94.12,-164.14
154.060,True,94.60,-164.17
154.170,True,95.51,-163.11
154.261,True,95.23,-163.74
154.361,True,95.34,-162.12
154.460,True,94.02,-163.00
154.562,True,91.54,-163.96
154.659,True,89.78,-165.20
154.762,True,89.33,-164.65
154.862,True,88.76,-156.75
154.958,True,86.59,-134.47
155.062,True,88.63,-145.45
155.158,True,87.95,-155.28
155.268,True,84.54,-157.41
155.357,True,84.06,-156.51
155.466,True,84.27,-155.76
155.563,True,86.76,-155.35
155.658,True,88.19,-153.55
155.767,True,89.14,-151.70
155.857,True,90.21,-150.95
155.957,True,91.02,-152.37
156.059,True,91.05,-151.66
156.161,True,91.02,-152.65
156.268,True,91.42,-151.02
156.364,True,90.71,-148.18
156.456,True,91.10,-150.16
156.567,True,91.32,-152.09
156.657,True,92.55,-152.03
156.763,True,93.20,-157.46
156.858,True,94.47,-163.00
156.969,True,97.24,-163.94
157.057,True,99.89,-160.83
157.163,True,99.64,-156.13
157.257,True,100.23,-154.09
157.356,True,99.13,-150.57
157.464,True,97.51,-149.85
157.561,True,97.03,-151.09
157.658,True,97.88,-131.14
157.767,True,98.40,-127.32
157.858,True,96.37,-129.87
157.966,True,102.86,-132.66
158.060,True,109.83,-134.75
158.163,True,110.23,-139.64
158.273,True,110.09,-150.72
158.358,True,106.89,-159.54
158.462,True,95.69,-162.38
158.566,True,92.64,-167.26
158.663,True,91.45,-169.54
158.769,True,90.70,-167.38
158.862,True,87.98,-166.36
158.969,True,86.74,-167.20
159.056,True,87.02,-166.38
159.163,True,88.20,-166.64
159.269,True,88.13,-167.88
159.364,True,89.02,-168.57
159.470,True,89.77,-168.55
159.564,True,89.78,-168.97
159.664,True,90.46,-166.67
159.768,True,112.03,-149.78
159.857,True,122.52,-145.21
159.957,True,121.31,-152.23
160.063,True,118.94,-153.13
160.165,True,117.98,-152.31
160.268,True,115.24,-152.50
160.365,True,115.19,-151.67
160.457,True,115.37,-151.80
160.564,True,115.66,-154.67
160.658,True,113.33,-156.33
160.762,True,107.28,-159.60
160.866,True,107.71,-158.37
160.958,True,104.45,-138.82
161.069,True,95.32,-140.25
161.163,True,107.02,-137.20
161.258,True,94.09,-151.46
161.368,True,46.15,-134.06
161.469,True,548.94,4561.21
161.560,True,81.60,-141.75
161.667,True,115.43,-113.39
161.764,True,108.60,-104.67
161.870,True,100.14,-106.45
161.966,True,102.25,-108.21
162.056,True,92.93,-125.73
162.160,True,84.12,-134.21
162.262,True,84.14,-130.36
162.362,True,84.67,-129.58
162.464,True,82.88,-126.85
162.557,True,79.34,-127.39
162.666,True,62.59,-118.97
162.757,True,41.88,-96.00
162.864,True,36.89,-96.92
162.964,True,36.76,-96.78
163.067,True,39.81,-99.31
163.165,True,39.50,-98.37
163.267,True,34.04,-94.44
163.359,True,34.62,-93.08
163.456,True,33.82,-92.17
163.557,True,33.50,-92.43
163.664,True,40.41,-95.61
163.758,True,43.23,-97.04
163.870,True,43.50,-97.61
163.958,True,40.66,-97.74
164.063,True,41.60,-99.72
164.158,True,43.62,-105.68
164.256,True,43.50,-107.68
164.358,True,44.25,-110.14
164.460,True,47.98,-112.15
164.558,True,50.34,-109.57
164.657,True,50.34,-109.56
164.756,True,47.96,-108.26
164.860,True,47.05,-106.24
164.964,True,45.59,-107.25
165.056,True,42.94,-107.99
165.169,True,41.01,-113.25
165.257,True,39.61,-116.44
165.363,True,36.10,-117.77
165.462,True,38.53,-120.91
165.562,True,40.51,-124.49
165.662,True,39.68,-130.16
165.757,True,40.25,-129.04
165.863,True,47.54,-116.30
165.958,True,48.65,-112.04
166.062,True,48.74,-109.81
166.167,True,48.62,-107.02
166.268,True,48.99,-104.77
166.365,True,49.36,-102.59
166.458,True,50.34,-102.28
166.560,True,50.94,-101.67
166.658,True,50.94,-101.86
166.760,True,52.16,-101.25
166.867,True,53.71,-100.49
166.960,True,55.02,-101.28
167.059,True,55.79,-100.28
167.161,True,57.11,-99.53
167.266,True,57.59,-101.83
167.365,True,48.82,-106.68
167.458,True,55.31,-105.49
167.564,True,57.41,-103.15
167.659,True,56.12,-106.97
167.762,True,55.02,-106.05
167.869,True,55.45,-104.94
167.972,True,50.41,-107.58
168.065,True,45.71,-109.74
168.162,True,44.24,-110.34
168.268,True,41.12,-110.29
168.362,True,41.91,-106.40
168.472,True,45.88,-99.84
168.561,True,158.74,-22.27
168.659,True,98.51,64.31
168.764,True,134.49,95.18
168.862,True,132.43,115.81
168.956,True,539.01,4549.79
169.063,True,97.90,102.44
169.164,True,537.75,4556.64
169.260,True,84.67,97.20
169.359,True,84.97,44.82
169.456,True,79.10,94.98
169.564,True,78.24,167.44
169.660,True,547.32,4591.19
169.763,True,-48.05,145.31
169.856,True,-55.79,154.02
169.966,True,-53.14,155.32
170.064,True,71.55,153.27
170.166,True,83.68,149.38
170.260,True,93.23,150.34
170.360,True,95.42,150.30
170.469,True,99.33,149.68
170.566,True,98.08,163.59
170.670,True,93.61,169.32
170.761,True,88.08,-135.30
170.864,True,82.72,-160.40
170.963,True,89.02,-83.68
171.056,True,99.82,-74.06
171.163,True,108.20,-74.97
171.266,True,111.12,-80.97
171.364,True,42.13,-107.69
171.467,True,40.75,-109.71
171.570,True,39.81,-111.51
171.663,True,37.06,-111.95
171.770,True,32.62,-109.50
171.867,True,31.06,-105.73
171.956,True,32.08,-106.40
172.062,True,34.84,-108.53
172.161,True,36.58,-107.02
172.261,True,34.73,-105.56
172.362,True,31.83,-105.08
172.460,True,33.23,-105.22
172.556,True,33.02,-104.94
172.663,True,34.99,-104.89
172.767,True,35.12,-102.68
172.862,True,34.75,-101.38
172.961,True,34.69,-100.59
173.067,True,37.23,-99.25
173.161,True,37.36,-93.27
173.257,True,35.21,-93.72
173.360,True,26.43,-94.72
173.458,True,23.25,-96.99
173.559,True,23.70,-98.32
173.661,True,23.88,-102.39
173.764,True,21.92,-105.76
173.864,True,22.71,-113.81
173.964,True,21.23,-117.93
174.058,True,31.47,-112.33
174.161,True,43.48,-103.89
174.269,True,315.05,-145.76
174.366,True,371.10,-162.94
174.470,True,361.09,-166.16
174.566,True,56.57,-112.44
174.658,True,54.79,-110.09
174.761,True,55.32,-106.93
174.864,True,53.02,-101.04
174.969,True,51.32,-102.05
175.064,True,51.17,-107.65
175.160,True,53.41,-104.88
175.260,True,56.10,-99.75
175.357,True,55.41,-105.07
175.459,True,46.71,-108.69
175.569,True,48.23,-109.01
175.658,True,50.96,-107.52
175.761,True,50.19,-107.35
175.856,True,49.54,-104.76
175.958,True,49.97,-101.34
176.056,True,43.72,-104.81
176.162,True,40.70,-106.79
176.261,True,46.32,-106.15
176.362,True,57.84,-101.04
176.464,True,51.99,-92.71
176.558,True,47.06,-85.30
176.664,True,47.58,-84.11
176.757,True,44.56,-91.98
176.864,True,34.54,-101.05
176.963,True,550.12,4571.07
177.072,True,137.38,-60.40
177.164,True,5.54,20.40
177.262,True,-16.58,19.57
177.366,True,552.63,4624.19
177.461,True,135.61,0.65
177.563,True,558.55,4632.33
177.661,True,15.44,19.68
177.756,True,-4.36,88.63
177.860,True,45.94,102.86
177.961,True,167.53,122.26
178.067,True,517.51,124.91
178.162,True,522.18,120.15
178.256,True,526.48,119.01
178.367,True,36.40,-14.62
178.463,True,41.44,-23.72
178.567,True,567.38,4702.75
178.657,True,568.88,4701.05
178.757,True,-225.88,98.12
178.863,True,563.46,4674.24
178.956,True,563.03,4683.94
179.067,True,106.79,-35.56
179.161,True,101.05,-34.14
179.267,True,94.07,-60.79
179.361,True,91.60,-72.32
179.457,True,94.92,-112.50
179.563,True,101.55,-112.54
179.666,True,100.25,-108.45
179.759,True,100.32,-108.65
179.867,True,101.65,-107.75
179.957,True,102.70,-98.31
180.068,True,105.63,-91.14
180.161,True,109.81,-92.06
180.261,True,110.80,-92.50
180.361,True,116.32,-121.22
180.458,True,119.74,-130.07
180.567,True,117.24,-121.90
180.659,True,116.61,-113.64
180.760,True,113.05,-112.36
180.860,True,105.17,-107.38
180.957,True,96.74,-101.70
181.060,True,66.57,-93.52
181.166,True,33.90,-87.98
181.264,True,32.45,-90.66
181.356,True,33.56,-91.76
181.465,True,37.13,-93.36
181.563,True,41.84,-92.92
181.674,True,45.64,-93.06
181.761,True,50.81,-92.03
181.859,True,50.89,-90.70
181.969,True,49.93,-94.82
182.059,True,50.23,-95.78
182.163,True,50.45,-96.77
182.260,True,54.19,-93.25
182.366,True,55.52,-96.83
182.460,True,55.57,-100.69
182.564,True,59.28,-101.81
182.660,True,62.12,-101.57
182.764,True,52.76,-99.71
182.864,True,47.93,-96.42
182.968,True,41.49,-91.69
183.068,True,45.83,-86.79
183.157,True,54.77,-87.79
183.259,True,53.97,-90.72
183.366,True,56.94,-92.32
183.463,True,59.35,-94.07
183.563,True,58.03,-97.66
183.668,True,55.82,-101.72
183.767,True,54.96,-104.64
183.858,True,41.18,-112.13
183.969,True,31.08,-125.26
184.065,True,50.27,-129.06
184.156,True,62.09,-122.26
184.259,True,67.14,-117.00
184.365,True,70.15,-113.44
184.456,True,73.26,-110.00
184.560,True,71.84,-107.17
184.665,True,72.37,-101.74
184.757,True,71.96,-99.18
184.860,True,70.45,-97.74
184.968,True,69.70,-96.02
185.065,True,69.81,-96.71
185.158,True,69.49,-98.25
185.272,True,69.08,-99.51
185.367,True,68.88,-98.85
185.463,True,69.47,-98.09
185.565,True,70.48,-98.89
185.661,True,71.60,-97.86
185.770,True,71.52,-96.62
185.861,True,71.96,-96.46
185.960,True,71.58,-95.66
186.060,True,71.01,-95.24
186.165,True,71.17,-95.33
186.269,True,69.34,-97.24
186.361,True,67.70,-99.50
186.456,True,63.75,-98.64
186.565,True,58.33,-88.95
186.657,True,56.27,-81.57
186.758,True,57.56,-76.02
186.866,True,56.78,-78.73
186.968,True,57.23,-84.46
187.072,True,57.06,-86.48
187.166,True,56.07,-91.20
187.263,True,50.79,-91.11
187.364,True,53.74,-89.39
187.459,True,59.76,-89.32
187.567,True,68.72,-92.24
187.663,True,69.53,-96.52
187.758,True,71.73,-99.18
187.863,True,76.68,-99.25
187.965,True,77.74,-100.81
188.058,True,76.80,-101.71
188.159,True,74.78,-99.88
188.261,True,74.17,-101.01
188.363,True,73.08,-100.81
188.463,True,72.79,-100.79
188.565,True,72.55,-100.04
188.663,True,72.33,-102.20
188.758,True,72.22,-106.63
188.868,True,72.59,-112.92
188.961,True,72.77,-113.28
189.063,True,73.16,-118.17
189.166,True,73.47,-117.53
189.259,True,73.05,-117.57
189.367,True,72.62,-114.66
189.461,True,72.28,-112.79
189.571,True,71.99,-107.29
189.664,True,70.64,-106.12
189.758,True,68.42,-100.84
189.863,True,70.62,-99.99
189.964,True,69.70,-97.42
190.056,True,68.58,-98.81
190.167,True,66.44,-99.13
190.258,True,58.20,-95.76
190.366,True,57.28,-94.88
190.460,True,58.61,-93.27
190.565,True,60.39,-91.52
190.658,True,49.17,-100.73
190.770,True,49.78,-121.39
190.864,True,64.68,-118.03
190.960,True,74.24,-110.35
191.063,True,78.11,-105.69
191.158,True,80.81,-100.57
191.264,True,82.84,-104.28
191.366,True,83.33,-106.68
191.460,True,85.94,-108.81
191.569,True,86.98,-109.13
191.665,True,86.45,-107.53
191.759,True,83.81,-106.97
191.863,True,84.01,-105.62
191.960,True,82.35,-105.68
192.069,True,81.93,-105.20
192.166,True,83.16,-106.84
192.256,True,83.30,-106.90
192.356,True,83.14,-108.07
192.461,True,81.86,-107.74
192.568,True,79.26,-107.64
192.665,True,76.99,-110.05
192.759,True,72.37,-111.52
192.868,True,67.53,-116.98
192.958,True,65.27,-122.75
193.069,True,62.89,-121.50
193.160,True,60.33,-120.18
193.260,True,60.32,-116.83
193.361,True,60.87,-110.77
193.459,True,61.47,-101.06
193.558,True,100.89,-96.57
193.666,True,528.19,4583.73
193.761,True,133.99,-126.82
193.856,True,80.71,-101.55
193.968,True,528.27,4594.26
194.066,True,78.20,-122.85
194.156,True,517.65,4562.20
194.256,True,55.46,-118.97
194.361,True,36.46,-119.40
194.458,True,61.24,-99.38
194.557,True,65.77,-92.88
194.662,True,60.06,-96.28
194.769,True,517.78,4582.37
194.864,True,65.55,-149.03
194.971,True,43.11,-148.54
195.063,True,35.60,-141.32
195.157,True,32.14,-119.55
195.266,True,31.79,-119.28
195.357,True,28.59,-120.38
195.464,True,25.02,-125.06
195.564,True,24.31,-132.30
195.659,True,23.39,-145.02
195.769,True,24.58,-153.41
195.857,True,27.28,-155.98
195.961,True,29.42,-159.31
196.067,True,28.13,-163.64
196.158,True,31.63,-171.23
196.269,True,35.33,-169.81
196.375,True,43.03,-162.41
196.457,True,43.60,-164.07
196.568,True,41.03,-171.35
196.663,True,35.84,-147.13
196.763,True,33.94,-136.69
196.858,True,34.27,-132.76
196.967,True,41.16,-124.95
197.066,True,46.89,-115.48
197.160,True,50.18,-114.74
197.256,True,56.62,-111.81
197.356,True,61.11,-109.80
197.466,True,61.55,-111.88
197.557,True,61.66,-113.41
197.666,True,63.18,-112.61
197.761,True,62.31,-114.51
197.856,True,60.55,-116.30
197.966,True,61.54,-114.62
198.068,True,62.53,-111.25
198.159,True,63.37,-109.09
198.269,True,62.42,-108.69
198.367,True,61.96,-109.07
198.470,True,60.46,-109.52
198.560,True,59.54,-110.25
198.659,True,59.29,-109.51
198.763,True,57.21,-104.55
198.862,True,56.57,-103.91
198.964,True,49.68,-100.53
199.059,True,47.52,-95.19
199.169,True,50.33,-95.54
199.261,True,47.59,-95.90
199.365,True,45.93,-101.30
199.458,True,30.32,-113.84
199.558,True,22.23,-118.64
199.668,True,20.01,-119.70
199.758,True,18.91,-121.30
199.863,True,19.62,-122.04
199.957,True,22.20,-125.78
200.063,True,28.67,-150.98
200.161,True,32.91,-148.71
200.264,True,55.84,-128.65
200.359,True,62.65,-121.19
200.458,True,65.51,-112.86
200.557,True,68.70,-110.72
200.662,True,73.62,-111.04
200.756,True,74.48,-110.20
200.860,True,75.15,-109.30
200.969,True,73.88,-108.96
201.064,True,72.19,-109.76
201.157,True,70.35,-109.73
201.260,True,69.69,-111.79
201.367,True,69.96,-111.63
201.458,True,70.47,-112.06
201.556,True,70.54,-112.14
201.657,True,72.49,-112.12
201.757,True,72.29,-109.97
201.864,True,72.36,-107.49
201.963,True,72.81,-109.28
202.059,True,72.59,-111.74
202.163,True,70.62,-112.97
202.260,True,69.93,-113.90
202.369,True,70.07,-113.58
202.461,True,64.14,-112.03
202.571,True,47.69,-113.52
202.664,True,39.89,-104.43
202.757,True,37.23,-102.68
202.862,True,34.49,-104.23
202.963,True,26.60,-105.91
203.059,True,26.86,-108.88
203.169,True,43.79,-114.45
203.263,True,51.27,-122.62
203.368,True,54.11,-132.75
203.466,True,54.64,-134.99
203.556,True,54.83,-134.79
203.656,True,55.76,-134.97
203.757,True,50.26,-138.27
203.862,True,48.15,-135.26
203.963,True,53.18,-135.97
204.073,True,60.23,-133.79
204.167,True,60.92,-133.28
204.262,True,59.78,-139.16
204.357,True,61.38,-127.61
204.466,True,62.40,-115.32
204.568,True,68.85,-114.38
204.666,True,72.06,-109.27
204.761,True,71.19,-108.33
204.857,True,70.41,-106.18
204.965,True,73.33,-104.39
205.063,True,76.20,-105.05
205.160,True,76.51,-105.37
205.266,True,76.56,-105.69
205.356,True,77.72,-106.64
205.468,True,79.96,-107.98
205.560,True,81.16,-110.29
205.667,True,80.52,-109.01
205.758,True,79.99,-110.10
205.858,True,79.84,-111.28
205.966,True,80.69,-110.68
206.067,True,87.24,-111.80
206.159,True,89.79,-113.74
206.263,True,89.94,-116.57
206.356,True,84.14,-116.76
206.461,True,78.01,-114.17
206.567,True,77.81,-114.12
206.656,True,76.75,-115.31
206.767,True,72.88,-115.54
206.860,True,69.46,-115.94
206.967,True,69.71,-114.86
207.068,True,69.55,-114.84
207.164,True,68.59,-113.65
207.262,True,65.51,-114.07
207.356,True,61.58,-117.42
207.465,True,58.83,-118.35
207.558,True,56.17,-119.56
207.668,True,53.86,-115.62
207.764,True,56.39,-120.47
207.858,True,58.00,-133.60
207.958,True,59.99,-123.08
208.058,True,62.60,-113.56
208.163,True,66.32,-109.68
208.263,True,70.71,-107.76
208.358,True,71.87,-105.73
208.463,True,74.45,-104.41
208.567,True,75.05,-104.23
208.663,True,76.02,-104.09
208.757,True,75.15,-103.28
208.869,True,75.15,-102.09
208.969,True,76.00,-103.02
209.064,True,76.51,-102.34
209.167,True,78.42,-97.53
209.260,True,80.53,-96.35
209.364,True,72.65,-96.47
209.468,True,65.26,-96.34
209.562,True,68.85,-97.49
209.667,True,64.89,-93.26
209.761,True,62.42,-90.37
209.862,True,95.12,-114.78
209.963,True,102.67,-117.08
210.058,True,97.68,-124.11
210.156,True,99.01,-128.50
210.268,True,80.65,-119.66
210.358,True,92.98,-122.79
210.465,True,89.47,-118.60
210.569,True,59.73,-102.55
210.666,True,492.36,4493.02
210.758,True,87.01,-119.87
210.868,True,76.07,-90.59
210.960,True,50.49,-87.31
211.072,True,48.85,-86.51
211.157,True,43.80,-87.98
211.262,True,34.07,-99.55
211.358,True,30.61,-105.49
211.461,True,28.22,-111.52
211.562,True,28.13,-115.83
211.668,True,35.15,-120.94
211.760,True,34.80,-118.84
211.863,True,492.28,4486.91
211.957,True,490.88,4484.34
212.067,True,59.20,-129.99
212.169,True,499.00,4503.37
212.268,True,55.35,-138.66
212.372,True,41.41,-120.11
212.459,True,27.75,-105.71
212.559,True,30.06,-109.81
212.662,True,32.42,-112.22
212.762,True,33.04,-113.99
212.866,True,34.74,-114.41
212.961,True,36.19,-118.56
213.067,True,25.91,-118.55
213.161,True,19.28,-124.17
213.265,True,30.55,-138.66
213.366,True,55.06,-137.95
213.461,True,59.61,-136.41
213.568,True,63.02,-134.18
213.663,True,44.46,-147.15
213.757,True,40.00,-156.02
213.863,True,42.30,-135.73
213.967,True,56.88,-108.67
214.062,True,62.34,-110.74
214.168,True,55.14,-112.23
214.263,True,49.20,-111.83
214.367,True,49.12,-109.38
214.460,True,54.05,-103.31
214.556,True,52.05,-102.55
214.656,True,44.04,-107.68
214.762,True,51.29,-107.85
214.857,True,56.85,-107.52
214.957,True,57.93,-107.52
215.068,True,59.37,-105.36
215.157,True,65.75,-100.41
215.269,True,66.84,-101.03
215.363,True,65.25,-101.88
215.461,True,65.89,-101.17
215.570,True,67.62,-98.59
215.662,True,68.11,-99.73
215.757,True,70.15,-98.77
215.863,True,71.32,-98.49
215.969,True,70.59,-98.17
216.061,True,70.81,-97.06
216.163,True,70.74,-91.98
216.262,True,71.11,-89.41
216.367,True,66.72,-89.89
216.461,True,63.68,-94.10
216.567,True,59.28,-97.66
216.668,True,54.11,-97.84
216.756,True,48.33,-98.96
216.863,True,47.14,-98.69
216.964,True,49.25,-105.48
217.058,True,52.60,-109.78
217.166,True,52.98,-113.29
217.256,True,57.14,-118.30
217.363,True,61.99,-128.38
217.461,True,66.44,-122.80
217.560,True,72.81,-111.31
217.660,True,75.58,-105.20
217.764,True,75.21,-103.48
217.865,True,75.90,-103.61
217.956,True,75.84,-103.67
218.068,True,76.96,-107.32
218.160,True,78.60,-108.95
218.259,True,78.44,-111.51
218.363,True,77.82,-113.23
218.468,True,77.72,-114.52
218.563,True,77.34,-115.23
218.664,True,75.84,-114.49
218.757,True,75.80,-114.54
218.861,True,77.08,-108.73
218.962,True,76.68,-109.31
219.062,True,76.75,-107.31
219.159,True,81.52,-104.64
219.262,True,85.04,-104.45
219.357,True,86.66,-106.36
219.460,True,87.60,-108.06
219.564,True,87.67,-108.19
219.667,True,86.30,-109.60
219.762,True,85.22,-110.58
219.866,True,81.88,-110.21
219.959,True,79.19,-108.55
220.068,True,77.71,-105.37
220.159,True,78.46,-103.20
220.257,True,76.51,-101.04
220.363,True,70.87,-101.59
220.467,True,70.73,-104.55
220.570,True,71.28,-109.42
220.661,True,75.97,-119.85
220.765,True,88.64,-121.07
220.861,True,94.46,-120.01
220.968,True,80.53,-122.83
221.062,True,66.23,-121.96
221.158,True,65.50,-121.32
221.267,True,65.52,-124.49
221.364,True,66.03,-126.42
221.461,True,68.42,-130.38
221.571,True,69.85,-129.76
221.659,True,71.78,-113.68
221.763,True,77.77,-103.22
221.857,True,76.41,-100.68
221.965,True,72.03,-92.78
222.065,True,68.56,-88.91
222.158,True,66.70,-86.50
222.260,True,67.62,-84.05
222.361,True,68.18,-84.75
222.466,True,67.40,-85.86
222.557,True,68.21,-86.74
222.669,True,70.77,-87.58
222.762,True,73.14,-81.80
222.856,True,71.16,-78.49
222.966,True,81.23,-78.54
223.061,True,48.49,-85.13
223.157,True,37.66,-85.30
223.264,True,34.97,-81.29
223.357,True,40.66,-79.18
223.466,True,43.19,-80.14
223.561,True,45.61,-77.26
223.659,True,49.22,-74.46
223.758,True,56.26,-73.73
223.868,True,60.43,-74.86
223.961,True,61.10,-76.35
224.057,True,64.44,-79.99
224.157,True,65.51,-84.95
224.263,True,62.40,-87.46
224.357,True,61.22,-86.22
224.460,True,60.11,-85.63
224.560,True,54.84,-87.25
224.664,True,38.92,-81.00
224.766,True,30.81,-76.83
224.861,True,36.45,-79.54
224.962,True,41.02,-84.11
225.062,True,42.61,-85.30
225.157,True,44.79,-86.20
225.258,True,47.17,-88.49
225.359,True,47.40,-89.63
225.461,True,47.08,-87.69
225.564,True,47.00,-84.17
225.666,True,43.38,-77.05
225.760,True,37.71,-69.20
225.863,True,39.40,-65.85
225.958,True,48.28,-63.75
226.063,True,50.96,-64.04
226.158,True,52.20,-64.50
226.260,True,53.39,-65.97
226.363,True,53.96,-66.41
226.457,True,57.79,-68.61
226.563,True,60.06,-70.75
226.657,True,60.00,-73.32
226.763,True,61.70,-76.71
226.862,True,66.62,-79.95
226.966,True,65.55,-80.47
227.060,True,65.07,-80.25
227.161,True,65.08,-82.84
227.256,True,70.80,-85.44
227.356,True,68.27,-85.53
227.459,True,65.91,-84.14
227.565,True,63.41,-83.78
227.660,True,64.14,-82.82
227.768,True,63.02,-79.73
227.865,True,93.18,-39.31
227.972,True,94.81,-36.06
228.064,True,95.16,-36.37
228.160,True,95.22,-38.81
228.265,True,111.96,-47.43
228.367,True,98.70,-23.17
228.460,True,90.79,-15.80
228.558,True,90.99,-12.66
228.666,True,91.20,-11.85
228.768,True,90.54,-10.47
228.858,True,91.00,-10.40
228.957,True,116.86,-12.05
229.056,True,122.30,-13.62
229.168,True,120.21,-15.77
229.265,True,117.64,-17.89
229.366,True,116.71,-19.34
229.456,True,103.03,-32.01
229.571,True,83.16,-58.03
229.665,True,58.33,-69.42
229.762,True,66.38,-79.51
229.868,True,79.22,-97.96
229.966,True,80.86,-103.36
230.057,True,81.90,-107.14
230.168,True,83.41,-109.59
230.263,True,86.06,-110.21
230.361,True,85.45,-110.27
230.463,True,84.67,-108.47
230.559,True,87.24,-106.79
230.669,True,92.83,-106.86
230.760,True,92.77,-108.09
230.856,True,88.96,-105.63
230.959,True,91.16,-108.11
231.061,True,91.67,-108.12
231.162,True,86.77,-100.33
231.267,True,92.25,-107.30
231.368,True,94.72,-111.58
231.463,True,95.47,-113.34
231.561,True,95.38,-114.24
231.664,True,96.18,-111.94
231.774,True,95.99,-112.15
231.858,True,94.60,-112.49
231.958,True,96.11,-112.58
232.060,True,98.59,-113.81
232.156,True,111.04,-117.27
232.257,True,113.94,-118.02
232.368,True,112.26,-123.86
232.461,True,110.70,-125.73
232.561,True,107.28,-127.62
232.658,True,108.00,-129.75
232.768,True,110.00,-130.96
232.866,True,107.47,-130.26
232.964,True,108.43,-128.48
233.056,True,107.93,-127.37
233.160,True,108.37,-126.14
233.263,True,109.37,-129.13
233.364,True,107.04,-130.68
233.457,True,105.42,-132.71
233.557,True,104.55,-134.14
233.661,True,104.20,-135.31
233.757,True,101.76,-134.94
233.862,True,100.38,-133.59
233.959,True,98.74,-131.06
234.062,True,98.69,-129.17
234.164,True,97.19,-130.02
234.257,True,97.93,-130.74
234.370,True,99.70,-131.14
234.464,True,100.83,-132.06
234.556,True,101.23,-131.88
234.667,True,101.95,-131.97
234.760,True,104.81,-133.00
234.869,True,105.72,-134.85
234.960,True,107.15,-134.85
235.072,True,109.55,-133.97
235.169,True,109.84,-133.52
235.259,True,108.74,-130.61
235.369,True,100.33,-117.53
235.465,True,484.30,4487.93
235.566,True,488.14,4499.77
235.665,True,65.81,68.33
235.757,True,491.73,4533.15
235.856,True,494.77,4550.02
235.965,True,-10.72,129.28
236.066,True,495.03,4549.89
236.159,True,498.04,4574.82
236.273,True,55.91,143.87
236.366,True,55.32,182.09
236.459,True,81.79,180.06
236.565,True,96.83,166.55
236.661,True,105.64,163.82
236.769,True,102.29,162.45
236.867,True,89.69,-133.68
236.960,True,65.73,-155.63
237.061,True,65.73,-143.99
237.157,True,88.09,-92.49
237.269,True,100.38,-78.76
237.362,True,104.64,-66.86
237.462,True,105.35,-64.20
237.568,True,109.48,-89.32
237.657,True,104.73,-93.65
237.771,True,30.76,-97.31
237.866,True,21.80,-98.55
237.962,True,23.19,-110.92
238.064,True,26.63,-115.29
238.158,True,23.90,-120.49
238.263,True,24.60,-124.10
238.362,True,30.87,-115.66
238.457,True,30.99,-112.10
238.556,True,27.55,-102.83
238.658,True,25.35,-98.82
238.762,True,23.75,-92.57
238.862,True,25.24,-87.79
238.966,True,33.95,-83.96
239.056,True,34.75,-82.45
239.170,True,35.07,-83.36
239.269,True,35.43,-86.55
239.361,True,36.86,-88.35
239.458,True,38.17,-89.04
239.565,True,41.20,-89.85
239.664,True,43.61,-90.08
239.762,True,43.56,-94.30
239.857,True,47.76,-95.65
239.956,True,44.79,-97.57
240.061,True,47.38,-101.11
240.171,True,62.09,-112.34
240.256,True,68.65,-117.74
240.361,True,52.18,-108.95
240.464,True,53.47,-108.35
240.562,True,47.42,-103.01
240.662,True,45.56,-100.75
240.768,True,45.79,-99.12
240.869,True,44.32,-97.90
240.959,True,42.83,-96.78
241.056,True,38.19,-98.82
241.167,True,32.51,-100.77
241.257,True,25.81,-100.60
241.361,True,22.53,-100.56
241.462,True,22.96,-100.67
241.560,True,22.41,-101.35
241.666,True,46.85,-109.29
241.763,True,57.97,-118.69
241.863,True,64.44,-117.23
241.959,True,63.41,-110.97
242.065,True,59.68,-104.22
242.157,True,57.72,-94.76
242.256,True,56.32,-89.07
242.362,True,56.33,-91.90
242.459,True,54.99,-91.69
242.571,True,54.28,-91.45
242.663,True,54.50,-94.24
242.769,True,53.75,-92.32
242.863,True,54.76,-88.81
242.957,True,55.90,-88.09
243.067,True,55.37,-91.79
243.162,True,57.42,-93.07
243.258,True,63.16,-93.55
243.365,True,63.64,-93.21
243.462,True,62.02,-93.58
243.568,True,64.38,-96.05
243.663,True,65.62,-98.18
243.767,True,59.39,-97.40
243.862,True,50.36,-90.93
243.962,True,42.26,-83.18
244.065,True,44.14,-81.55
244.164,True,83.51,-65.31
244.262,True,85.74,-64.07
244.358,True,97.81,-78.91
244.469,True,99.27,-79.08
244.564,True,99.09,-78.15
244.659,True,98.45,-81.70
244.769,True,100.86,-85.96
244.862,True,102.80,-85.63
244.958,True,102.23,-85.08
245.064,True,101.34,-85.02
245.157,True,100.09,-85.36
245.270,True,98.99,-86.08
245.357,True,97.99,-88.25
245.468,True,96.92,-88.23
245.563,True,101.54,-89.08
245.662,True,103.72,-81.89
245.765,True,102.53,-46.12
245.864,True,101.22,-38.43
245.963,True,101.66,-35.63
246.057,True,58.53,-65.13
246.163,True,48.80,-80.39
246.259,True,74.91,-86.74
246.368,True,86.96,-81.22
246.456,True,59.77,-89.00
246.562,True,34.28,-95.16
246.661,True,30.59,-93.19
246.762,True,29.79,-96.77
246.865,True,40.75,-99.13
246.958,True,51.60,-92.31
247.057,True,54.87,-88.53
247.165,True,53.86,-88.98
247.256,True,59.55,-87.39
247.367,True,61.09,-83.18
247.459,True,60.99,-85.12
247.564,True,56.47,-86.98
247.662,True,54.88,-87.60
247.760,True,59.26,-86.05
247.866,True,64.60,-83.29
247.963,True,66.33,-83.03
248.063,True,65.96,-86.59
248.165,True,59.23,-89.96
248.257,True,54.42,-94.39
248.361,True,55.35,-88.70
248.465,True,52.75,-89.23
248.568,True,52.69,-87.26
248.663,True,54.25,-85.53
248.758,True,55.51,-89.20
248.871,True,57.15,-96.74
248.969,True,62.18,-101.72
249.059,True,67.74,-103.24
249.164,True,68.23,-103.12
249.261,True,57.12,-103.00
249.362,True,50.84,-98.83
249.465,True,51.63,-95.95
249.557,True,52.11,-90.02
249.658,True,52.85,-86.97
249.762,True,54.40,-85.25
249.857,True,53.50,-84.36
249.957,True,53.49,-84.11
250.062,True,53.98,-84.69
250.159,True,54.99,-84.74
250.264,True,56.45,-84.71
250.357,True,54.20,-83.04
250.466,True,51.50,-82.84
250.559,True,57.91,-84.09
250.663,True,63.00,-84.90
250.756,True,65.20,-85.32
250.863,True,66.02,-86.69
250.957,True,66.01,-87.23
251.056,True,64.19,-84.96
251.170,True,64.03,-83.89
251.256,True,64.88,-82.68
251.363,True,64.09,-82.28
251.465,True,65.92,-82.84
251.556,True,44.45,-92.31
251.662,True,64.76,-87.42
251.768,True,74.02,-83.04
251.862,True,61.28,-84.31
251.962,True,41.65,-90.23
252.056,True,56.51,-83.65
252.156,True,34.50,-85.54
252.262,True,37.72,-84.54
252.368,True,46.72,-89.89
252.463,True,44.90,-92.38
252.562,True,37.72,-93.06
252.664,True,50.43,-92.64
252.757,True,42.66,-98.87
252.861,True,36.11,-99.39
252.960,True,34.92,-98.92
253.064,True,35.46,-98.36
253.158,True,36.14,-96.50
253.260,True,36.93,-95.16
253.360,True,37.16,-95.38
253.463,True,38.04,-95.66
253.561,True,40.67,-96.08
253.662,True,41.21,-98.20
253.760,True,41.74,-98.62
253.865,True,41.35,-98.00
253.958,True,40.82,-98.26
254.068,True,39.73,-97.01
254.160,True,38.90,-96.64
254.272,True,41.43,-95.66
254.362,True,43.07,-95.55
254.467,True,56.44,-93.48
254.560,True,50.52,-99.30
254.659,True,51.65,-97.02
254.756,True,38.07,-95.77
254.860,True,35.82,-87.07
254.965,True,35.79,-81.87
255.056,True,48.40,-76.51
255.161,True,48.14,-76.56
255.256,True,48.13,-73.47
255.356,True,42.88,-72.73
255.462,True,46.14,-75.56
255.567,True,50.31,-77.03
255.660,True,97.75,-102.06
255.757,True,262.62,-139.69
255.862,True,268.98,-145.95
255.956,True,67.09,-98.03
256.067,True,64.82,-90.09
256.161,True,65.89,-87.43
256.260,True,66.20,-88.38
256.362,True,67.14,-88.32
256.460,True,66.17,-88.66
256.560,True,66.63,-88.01
256.663,True,69.05,-86.23
256.760,True,70.16,-85.59
256.866,True,75.74,-87.75
256.956,True,79.23,-88.52
257.056,True,81.45,-88.69
257.158,True,81.07,-89.35
257.269,True,81.08,-88.35
257.356,True,81.54,-87.51
257.463,True,80.38,-86.28
257.565,True,79.96,-84.44
257.659,True,79.25,-85.00
257.769,True,79.02,-83.39
257.863,True,79.52,-82.56
257.959,True,79.36,-82.40
258.063,True,79.35,-83.84
258.161,True,79.15,-83.35
258.263,True,79.38,-84.61
258.366,True,77.17,-81.75
258.460,True,76.11,-78.28
258.563,True,75.80,-75.51
258.662,True,60.45,-72.21
258.767,True,475.55,5253.66
258.871,True,64.84,-115.36
258.969,True,36.57,-62.45
259.062,True,470.86,5240.64
259.160,True,33.70,-53.14
259.258,True,24.12,-39.09
259.361,True,32.07,-60.21
259.463,True,34.50,-71.93
259.560,True,29.13,-75.20
259.667,True,27.60,-83.11
259.762,True,28.68,-85.67
259.860,True,31.54,-84.42
259.966,True,41.47,-89.94
260.056,True,43.62,-94.33
260.162,True,43.87,-97.05
260.258,True,45.06,-97.38
260.363,True,44.54,-97.47
260.457,True,42.26,-98.42
260.565,True,43.23,-99.04
260.665,True,46.59,-98.98
260.760,True,48.78,-97.78
260.866,True,48.84,-103.93
260.958,True,42.06,-106.06
261.057,True,42.26,-112.63
261.162,True,39.50,-125.67
261.268,True,43.26,-120.59
261.361,True,56.59,-110.82
261.465,True,59.71,-109.76
261.558,True,57.06,-106.17
261.669,True,55.21,-100.52
261.764,True,56.44,-97.06
261.859,True,57.27,-94.47
261.959,True,58.16,-94.31
262.070,True,60.16,-97.50
262.166,True,57.94,-100.89
262.260,True,57.15,-100.78
262.367,True,57.68,-100.87
262.456,True,60.02,-101.63
262.556,True,66.06,-100.62
262.662,True,67.94,-100.51
262.762,True,67.75,-101.61
262.861,True,67.33,-100.95
262.959,True,66.28,-100.83
263.062,True,65.78,-101.41
263.162,True,66.95,-102.56
263.257,True,67.86,-103.04
263.361,True,66.56,-100.20
263.467,True,65.96,-97.08
263.560,True,65.32,-99.26
263.663,True,63.66,-98.56
263.756,True,49.93,-101.26
263.862,True,43.72,-100.55
263.965,True,37.92,-93.16
264.058,True,34.00,-91.70
264.163,True,30.90,-92.10
264.260,True,27.83,-91.88
264.363,True,26.77,-92.44
264.458,True,26.11,-93.84
264.574,True,31.02,-101.56
264.659,True,29.85,-116.25
264.767,True,29.74,-125.58
264.865,True,39.82,-127.01
264.960,True,66.72,-116.92
265.057,True,70.60,-113.90
265.163,True,65.71,-120.31
265.271,True,61.75,-126.99
265.365,True,59.05,-125.99
265.460,True,56.88,-125.12
265.567,True,56.36,-117.84
265.660,True,57.33,-110.12
265.767,True,56.89,-104.59
265.862,True,55.70,-100.33
265.959,True,56.75,-97.87
266.071,True,56.85,-99.18
266.167,True,57.24,-102.80
266.256,True,59.78,-103.58
266.366,True,58.89,-106.99
266.458,True,58.20,-107.08
266.571,True,58.07,-103.57
266.662,True,58.65,-106.55
266.756,True,58.18,-107.33
266.864,True,58.86,-107.77
266.967,True,59.56,-108.50
267.070,True,59.52,-108.87
267.170,True,60.72,-103.68
267.262,True,57.40,-101.74
267.361,True,43.73,-102.60
267.460,True,40.78,-104.61
267.564,True,61.45,-101.98
267.665,True,64.56,-100.21
267.771,True,53.26,-101.51
267.867,True,43.94,-101.99
267.960,True,43.38,-102.90
268.065,True,44.50,-102.47
268.169,True,48.60,-102.29
268.272,True,60.61,-101.56
268.363,True,62.07,-102.88
268.462,True,61.87,-106.99
268.565,True,61.92,-115.82
268.658,True,59.18,-111.95
268.770,True,59.98,-113.29
268.863,True,59.57,-117.37
268.969,True,57.71,-120.21
269.056,True,53.28,-118.17
269.156,True,36.94,-123.52
269.269,True,34.41,-126.90
269.365,True,29.96,-126.85
269.457,True,28.24,-125.99
269.568,True,27.63,-125.10
269.660,True,29.59,-125.35
269.767,True,33.85,-130.88
269.866,True,34.68,-130.80
269.956,True,37.03,-133.64
270.069,True,44.37,-114.00
270.160,True,50.60,-110.13
270.256,True,46.95,-115.88
270.361,True,49.95,-111.50
270.462,True,52.43,-100.81
270.568,True,38.67,-101.06
270.665,True,41.44,-99.30
270.763,True,49.99,-93.47
270.856,True,53.73,-91.53
270.961,True,54.71,-91.72
271.057,True,54.10,-93.38
271.161,True,43.12,-98.76
271.270,True,29.35,-99.26
271.366,True,45.21,-97.76
271.462,True,52.77,-95.70
271.566,True,53.47,-91.57
271.663,True,55.72,-91.45
271.764,True,77.97,-89.31
271.861,True,67.86,-92.12
271.971,True,54.09,-93.68
272.065,True,53.84,-92.85
272.160,True,55.09,-92.19
272.271,True,61.89,-92.15
272.360,True,61.04,-93.78
272.456,True,55.15,-98.61
272.566,True,48.15,-104.64
272.665,True,46.70,-103.91
272.759,True,45.81,-101.76
272.867,True,55.74,-97.05
272.962,True,68.83,-90.95
273.066,True,66.49,-92.87
273.157,True,47.36,-95.66
273.269,True,35.20,-96.77
273.365,True,31.91,-99.36
273.471,True,51.62,-103.39
273.567,True,50.79,-110.31
273.656,True,56.27,-111.53
273.763,True,42.50,-118.70
273.861,True,36.99,-122.04
273.957,True,36.91,-119.57
274.069,True,37.58,-108.39
274.160,True,38.08,-102.32
274.267,True,35.64,-96.71
274.361,True,33.64,-95.75
274.460,True,33.15,-94.42
274.570,True,30.50,-81.25
274.660,True,65.15,-71.83
274.757,True,68.67,-72.33
274.857,True,57.63,-75.01
274.963,True,56.15,-74.44
275.061,True,57.64,-73.10
275.156,True,59.18,-70.04
275.259,True,58.67,-68.11
275.363,True,53.48,-72.87
275.456,True,41.21,-83.78
275.571,True,39.36,-89.45
275.656,True,41.27,-89.05
275.760,True,43.17,-86.83
275.867,True,42.28,-84.44
275.961,True,40.18,-83.34
276.070,True,40.04,-83.63
276.163,True,41.24,-85.47
276.262,True,43.08,-88.59
276.366,True,43.23,-89.91
276.458,True,122.93,73.01
276.556,True,125.14,96.37
276.661,True,140.86,58.19
276.759,True,143.73,40.40
276.862,True,145.70,42.19
276.962,True,335.64,64.32
277.057,True,489.92,60.39
277.165,True,488.02,5272.19
277.270,True,27.34,-104.67
277.367,True,9.44,-88.76
277.457,True,14.89,-86.35
277.569,True,24.16,-86.40
277.660,True,26.62,-87.19
277.763,True,29.33,-92.46
277.865,True,26.41,-94.72
277.969,True,24.09,-98.14
278.066,True,28.54,-99.70
278.164,True,28.44,-101.58
278.270,True,25.84,-104.39
278.365,True,25.31,-106.17
278.458,True,26.10,-103.87
278.564,True,22.97,-103.71
278.670,True,30.98,-107.36
278.761,True,45.03,-111.67
278.856,True,48.44,-112.63
278.961,True,49.43,-101.81
279.063,True,49.59,-95.44
279.157,True,48.99,-92.73
279.263,True,48.38,-87.61
279.366,True,47.19,-84.80
279.466,True,46.77,-84.85
279.558,True,46.81,-87.20
279.666,True,47.11,-91.67
279.768,True,48.77,-91.41
279.861,True,48.70,-91.71
279.967,True,51.45,-89.80
280.064,True,49.46,-91.76
280.167,True,48.39,-94.67
280.259,True,53.48,-92.74
280.363,True,49.36,-94.99
280.467,True,46.77,-97.19
280.560,True,52.08,-96.65
280.665,True,56.32,-94.03
280.761,True,54.94,-95.99
280.863,True,55.61,-98.74
280.964,True,55.26,-98.28
281.061,True,47.51,-101.75
281.162,True,45.82,-101.51
281.268,True,44.56,-100.23
281.356,True,40.12,-96.03
281.468,True,37.82,-90.31
281.559,True,36.52,-89.91
281.668,True,36.27,-88.48
281.760,True,35.31,-86.28
281.861,True,33.80,-85.75
281.966,True,34.11,-85.00
282.056,True,32.97,-84.46
282.168,True,39.86,-94.47
282.260,True,48.26,-102.70
282.356,True,55.31,-110.69
282.462,True,54.45,-114.30
282.567,True,50.63,-114.57
282.665,True,50.53,-109.96
282.757,True,48.59,-108.46
282.862,True,51.70,-102.60
282.962,True,60.19,-95.85
283.060,True,62.02,-91.89
283.167,True,57.81,-92.35
283.262,True,57.27,-95.43
283.361,True,62.20,-96.59
283.462,True,65.02,-98.17
283.568,True,67.24,-98.21
283.662,True,68.06,-99.08
283.759,True,68.53,-97.55
283.871,True,68.77,-95.20
283.962,True,66.23,-96.43
284.066,True,65.27,-97.68
284.165,True,65.46,-96.83
284.256,True,65.68,-94.44
284.365,True,66.66,-93.61
284.467,True,66.61,-93.14
284.565,True,63.70,-96.49
284.660,True,54.12,-101.97
284.768,True,50.03,-101.09
284.863,True,52.98,-104.75
284.956,True,56.26,-105.08
285.066,True,64.79,-103.74
285.160,True,55.34,-108.35
285.257,True,61.27,-109.41
285.362,True,63.16,-107.78
285.466,True,62.50,-102.17
285.557,True,62.48,-99.45
285.667,True,63.39,-98.79
285.768,True,63.46,-100.03
285.864,True,65.07,-100.11
285.959,True,64.80,-99.94
286.066,True,66.81,-100.09
286.157,True,68.51,-101.83
286.258,True,68.76,-102.84
286.362,True,69.27,-102.96
286.458,True,70.97,-99.91
286.565,True,72.39,-99.24
286.661,True,73.11,-97.68
286.770,True,73.11,-98.40
286.863,True,65.57,-98.92
286.960,True,64.53,-98.51
287.056,True,55.93,-102.58
287.160,True,47.43,-109.71
287.264,True,45.79,-110.62
287.366,True,46.47,-111.32
287.459,True,45.72,-112.30
287.570,True,42.57,-113.19
287.665,True,42.45,-114.37
287.768,True,45.64,-111.20
287.858,True,48.16,-106.45
287.962,True,50.02,-101.52
288.058,True,48.84,-102.95
288.167,True,73.47,-102.56
288.260,True,77.39,-101.95
288.367,True,66.24,-104.06
288.464,True,49.12,-108.16
288.558,True,51.68,-108.36
288.664,True,49.19,-114.13
288.764,True,40.48,-114.34
288.859,True,42.37,-114.94
288.959,True,44.74,-115.89
289.066,True,46.72,-115.33
289.160,True,46.10,-114.90
289.270,True,44.13,-112.28
289.362,True,47.58,-108.24
289.470,True,41.67,-109.03
289.556,True,36.21,-111.22
289.665,True,33.49,-115.96
289.771,True,34.81,-118.93
289.865,True,36.44,-120.15
289.959,True,40.04,-118.94
290.057,True,42.45,-119.99
290.164,True,42.77,-121.99
290.267,True,40.14,-124.54
290.361,True,41.23,-125.86
290.460,True,48.01,-123.10
290.569,True,51.21,-122.44
290.658,True,49.94,-120.71
290.758,True,46.66,-123.00
290.864,True,43.79,-124.29
290.962,True,44.45,-122.63
291.069,True,52.66,-120.17
291.156,True,55.59,-119.04
291.262,True,55.62,-112.25
291.363,True,54.67,-109.44
291.458,True,53.77,-110.40
291.565,True,50.47,-107.09
291.666,True,41.82,-104.07
291.770,True,42.36,-110.95
291.865,True,44.57,-112.57
291.966,True,47.15,-113.24
292.066,True,47.05,-113.74
292.162,True,49.12,-117.51
292.257,True,48.84,-122.10
292.358,True,48.42,-121.37
292.464,True,62.20,-113.29
292.559,True,69.87,-107.38
292.659,True,66.17,-106.95
292.771,True,62.49,-110.23
292.857,True,75.56,-107.15
292.964,True,75.82,-105.22
293.056,True,64.67,-137.87
293.166,True,38.11,-102.85
293.256,True,41.82,-96.39
293.367,True,152.06,-135.22
293.465,True,346.34,-138.90
293.567,True,343.58,-132.69
293.661,True,110.04,-120.27
293.757,True,64.49,-93.26
293.863,True,63.33,-97.40
293.960,True,63.75,-109.13
294.071,True,52.96,-121.70
294.161,False,502.55,5240.74
294.257,False,508.46,5245.02
294.362,True,67.69,-181.33
294.459,True,65.27,-97.89
294.571,True,62.68,-93.02
294.659,True,53.57,-92.76
294.763,True,56.05,-94.79
294.862,True,52.23,-97.43
294.965,True,47.84,-97.81
295.068,True,48.93,-94.51
295.160,True,48.13,-95.21
295.260,True,46.17,-96.20
295.365,True,43.58,-97.48
295.461,True,40.64,-97.17
295.567,True,40.76,-97.29
295.660,True,35.36,-95.63
295.762,True,36.63,-93.97
295.856,True,37.78,-98.78
295.961,True,36.48,-103.50
296.062,True,38.12,-108.59
296.161,True,45.69,-114.62
296.262,True,48.76,-116.45
296.357,True,50.34,-118.94
296.467,True,51.64,-116.05
296.565,True,51.46,-115.75
296.667,True,52.95,-113.58
296.766,True,56.83,-112.93
296.856,True,62.87,-110.52
296.962,True,65.55,-109.87
297.060,True,66.16,-109.64
297.160,True,67.16,-108.36
297.266,True,66.22,-107.98
297.356,True,65.01,-105.88
297.464,True,65.81,-105.20
297.559,True,66.28,-104.40
297.666,True,66.06,-104.71
297.760,True,66.53,-106.36
297.865,True,67.90,-105.27
297.968,True,67.29,-103.62
298.063,True,65.35,-101.18
298.166,True,64.46,-102.56
298.268,True,64.21,-104.05
298.371,True,64.00,-103.64
298.457,True,63.65,-102.16
298.564,True,66.40,-97.76
298.669,True,67.77,-95.44
298.759,True,67.46,-95.75
298.864,True,66.13,-95.29
298.960,True,66.34,-98.08
299.056,True,67.76,-106.64
299.162,True,68.52,-106.68
299.261,True,67.99,-103.89
299.365,True,67.57,-103.37
299.461,True,67.40,-102.12
299.569,True,67.87,-99.72
299.661,True,65.17,-97.98
299.767,True,61.00,-100.52
299.867,True,62.82,-102.32
299.959,True,66.53,-98.20
300.073,True,67.48,-97.67
300.167,True,66.62,-96.36
300.265,True,66.65,-95.25
300.358,True,65.28,-96.42
300.458,True,72.59,-97.52
300.558,True,78.51,-97.44
300.665,True,76.01,-97.76
300.759,True,72.89,-99.30
300.862,True,72.21,-99.87
300.966,True,73.94,-99.49
301.066,True,76.16,-99.27
301.162,True,78.91,-99.52
301.256,True,80.39,-101.01
301.365,True,77.01,-102.64
301.459,True,75.45,-99.57
301.566,True,74.86,-95.81
301.666,True,73.86,-96.71
301.757,True,73.50,-96.85
301.866,True,73.92,-99.13
301.957,True,74.84,-106.94
302.065,True,71.46,-115.48
302.157,True,69.20,-114.73
302.265,True,65.83,-110.64
302.361,True,56.55,-122.04
302.464,True,56.73,-123.23
302.556,True,68.68,-112.12
302.657,True,74.40,-116.36
302.763,True,75.33,-119.74
302.859,True,78.45,-120.79
302.965,True,83.91,-120.38
303.058,True,85.09,-118.74
303.157,True,83.43,-115.06
303.263,True,81.74,-111.97
303.357,True,82.46,-111.13
303.465,True,83.09,-105.19
303.559,True,83.41,-107.90
303.657,True,81.98,-112.23
303.760,True,80.91,-112.77
303.864,True,81.42,-113.53
303.957,True,83.35,-114.48
304.068,True,81.60,-112.91
304.168,True,79.24,-114.15
304.266,True,79.75,-109.05
304.365,True,80.04,-113.83
304.464,True,79.65,-118.37
304.558,True,81.15,-118.33
304.661,True,81.67,-124.15
304.759,True,78.93,-121.86
304.857,True,80.72,-118.54
304.966,True,82.73,-114.44
305.056,True,85.31,-116.41
305.168,True,79.23,-108.31
305.264,True,71.17,-106.60
305.361,True,69.72,-107.40
305.470,True,70.44,-108.75
305.564,True,73.20,-108.82
305.662,True,74.33,-115.78
305.757,True,72.27,-119.81
305.861,True,69.83,-119.93
305.963,True,67.75,-121.14
306.065,True,70.13,-120.59
306.168,True,72.15,-117.98
306.266,True,74.58,-117.54
306.363,True,76.31,-115.15
306.467,True,75.77,-117.90
306.563,True,74.53,-117.90
306.667,True,74.95,-111.13
306.760,True,76.09,-96.69
306.861,True,54.16,-97.92
306.963,True,51.28,-100.28
307.071,True,51.66,-100.85
307.162,True,47.02,-102.19
307.271,True,45.23,-100.35
307.358,True,57.95,-86.01
307.458,True,37.06,-75.03
307.567,True,45.23,-68.63
307.657,True,56.37,-50.92
307.770,True,64.17,-48.64
307.862,True,62.43,-65.74
307.958,True,62.47,-77.14
308.067,True,65.31,-79.22
308.159,True,65.65,-86.78
308.258,True,69.71,-88.92
308.356,True,71.63,-90.32
308.461,True,72.26,-90.42
308.570,True,70.42,-94.93
308.660,True,67.93,-94.13
308.768,True,68.11,-86.20
308.862,True,65.56,-84.89
308.956,True,65.23,-91.92
309.065,True,73.05,-88.51
309.156,True,73.90,-75.97
309.270,True,72.60,-73.16
309.361,True,72.68,-68.64
309.458,True,73.02,-63.77
309.563,True,74.01,-59.26
309.666,True,72.10,-58.11
309.762,True,69.92,-56.62
309.870,True,68.17,-53.83
309.961,True,67.07,-51.52
310.060,True,72.14,-57.18
310.163,True,78.88,-55.37
310.264,True,81.64,-53.06
310.365,True,83.41,-50.36
310.467,True,77.56,-43.96
310.564,True,71.74,-43.02
310.664,True,70.28,-48.26
310.767,True,79.33,-59.56
310.856,True,82.84,-60.83
310.964,True,81.51,-59.17
311.057,True,74.51,-61.54
311.167,True,83.54,-71.91
311.256,True,88.93,-72.40
311.358,True,89.71,-75.04
311.461,True,92.33,-79.26
311.569,True,91.64,-81.19
311.665,True,88.73,-81.67
311.756,True,82.98,-83.61
311.856,True,78.43,-81.88
311.961,True,62.49,-84.38
312.068,True,57.97,-85.14
312.165,True,56.15,-86.40
312.269,True,55.78,-92.46
312.361,True,53.34,-89.07
312.463,True,51.62,-81.26
312.566,True,50.66,-75.85
312.661,True,50.41,-73.73
312.767,True,51.89,-71.55
312.866,True,51.68,-73.73
312.956,True,54.33,-76.76
313.067,True,55.26,-81.13
313.167,True,55.84,-84.94
313.256,True,55.36,-85.68
313.364,True,56.03,-84.92
313.461,True,56.57,-82.57
313.568,True,57.10,-82.41
313.662,True,57.24,-83.05
313.768,True,59.96,-84.80
313.860,True,62.00,-86.43
313.961,True,70.01,-96.89
314.069,True,75.50,-99.49
314.159,False,518.75,5320.35
314.269,True,62.30,-87.64
314.364,True,60.80,-79.85
314.462,True,57.35,-76.41
314.561,True,55.09,-77.12
314.662,True,49.79,-79.79
314.768,True,41.87,-87.28
314.860,True,36.68,-90.90
314.961,True,35.82,-91.31
315.061,True,51.46,-90.85
315.165,True,55.59,-90.79
315.265,True,57.46,-90.63
315.358,True,56.56,-88.86
315.457,True,51.64,-82.68
315.573,True,49.10,-78.34
315.661,True,49.75,-77.11
315.760,True,52.39,-78.26
315.857,True,55.07,-93.64
315.965,True,56.50,-103.52
316.067,True,57.89,-101.40
316.159,True,56.57,-91.39
316.269,True,57.80,-84.46
316.364,True,60.50,-83.09
316.459,True,62.11,-83.91
316.568,True,62.89,-84.38
316.658,True,63.48,-83.60
316.756,True,63.23,-83.16
316.862,True,63.10,-83.12
316.964,True,54.59,-85.14
317.069,True,51.23,-89.71
317.162,True,54.82,-96.34
317.256,True,59.93,-98.79
317.361,True,63.78,-98.02
317.465,True,61.89,-98.20
317.568,True,62.19,-92.07
317.660,True,64.49,-89.30
317.767,True,63.38,-89.94
317.866,True,63.68,-89.69
317.966,True,62.05,-90.53
318.057,True,64.13,-90.51
318.166,True,63.02,-92.34
318.268,True,61.46,-91.41
318.362,True,62.50,-92.11
318.463,True,61.53,-92.21
318.568,True,61.59,-90.36
318.667,True,66.00,-87.83
318.758,True,68.25,-84.18
318.856,True,67.18,-82.47
318.967,True,65.49,-82.47
319.061,True,65.37,-82.39
319.156,True,63.23,-84.78
319.267,True,60.37,-91.84
319.356,True,58.58,-96.32
319.458,True,54.79,-95.80
319.566,True,50.75,-89.09
319.670,True,49.78,-84.51
319.763,True,49.50,-83.60
319.856,True,50.60,-85.41
319.961,True,53.57,-86.09
320.063,True,55.77,-87.43
320.161,True,56.97,-91.54
320.261,True,59.98,-92.55
320.362,True,60.98,-90.78
320.459,True,60.23,-88.46
320.563,True,59.99,-90.33
320.672,True,59.63,-94.45
320.768,True,63.90,-97.06
320.864,True,69.09,-97.41
320.966,True,68.29,-96.76
321.062,True,65.26,-95.42
321.160,True,65.41,-93.47
321.265,True,65.12,-94.22
321.366,True,60.66,-95.07
321.464,True,59.77,-92.82
321.560,True,61.44,-90.28
321.665,True,63.43,-88.79
321.758,True,65.81,-88.31
321.857,True,69.11,-88.24
321.966,True,70.05,-87.95
322.061,True,69.79,-88.23
322.157,True,66.38,-87.72
322.266,True,65.48,-89.29
322.357,True,47.93,-94.23
322.465,True,42.73,-93.10
322.566,True,48.40,-91.95
322.658,True,52.48,-93.34
322.758,True,58.95,-102.64
322.867,True,63.38,-108.53
322.968,True,66.37,-107.46
323.064,True,66.70,-104.90
323.158,True,65.32,-99.83
323.264,True,65.18,-97.89
323.357,True,66.80,-95.00
323.465,True,67.01,-91.92
323.559,True,67.93,-92.43
323.667,True,66.78,-93.74
323.761,True,65.59,-93.75
323.859,True,65.20,-93.57
323.966,True,64.36,-94.15
324.058,True,64.04,-93.15
324.167,True,64.44,-93.11
324.266,True,62.15,-93.34
324.362,True,59.21,-93.56
324.467,True,58.00,-95.86
324.570,True,58.04,-95.16
324.669,True,58.56,-95.57
324.757,True,58.80,-95.57
324.869,True,58.28,-94.43
324.959,True,57.43,-94.61
325.056,True,56.12,-94.02
325.161,True,56.56,-95.88
325.259,True,59.62,-97.69
325.361,True,60.28,-97.63
325.463,True,58.96,-95.94
325.562,True,58.58,-93.59
325.662,True,56.71,-90.11
325.761,True,54.60,-90.45
325.865,True,50.64,-91.65
325.961,True,54.08,-95.44
326.060,True,54.11,-96.71
326.167,True,53.52,-92.88
326.258,True,52.79,-87.83
326.360,True,49.82,-84.97
326.463,True,48.26,-83.17
326.561,True,47.54,-80.81
326.659,True,48.40,-79.46
326.770,True,48.96,-81.13
326.862,True,36.47,-81.23
326.956,True,21.82,-81.46
327.063,True,33.40,-81.12
327.163,True,39.96,-80.46
327.270,True,40.40,-79.72
327.366,True,40.57,-78.75
327.463,True,42.21,-77.40
327.558,True,43.46,-76.91
327.667,True,46.63,-78.78
327.769,True,50.10,-80.94
327.858,True,50.84,-82.44
327.958,True,49.66,-84.68
328.066,True,52.78,-86.35
328.157,True,51.55,-86.21
328.258,True,47.73,-86.09
328.358,True,43.23,-82.44
328.457,True,51.63,-82.58
328.564,True,56.07,-86.33
328.661,True,56.67,-93.15
328.762,True,58.86,-94.57
328.861,True,65.23,-94.04
328.964,True,64.48,-92.88
329.066,True,62.34,-90.44
329.158,True,61.78,-89.25
329.258,True,56.11,-89.28
329.364,True,48.70,-92.08
329.469,True,51.72,-101.97
329.566,True,52.72,-101.90
329.657,True,49.60,-96.83
329.771,True,44.38,-91.07
329.866,True,40.32,-86.81
329.958,True,40.51,-80.45
330.064,False,518.90,5287.78
330.164,True,63.38,-86.31
330.270,True,61.02,-75.89
330.362,True,58.27,-70.11
330.471,True,54.83,-68.80
330.562,True,53.73,-71.82
330.663,True,52.89,-75.06
330.760,True,53.75,-76.48
330.863,True,35.46,-82.85
330.963,True,35.26,-82.62
331.063,True,42.95,-81.39
331.156,True,44.98,-81.07
331.263,True,44.79,-82.27
331.356,True,44.03,-87.41
331.464,True,43.87,-87.02
331.564,True,43.32,-86.31
331.670,True,43.41,-86.58
331.762,True,43.80,-86.82
331.857,True,44.31,-87.27
331.961,True,524.47,5270.31
332.066,True,522.67,5274.06
332.158,True,60.42,-100.16
332.265,True,524.39,5272.77
332.367,True,520.14,5278.87
332.464,True,46.64,-15.41
332.561,True,63.96,-127.73
332.660,True,71.46,-79.06
332.761,True,104.43,-84.95
332.856,True,110.46,-78.39
332.956,True,110.47,-70.32
333.065,True,99.35,-93.80
333.156,True,96.83,-96.48
333.266,True,86.72,-112.36
333.362,True,87.58,-111.83
333.467,True,82.69,-117.71
333.569,True,80.40,-119.13
333.658,True,33.09,-100.64
333.760,True,30.10,-100.95
333.861,True,32.04,-103.06
333.956,True,32.10,-106.46
334.067,True,33.06,-106.55
334.169,True,29.49,-107.68
334.271,True,22.37,-102.08
334.356,True,23.63,-101.76
334.463,True,26.73,-105.56
334.558,True,26.86,-99.64
334.673,True,27.48,-91.55
334.767,True,26.93,-87.47
334.869,True,26.52,-83.76
334.962,True,26.65,-79.82
335.059,True,26.79,-79.85
335.159,True,29.83,-80.91
335.269,True,32.79,-88.80
335.363,True,33.99,-90.81
335.472,True,35.22,-90.86
335.566,True,35.40,-87.89
335.657,True,34.48,-85.14
335.761,True,32.93,-86.25
335.863,True,33.81,-86.58
335.966,True,36.88,-86.02
336.067,True,38.25,-86.54
336.159,True,40.84,-88.72
336.261,True,41.71,-91.21
336.361,True,41.37,-92.07
336.463,True,39.91,-93.55
336.566,True,37.59,-94.02
336.666,True,37.50,-91.99
336.760,True,38.95,-91.63
336.872,True,44.26,-94.29
336.963,True,38.67,-93.78
337.058,True,36.08,-94.68
337.164,True,41.68,-98.27
337.257,True,48.71,-97.70
337.367,True,49.88,-96.98
337.466,True,51.16,-96.14
337.564,True,51.43,-95.17
337.666,True,47.41,-95.11
337.756,True,40.95,-94.95
337.873,True,43.40,-98.59
337.964,True,46.86,-107.66
338.056,True,52.20,-112.86
338.167,True,55.43,-110.31
338.261,True,54.84,-106.84
338.367,True,53.48,-103.83
338.458,True,55.78,-101.60
338.556,True,57.06,-102.09
338.664,True,56.76,-101.55
338.758,True,57.18,-101.94
338.860,True,56.61,-102.65
338.957,True,55.10,-102.52
339.056,True,55.33,-102.61
339.157,True,58.43,-100.66
339.259,True,59.24,-102.19
339.361,True,58.37,-102.53
339.460,True,58.24,-101.54
339.557,True,51.74,-92.89
339.660,True,50.05,-86.92
339.772,True,39.49,-80.03
339.860,True,42.49,-70.02
339.958,True,49.99,-65.73
340.068,True,56.82,-69.70
340.161,True,59.49,-71.81
340.258,True,58.26,-71.05
340.368,True,55.02,-68.60
340.457,True,53.51,-62.10
340.558,True,51.32,-62.28
340.664,True,49.81,-64.74
340.763,True,55.51,-82.61
340.856,True,63.10,-89.51
340.964,True,64.61,-90.21
341.061,True,64.56,-90.10
341.164,True,66.28,-90.15
341.262,True,64.57,-91.46
341.360,True,34.99,-89.02
341.466,True,31.65,-82.93
341.558,True,31.39,-80.65
341.657,True,30.35,-79.50
341.756,True,29.46,-73.78
341.866,True,27.75,-73.09
341.966,True,27.25,-76.90
342.067,True,29.94,-88.22
342.168,True,31.52,-90.25
342.265,True,31.54,-89.19
342.367,True,33.31,-90.40
342.468,True,36.67,-90.77
342.562,True,35.82,-88.97
342.659,True,36.75,-89.93
342.763,True,39.01,-91.60
342.865,True,37.63,-91.97
342.966,True,36.60,-93.47
343.058,True,38.54,-90.90
343.156,True,40.37,-92.55
343.264,True,40.23,-93.28
343.365,True,40.78,-91.93
343.460,True,41.97,-93.14
343.558,True,42.34,-95.09
343.660,True,45.15,-95.09
343.769,True,53.97,-88.80
343.866,True,65.07,-78.41
343.961,True,66.28,-76.49
344.059,True,65.89,-75.83
344.162,True,67.42,-78.56
344.263,True,68.53,-79.88
344.357,True,69.09,-79.12
344.458,True,62.99,-72.37
344.558,True,61.35,-68.61
344.657,True,61.67,-68.30
344.759,True,54.79,-73.27
344.863,True,48.43,-81.33
344.963,True,49.03,-82.31
345.068,True,46.61,-91.00
345.160,True,41.50,-93.67
345.265,True,42.90,-93.80
345.357,True,44.19,-92.93
345.468,True,46.25,-92.81
345.561,True,46.30,-92.27
345.658,True,46.05,-91.20
345.759,True,44.34,-88.81
345.866,True,41.90,-82.78
345.966,True,42.52,-80.57
346.065,True,42.91,-81.54
346.157,True,43.89,-83.13
346.267,True,44.12,-78.45
346.361,True,44.98,-81.61
346.461,True,53.20,-85.42
346.565,True,59.80,-87.11
346.658,True,58.92,-90.69
346.757,True,55.78,-89.83
346.860,True,62.57,-74.44
346.964,True,70.01,-76.46
347.057,True,534.45,5366.95
347.165,True,37.20,-95.41
347.263,True,23.07,-60.25
347.359,True,44.65,-78.44
347.464,True,531.83,5359.19
347.563,True,64.06,-115.75
347.670,True,35.63,-90.83
347.766,True,32.46,-77.29
347.857,True,41.57,-82.30
347.963,True,45.68,-88.08
348.066,True,46.26,-93.32
348.171,True,46.40,-95.50
348.258,True,45.72,-95.87
348.356,True,44.91,-99.20
348.460,True,43.24,-94.35
348.563,True,41.67,-84.52
348.664,True,40.63,-81.96
348.766,True,39.98,-81.06
348.861,True,40.81,-81.42
348.960,True,43.46,-79.37
349.058,True,48.89,-79.07
349.165,True,49.93,-79.18
349.265,True,44.58,-81.79
349.365,True,42.28,-86.70
349.459,True,40.81,-87.37
349.567,True,40.00,-89.12
349.661,True,40.01,-88.49
349.770,True,40.74,-87.05
349.866,True,41.53,-85.87
349.959,True,41.54,-86.61
350.070,True,44.60,-87.28
350.160,True,44.73,-89.38
350.257,True,44.49,-90.44
350.368,True,45.55,-91.74
350.464,True,45.46,-92.94
350.557,True,45.63,-94.49
350.666,True,46.20,-94.28
350.767,True,46.65,-93.20
350.869,True,44.57,-90.96
350.958,True,41.39,-89.39
351.058,True,39.74,-88.17
351.164,True,39.39,-86.61
351.265,True,37.97,-85.63
351.368,True,35.06,-85.35
351.459,True,35.32,-82.31
351.566,True,30.62,-83.96
351.669,True,35.06,-86.39
351.770,True,41.30,-85.25
351.867,True,45.53,-86.62
351.961,True,47.18,-95.90
352.069,True,47.17,-101.24
352.161,True,47.67,-101.87
352.260,True,51.77,-101.88
352.366,True,53.62,-102.07
352.461,True,50.97,-103.09
352.569,True,49.28,-102.82
352.665,True,49.25,-101.06
352.758,True,49.38,-99.53
352.865,True,53.30,-96.03
352.959,True,55.13,-93.83
353.064,True,55.33,-91.90
353.158,True,56.19,-89.62
353.257,True,58.27,-87.44
353.363,True,59.01,-87.98
353.459,True,58.56,-86.43
353.564,True,57.27,-88.42
353.663,True,56.89,-90.42
353.769,True,59.69,-90.85
353.867,True,58.90,-90.21
353.961,True,58.04,-87.34
354.057,True,56.82,-85.87
354.161,True,54.02,-86.99
354.268,True,53.63,-86.33
354.363,True,55.21,-86.52
354.459,True,56.99,-86.36
354.558,True,58.61,-85.66
354.659,True,59.97,-86.41
354.767,True,60.40,-87.97
354.856,True,61.17,-89.72
354.971,True,60.74,-91.67
355.066,True,61.32,-90.95
355.158,True,61.06,-90.16
355.266,True,61.23,-88.79
355.364,True,60.85,-88.69
355.466,True,58.33,-89.90
355.567,True,56.84,-90.05
355.660,True,55.52,-89.25
355.764,True,52.78,-88.89
355.866,True,51.45,-87.17
355.962,True,50.68,-86.98
356.069,True,49.20,-87.11
356.160,True,51.16,-93.90
356.266,True,56.41,-94.21
356.371,True,57.97,-85.86
356.462,True,58.18,-78.31
356.568,True,56.34,-74.20
356.666,True,53.07,-72.23
356.765,True,52.06,-70.87
356.860,True,51.65,-69.23
356.967,True,51.47,-67.95
357.063,True,48.05,-63.86
357.168,True,23.44,-69.03
357.263,True,14.86,-70.39
357.369,True,13.20,-71.27
357.466,True,43.17,-69.21
357.560,True,50.40,-67.82
357.663,True,49.26,-66.59
357.759,True,48.94,-65.48
357.871,True,43.98,-66.64
357.962,True,49.67,-59.32
358.062,True,53.48,-47.64
358.167,True,54.58,-49.11
358.265,True,54.94,-71.44
358.360,True,52.64,-75.61
358.458,True,56.09,-75.49
358.572,True,60.79,-70.10
358.666,True,63.45,-69.59
358.761,True,67.37,-68.77
358.867,True,66.61,-71.14
358.960,True,66.38,-73.58
359.060,True,68.82,-74.21
359.165,True,75.22,-64.38
359.257,True,77.79,-67.44
359.370,True,80.95,-67.76
359.459,True,78.41,-66.74
359.561,True,73.52,-64.15
359.665,True,71.26,-66.35
359.765,True,73.10,-66.54
359.863,True,72.45,-53.13
359.969,True,70.32,-49.12
360.064,True,67.44,-46.75
360.161,True,63.88,-42.60
360.258,True,63.52,-37.37
360.361,True,66.63,-31.49
360.464,True,72.99,-31.45
360.560,True,78.95,-39.24
360.661,True,81.12,-52.00
360.763,True,80.57,-50.80
360.857,True,81.38,-51.20
360.965,True,82.40,-54.01
361.062,True,82.01,-56.22
361.163,True,82.36,-60.04
361.263,True,83.39,-61.78
361.358,True,81.10,-57.94
361.463,True,81.35,-55.04
361.558,True,93.89,-62.71
361.657,True,95.87,-68.00
361.757,True,95.26,-72.41
361.864,True,96.60,-74.41
361.963,True,98.79,-76.43
362.066,True,98.22,-75.96
362.168,True,98.20,-74.92
362.258,True,97.75,-75.14
362.368,True,100.17,-81.40
362.462,True,101.42,-87.69
362.561,True,101.34,-92.95
362.662,True,101.93,-94.57
362.757,True,101.25,-93.94
362.866,True,99.80,-88.23
362.967,True,97.52,-82.14
363.061,True,97.06,-81.24
363.172,True,97.85,-78.88
363.258,True,98.85,-79.91
363.365,True,101.71,-81.98
363.466,True,104.49,-86.85
363.567,True,105.53,-92.39
363.669,True,105.96,-93.79
363.756,True,106.11,-93.12
363.867,True,106.35,-90.25
363.960,True,103.24,-83.80
364.058,True,179.21,-68.64
364.162,True,181.56,-71.79
364.256,True,50.63,-84.09
364.361,True,44.10,-81.17
364.466,True,44.12,-80.72
364.566,True,47.95,-80.07
364.660,True,50.44,-78.50
364.769,True,54.50,-78.01
364.859,True,55.76,-77.82
364.958,True,56.56,-78.86
365.067,True,56.68,-79.18
365.158,True,55.60,-78.19
365.263,True,54.23,-78.23
365.361,True,55.01,-76.93
365.463,True,55.86,-79.60
365.568,True,59.82,-83.98
365.662,True,64.66,-117.60
365.769,True,80.76,-113.56
365.868,True,57.69,-61.66
365.958,True,49.56,-57.51
366.056,True,36.66,-66.01
366.161,True,30.30,-75.71
366.258,True,29.72,-82.39
366.362,True,33.84,-93.98
366.461,True,33.99,-95.18
366.557,True,34.82,-92.96
366.663,True,36.37,-89.63
366.767,True,35.90,-88.10
366.865,True,37.41,-84.51
366.958,True,38.02,-84.31
367.068,True,38.88,-83.95
367.160,True,39.32,-83.30
367.262,True,38.79,-80.81
367.363,True,59.82,-82.43
367.469,True,327.88,-125.50
367.558,True,334.53,-132.07
367.657,True,78.68,-107.58
367.764,True,59.57,-96.21
367.858,True,60.74,-94.36
367.966,False,530.55,5383.23
368.063,True,40.70,-98.28
368.164,False,527.69,5385.73
368.269,True,48.34,-113.28
368.361,True,48.05,-80.25
368.457,True,81.18,-79.91
368.565,True,97.31,-65.94
368.663,True,100.14,-67.42
368.763,True,99.93,-70.60
368.865,True,99.76,-74.45
368.960,True,99.77,-78.80
369.058,True,101.41,-80.29
369.165,True,101.82,-79.90
369.267,True,102.24,-78.39
369.361,True,102.74,-77.16
369.456,True,101.97,-76.08
369.568,True,100.80,-72.80
369.658,True,97.35,-74.09
369.766,True,97.31,-84.65
369.860,True,104.73,-68.72
369.958,True,103.28,-64.00
370.067,True,100.65,-61.94
370.168,True,96.93,-61.83
370.267,True,97.09,-61.76
370.360,True,96.29,-62.85
370.457,True,99.14,-62.79
370.560,True,102.80,-69.12
370.660,True,101.13,-61.97
370.759,True,99.16,-52.72
370.866,True,95.29,-50.69
370.971,True,93.80,-47.75
371.061,True,92.12,-46.17
371.165,True,92.38,-44.82
371.266,True,92.87,-61.35
371.357,True,100.59,-55.50
371.466,True,108.80,-46.22
371.562,True,92.18,-47.21
371.660,True,83.98,-49.78
371.766,True,-97.70,-182.99
371.856,True,-106.41,-230.86
371.960,True,59.96,-94.25
372.059,True,94.02,-65.66
372.165,True,93.77,-70.57
372.269,True,93.64,-74.52
372.370,True,94.93,-74.16
372.464,True,96.04,-83.49
372.561,True,93.93,-100.62
372.660,True,93.89,-105.92
372.769,True,97.66,-100.54
372.867,True,102.05,-88.17
372.960,True,103.23,-86.92
373.059,True,102.99,-85.68
373.157,True,101.67,-90.76
373.263,True,98.81,-90.98
373.358,True,92.21,-90.05
373.461,True,91.61,-76.53
373.567,True,85.93,-91.76
373.662,True,85.35,-94.05
373.760,True,99.49,-96.63
373.859,True,113.14,-89.54
373.963,True,93.82,-74.09
374.056,True,80.87,-81.57
374.165,True,82.71,-101.97
374.256,True,73.69,-99.45
374.360,True,66.31,-94.27
374.463,True,61.32,-95.80
374.563,True,58.59,-91.61
374.662,True,40.73,-92.74
374.756,True,40.14,-88.54
374.866,True,44.42,-77.54
374.966,True,60.01,-78.03
375.062,True,57.13,-81.47
375.168,True,46.13,-85.81
375.256,True,62.46,-85.74
375.368,True,68.04,-86.37
375.457,True,59.87,-87.85
375.570,True,56.60,-82.68
375.656,True,64.52,-71.21
375.757,True,76.00,-71.51
375.869,True,64.49,-80.67
375.963,True,60.27,-82.02
376.057,True,57.85,-84.03
376.166,True,59.96,-83.58
376.271,True,65.23,-87.15
376.358,True,65.95,-87.99
376.467,True,66.58,-87.41
376.568,True,65.36,-85.55
376.666,True,63.57,-85.47
376.770,True,59.61,-81.66
376.864,True,59.83,-76.04
376.961,True,58.68,-76.51
377.065,True,56.03,-79.10
377.159,True,53.45,-81.07
377.264,True,53.04,-78.00
377.366,True,52.54,-73.42
377.466,True,52.81,-71.11
377.566,True,52.92,-70.52
377.658,True,54.25,-70.34
377.766,True,54.35,-74.40
377.864,True,52.82,-80.55
377.958,True,53.85,-95.96
378.066,True,57.47,-107.38
378.160,True,58.23,-107.67
378.264,True,56.06,-102.56
378.362,True,53.60,-98.77
378.465,True,53.92,-90.67
378.570,True,54.78,-82.49
378.660,True,58.57,-79.08
378.763,True,65.18,-65.72
378.867,True,68.03,-54.25
378.962,True,76.59,-56.59
379.065,True,81.00,-59.90
379.158,True,77.91,-72.76
379.266,True,66.37,-71.01
379.359,True,70.52,-65.05
379.467,True,73.52,-60.93
379.565,True,75.27,-56.86
379.661,True,77.61,-56.23
379.768,True,78.41,-55.63
379.866,True,76.61,-55.64
379.966,True,76.76,-53.59
380.056,True,75.71,-54.00
380.158,True,79.68,-54.63
380.271,True,83.70,-52.59
380.359,True,84.91,-50.61
380.466,True,80.56,-50.15
380.556,True,77.58,-50.15
380.665,True,74.30,-51.02
380.769,True,74.34,-51.78
380.859,True,73.44,-54.76
380.959,True,72.91,-58.22
381.072,True,72.57,-54.67
381.160,True,72.55,-51.50
381.268,True,72.69,-50.14
381.356,True,74.93,-49.16
381.462,True,78.55,-54.54
381.567,True,85.96,-69.23
381.669,True,90.85,-77.05
381.766,True,90.29,-79.08
381.857,True,90.71,-81.05
381.967,True,83.82,-85.47
382.057,True,87.94,-72.39
382.158,True,85.84,-63.91
382.261,True,84.73,-59.86
382.360,True,81.43,-58.64
382.458,True,78.03,-65.13
382.565,True,76.07,-67.11
382.669,True,75.65,-66.90
382.765,True,77.31,-57.03
382.859,True,80.19,-61.21
382.957,True,77.48,-77.92
383.058,True,76.33,-81.96
383.162,True,76.07,-81.34
383.265,True,74.89,-78.66
383.371,True,74.43,-75.27
383.459,True,74.69,-74.49
383.570,True,73.97,-73.07
383.662,True,74.46,-72.34
383.767,True,74.05,-72.47
383.870,True,73.94,-71.81
383.960,True,74.51,-73.42
384.064,True,76.08,-73.46
384.168,True,80.82,-73.31
384.268,True,81.48,-75.86
384.363,True,80.65,-79.47
384.466,True,80.99,-81.04
384.558,True,78.78,-78.26
384.664,True,76.80,-74.86
