=== 数据记录开始于 2026-01-05 15:47:20 ===
48.079,True,-81.16,49.68
48.172,True,-89.33,60.39
48.273,True,-95.94,58.28
48.371,True,-93.22,56.32
48.471,True,52.90,-116.50
48.579,True,55.38,-124.18
48.678,True,54.60,-127.14
48.772,True,68.63,-113.57
48.879,True,82.23,-101.96
48.975,True,83.63,-99.28
49.070,True,84.01,-97.70
49.173,True,84.92,-97.28
49.280,False,-2579.32,10155.57
49.381,False,-2673.68,10327.20
49.478,True,126.41,-152.96
49.577,True,119.62,-74.81
49.671,True,109.43,-54.61
49.770,True,111.99,-63.37
49.878,True,113.61,-75.41
49.973,True,117.32,-63.43
50.079,True,123.80,-58.01
50.175,True,124.13,-57.51
50.281,True,123.50,-53.87
50.373,True,126.31,-65.31
50.472,True,125.25,-74.77
50.581,True,122.36,-72.88
50.682,True,113.07,-62.72
50.774,True,51.90,-90.63
50.878,True,49.47,-91.04
50.978,True,52.80,-90.16
51.079,True,83.60,-95.36
51.181,True,87.89,-111.10
51.275,True,87.34,-118.23
51.371,True,85.12,-122.20
51.479,True,-2732.83,10429.92
51.578,True,66.33,-145.30
51.676,True,75.83,-126.88
51.777,True,77.21,-70.23
51.879,True,78.41,-74.77
51.979,True,90.52,-92.68
52.083,True,102.01,-134.14
52.171,True,105.50,-138.24
52.275,True,107.13,-149.33
52.373,True,108.80,-185.00
52.472,True,114.26,-191.54
52.579,True,106.91,-144.46
52.672,True,105.54,-129.95
52.773,True,107.34,-126.55
52.870,True,103.01,-121.80
52.980,True,102.09,-119.63
53.079,True,103.01,-121.14
53.178,True,106.83,-122.61
53.279,True,107.99,-124.46
53.378,True,100.52,-123.58
53.478,True,100.72,-123.35
53.577,True,99.98,-123.74
53.678,True,99.76,-123.68
53.774,True,98.24,-122.24
53.881,True,99.55,-120.72
53.973,True,102.52,-119.23
54.081,True,101.61,-121.12
54.186,True,103.23,-124.62
54.276,True,104.86,-131.79
54.371,True,101.92,-133.46
54.480,True,95.79,-125.90
54.573,True,92.36,-119.73
54.673,True,91.66,-117.95
54.782,True,91.28,-117.71
54.872,True,92.20,-118.88
54.981,True,90.15,-120.29
55.077,True,91.50,-119.83
55.181,True,97.84,-79.03
55.278,True,118.63,54.09
55.374,True,125.17,61.02
55.482,True,127.36,63.56
55.578,True,206.30,76.66
55.670,True,203.03,72.27
55.771,True,213.70,76.51
55.880,True,221.50,73.50
55.978,True,223.65,72.18
56.075,True,209.31,88.14
56.173,True,244.49,84.83
56.275,True,277.87,60.79
56.372,True,-2794.52,10379.59
56.483,True,349.59,52.79
56.580,True,334.86,102.74
56.675,True,301.21,95.10
56.773,True,297.78,95.45
56.878,True,290.77,107.17
56.977,True,286.96,105.09
57.078,True,281.56,98.85
57.174,True,216.01,77.16
57.276,True,90.25,-1.76
57.372,True,91.81,-6.29
57.479,True,72.35,-26.89
57.577,True,48.54,-55.61
57.672,True,43.83,-57.12
57.780,True,42.82,-57.45
57.879,True,43.31,-54.88
57.971,True,44.97,-51.44
58.082,True,47.20,-51.91
58.179,True,45.49,-55.16
58.278,True,44.38,-82.16
58.372,True,-2728.66,10168.03
58.474,True,47.41,-131.77
58.581,True,47.28,-81.29
58.678,True,33.07,-48.92
58.774,True,32.97,-53.77
58.880,True,31.20,-62.71
58.978,True,29.01,-59.05
59.072,True,26.43,-59.02
59.179,True,25.43,-61.31
59.274,True,24.05,-61.54
59.380,True,19.10,-63.09
59.471,True,21.94,-65.52
59.571,True,27.98,-73.22
59.681,True,40.19,-77.51
59.780,True,39.83,-58.11
59.879,True,40.95,-54.99
59.977,True,38.22,-60.14
60.073,True,-2723.43,10118.94
60.179,True,136.02,-13.57
60.276,True,218.56,-8.87
60.373,True,212.22,51.95
60.474,True,-3365.06,11589.96
60.581,True,549.30,31.19
60.681,True,540.57,-8.40
60.782,True,407.94,100.52
60.882,True,367.42,54.41
60.976,True,-5450.07,18367.35
61.073,True,-5280.40,18024.99
61.180,True,-5371.49,18548.98
61.273,True,-13.58,-72.58
61.381,True,1.05,19.17
61.479,True,-31.39,110.73
61.576,True,-51.13,69.46
61.673,True,-4508.88,16131.67
61.772,True,-26.70,-2.94
61.878,True,-37.61,-7.50
61.976,True,-4071.06,14440.80
62.078,True,-3836.64,13514.39
62.172,True,-3707.35,13128.78
62.278,True,0.23,-13.62
62.371,True,26.75,91.00
62.479,True,-3436.45,12407.75
62.577,True,7.22,62.04
62.674,True,-46.65,74.48
62.780,True,-3269.30,12056.11
62.876,True,-3143.12,11733.22
62.975,True,-3136.00,11878.16
63.072,True,48.63,24.64
63.170,True,0.21,173.16
63.275,True,-10.13,204.44
63.372,True,-7.36,135.79
63.479,True,-17.30,137.26
63.576,True,-19.86,141.30
63.679,True,-16.67,139.85
63.779,True,1.68,158.56
63.871,True,4.22,180.36
63.977,True,4.87,176.91
64.082,True,-157.82,137.82
64.180,True,-205.97,98.39
64.276,True,-203.01,99.39
64.372,True,-204.31,112.76
64.482,True,-272.84,117.08
64.580,True,-379.21,117.70
64.679,True,-391.86,120.68
64.773,True,-375.89,129.60
64.880,True,-351.03,130.65
64.971,True,-344.04,130.67
65.079,True,-342.49,129.73
65.178,True,-341.62,129.92
65.273,True,88.34,102.25
65.378,True,151.24,87.95
65.475,True,155.48,85.79
65.572,True,154.83,87.49
65.682,True,154.32,88.69
65.776,True,154.31,88.50
65.876,True,156.90,87.72
65.979,True,156.50,86.13
66.076,True,155.23,83.98
66.175,True,152.57,96.34
66.283,True,144.25,37.02
66.376,True,125.71,-23.13
66.479,True,116.05,154.42
66.581,True,111.58,24.42
66.679,True,108.39,27.26
66.782,True,107.59,18.14
66.877,True,108.06,16.36
66.975,True,108.90,17.07
67.073,True,110.34,10.83
67.179,True,110.89,6.04
67.273,True,110.07,7.57
67.378,True,52.22,1.50
67.475,True,29.22,-15.75
67.571,True,25.43,-21.07
67.676,True,22.19,-22.74
67.770,True,21.31,-22.56
67.880,True,31.71,-17.27
67.978,True,150.97,-19.14
68.076,True,155.60,-21.78
68.174,True,307.83,-12.35
68.272,True,404.72,-3.98
68.370,True,413.92,8.14
68.481,True,-3492.62,13294.81
68.578,True,453.53,-21.56
68.680,True,343.98,-79.19
68.776,True,86.45,-13.54
68.871,True,-24.24,-39.40
68.971,True,-3153.18,12366.94
69.078,True,-80.32,-88.45
69.176,True,-95.47,-58.95
69.277,True,-39.39,19.80
69.379,True,6.89,68.06
69.476,True,18.61,87.37
69.571,True,28.15,107.66
69.679,True,42.98,121.78
69.777,True,53.08,118.06
69.878,True,54.98,109.88
69.979,True,63.12,115.30
70.072,True,63.53,-55.34
70.178,True,78.25,-97.71
70.273,True,84.55,-102.55
70.376,False,-2278.54,8828.16
70.480,True,159.03,-85.29
70.577,True,154.84,-63.75
70.680,True,96.91,-62.59
70.777,True,-45.60,-117.30
70.872,True,-48.63,-124.64
70.971,True,-48.88,-126.31
71.082,True,105.23,-74.71
71.177,True,106.91,-72.21
71.282,True,107.42,-76.31
71.381,True,107.20,-75.70
71.478,True,106.34,-75.26
71.575,True,108.55,-84.59
71.678,True,102.44,-91.71
71.779,True,103.29,-93.15
71.873,True,108.35,-90.50
71.979,True,106.53,-89.96
72.074,True,106.01,-90.54
72.173,True,102.69,-91.10
72.276,True,103.37,-92.37
72.380,True,104.48,-93.18
72.481,True,99.75,-97.24
72.579,True,97.81,-95.22
72.674,True,99.72,-108.63
72.779,True,102.85,-107.88
72.877,True,104.50,-108.65
72.974,True,110.24,-114.18
73.073,True,117.51,-118.22
73.180,True,122.69,-118.62
73.272,True,125.33,-120.88
73.371,True,124.54,-121.03
73.472,True,122.89,-118.95
73.577,True,121.98,-114.68
73.676,True,121.35,-113.18
73.780,True,116.46,-109.97
73.883,True,111.33,-107.51
73.977,True,109.84,-105.41
74.079,True,103.53,-104.10
74.178,True,98.12,-101.48
74.281,True,97.65,-99.63
74.376,True,98.47,-97.06
74.474,True,99.90,-97.36
74.580,True,100.16,-98.06
74.677,True,101.32,-100.79
74.772,True,101.64,-101.14
74.880,True,101.98,-102.73
74.981,True,102.63,-105.54
75.078,True,105.66,-111.02
75.180,True,110.65,-105.31
75.276,True,113.94,-86.65
75.371,True,113.78,-94.34
75.480,True,114.17,-94.30
75.571,True,114.65,-93.75
75.677,True,114.55,-93.62
75.772,True,114.47,-91.73
75.880,True,113.98,-93.32
75.979,True,115.59,-102.20
76.076,True,116.29,-104.32
76.172,True,115.17,-107.89
76.279,True,114.68,-113.27
76.378,True,114.78,-116.42
76.478,True,117.06,-117.91
76.580,True,120.40,-118.28
76.682,True,121.52,-118.25
76.778,True,121.42,-118.05
76.872,True,120.01,-117.81
76.981,True,112.96,-115.30
77.076,True,109.72,-111.71
77.171,True,109.88,-119.60
77.280,True,113.53,-151.71
77.375,True,116.06,-154.80
77.473,True,112.99,-110.45
77.571,True,108.96,-90.35
77.671,True,107.16,-89.71
77.782,True,103.27,-90.66
77.880,True,101.88,-96.08
77.979,True,101.00,-98.93
78.073,True,101.18,-98.25
78.176,True,101.44,-96.64
78.280,True,101.49,-94.95
78.372,True,103.60,-95.78
78.473,True,107.87,-96.65
78.572,True,107.19,-99.10
78.678,True,107.78,-103.82
78.774,True,108.76,-106.75
78.874,True,108.33,-107.22
78.981,True,106.31,-107.27
79.073,True,104.56,-106.93
79.180,True,103.28,-106.46
79.280,True,102.22,-106.00
79.378,True,102.25,-105.11
79.477,True,101.78,-101.55
79.572,True,99.92,-101.49
79.672,True,100.33,-101.50
79.780,True,100.81,-102.25
79.877,True,103.64,-104.57
79.974,True,101.18,-107.60
80.079,True,100.49,-107.59
80.181,True,106.88,-108.15
80.279,True,115.72,-111.37
80.376,True,118.24,-113.65
80.472,True,117.43,-113.24
80.582,True,115.19,-110.13
80.681,True,109.01,-105.51
80.773,True,101.61,-101.19
80.876,True,99.01,-96.93
80.974,True,99.00,-95.45
81.075,True,98.43,-94.74
81.178,True,98.02,-94.56
81.277,True,98.20,-93.82
81.373,True,99.59,-93.11
81.475,False,-2136.11,8305.01
81.573,True,107.00,-115.30
81.675,True,108.54,-71.23
81.772,True,103.69,-74.20
81.879,True,99.84,-78.73
81.979,True,95.97,-79.61
82.077,True,96.45,-84.10
82.183,True,98.97,-92.16
82.270,True,99.14,-97.74
82.371,True,97.88,-98.64
82.479,True,98.96,-98.42
82.577,True,101.87,-98.24
82.678,True,102.66,-99.13
82.780,True,101.07,-97.12
82.881,True,101.27,-100.61
82.977,True,101.74,-104.66
83.081,True,101.99,-105.71
83.178,True,102.47,-107.04
83.274,True,102.86,-107.05
83.384,True,104.23,-106.18
83.475,True,105.17,-107.03
83.581,True,104.35,-107.26
83.680,True,105.78,-113.20
83.774,True,106.57,-114.31
83.873,True,104.20,-108.04
83.974,True,102.92,-100.79
84.076,True,105.75,-107.26
84.180,True,104.88,-99.36
84.281,True,104.06,-91.89
84.377,True,100.92,-89.34
84.475,True,100.69,-89.35
84.582,True,101.46,-89.17
84.671,True,102.48,-89.60
84.782,True,103.28,-89.98
84.879,True,104.44,-93.41
84.978,True,106.33,-92.92
85.082,True,107.38,-92.48
85.179,True,106.39,-95.36
85.281,True,106.97,-97.40
85.372,True,106.02,-98.02
85.473,True,105.53,-100.15
85.581,True,104.91,-104.05
85.679,True,104.71,-103.98
85.779,True,105.18,-103.38
85.877,True,104.16,-103.72
85.972,True,103.57,-103.12
86.073,True,104.01,-106.06
86.181,True,103.95,-107.68
86.282,True,105.26,-107.10
86.372,True,106.45,-106.13
86.477,True,109.10,-106.39
86.571,True,109.82,-105.73
86.682,True,107.55,-107.55
86.778,True,105.60,-106.94
86.873,True,104.06,-108.25
86.972,True,102.68,-108.40
87.080,True,102.70,-108.29
87.173,True,103.00,-108.88
87.281,True,103.22,-106.03
87.379,True,101.92,-99.68
87.475,True,98.71,-93.65
87.572,True,95.94,-89.18
87.683,True,96.37,-87.75
87.782,True,97.18,-87.50
87.878,True,98.93,-85.69
87.977,True,99.29,-84.38
88.073,True,99.91,-84.12
88.174,True,102.18,-87.20
88.272,True,103.02,-90.80
88.374,True,103.54,-93.49
88.474,True,102.58,-96.02
88.576,True,101.25,-98.66
88.670,True,101.72,-100.95
88.783,True,105.91,-103.00
88.872,True,108.87,-100.30
88.976,True,109.81,-99.83
89.072,True,108.88,-100.39
89.170,True,109.53,-103.92
89.282,True,108.38,-105.24
89.371,True,108.34,-102.96
89.477,True,110.08,-100.26
89.571,True,113.55,-99.93
89.678,True,116.08,-98.76
89.778,True,115.61,-101.32
89.878,True,115.69,-100.73
89.973,True,115.70,-99.08
90.072,True,115.53,-98.36
90.180,True,116.42,-98.39
90.273,True,117.40,-98.65
90.379,True,116.64,-98.92
90.478,True,115.22,-98.38
90.573,True,115.23,-100.76
90.682,True,114.37,-101.12
90.782,True,114.55,-99.94
90.872,True,114.35,-100.72
90.984,True,114.39,-101.75
91.076,True,113.85,-104.10
91.171,True,113.15,-105.59
91.273,True,113.23,-107.30
91.371,True,112.33,-104.22
91.472,True,110.81,-94.33
91.576,True,108.33,-85.79
91.672,True,108.88,-86.17
91.782,True,109.45,-86.59
91.879,True,106.55,-85.32
91.978,True,106.85,-84.67
92.078,True,108.48,-91.45
92.173,True,110.45,-93.45
92.281,True,109.66,-95.23
92.377,True,106.09,-95.31
92.476,True,106.13,-96.83
92.578,True,106.05,-96.69
92.678,True,105.40,-96.78
92.774,True,104.83,-97.70
92.882,True,106.15,-99.56
92.979,True,105.90,-100.70
93.076,True,106.72,-99.05
93.171,True,105.63,-97.50
93.277,True,105.04,-98.72
93.376,True,103.82,-98.70
93.477,True,102.96,-99.11
93.579,True,104.08,-99.95
93.679,True,105.49,-100.75
93.778,True,107.75,-97.98
93.870,True,107.98,-95.82
93.970,True,106.89,-94.55
94.074,True,107.48,-96.59
94.180,True,108.37,-100.11
94.276,True,108.08,-99.35
94.373,True,109.93,-100.94
94.476,True,110.03,-104.57
94.575,True,110.74,-107.67
94.674,True,111.99,-104.94
94.780,True,109.51,-103.67
94.874,True,109.56,-103.82
94.978,True,110.16,-104.76
95.077,True,105.89,-100.59
95.173,True,101.26,-93.18
95.281,True,100.39,-87.53
95.378,True,100.32,-83.14
95.484,True,101.51,-80.97
95.572,True,100.66,-81.69
95.682,True,99.99,-84.75
95.782,True,102.24,-86.74
95.876,True,103.69,-89.40
95.974,True,104.28,-94.44
96.073,True,105.13,-100.94
96.171,True,105.71,-99.17
96.280,True,107.31,-97.80
96.371,True,107.84,-97.03
96.480,True,108.25,-96.50
96.578,True,109.42,-98.26
96.680,True,110.52,-100.74
96.772,True,109.47,-99.84
96.872,True,108.90,-98.77
96.975,True,109.71,-99.88
97.075,True,112.10,-100.27
97.176,True,111.19,-100.65
97.276,True,108.34,-100.08
97.380,True,106.69,-101.48
97.479,True,105.56,-101.07
97.582,True,104.27,-101.88
97.671,True,104.14,-102.63
97.777,True,103.30,-104.63
97.871,True,103.67,-105.38
97.978,True,103.68,-105.62
98.077,True,104.44,-104.17
98.177,True,105.05,-99.80
98.276,True,105.00,-95.88
98.373,True,105.31,-92.25
98.470,True,106.00,-91.89
98.574,True,107.50,-93.30
98.683,True,110.47,-95.21
98.782,True,109.71,-95.56
98.873,True,108.98,-93.42
98.980,True,105.92,-91.66
99.079,True,105.26,-93.89
99.174,True,105.54,-95.67
99.275,True,105.99,-94.37
99.374,True,106.55,-90.37
99.471,True,106.60,-90.38
99.574,True,100.51,-88.78
99.676,True,95.40,-83.02
99.780,True,92.19,-81.39
99.875,True,90.48,-81.13
99.974,True,89.14,-81.40
100.078,True,93.38,-77.55
100.176,True,95.01,-77.55
100.280,True,95.30,-77.77
100.379,True,96.17,-78.19
100.482,True,95.39,-79.45
100.575,True,95.70,-90.64
100.678,True,101.46,-91.35
100.780,True,109.08,-94.49
100.878,True,113.78,-94.32
100.973,True,108.15,-91.46
101.078,True,102.87,-91.06
101.179,True,103.10,-89.81
101.280,True,101.85,-86.03
101.372,True,99.81,-81.77
101.471,True,99.59,-79.56
101.577,True,99.88,-77.02
101.678,True,101.03,-75.01
101.778,True,101.75,-73.85
101.874,True,101.88,-71.94
101.972,True,101.80,-72.39
102.080,True,102.06,-78.85
102.171,True,102.79,-81.39
102.272,True,103.65,-81.26
102.380,True,106.52,-79.31
102.477,True,108.44,-76.25
102.574,True,109.97,-75.46
102.677,True,112.82,-80.01
102.784,True,113.91,-84.22
102.871,True,113.72,-86.81
102.973,True,113.99,-86.87
103.079,True,116.96,-88.51
103.181,True,120.43,-88.57
103.272,True,121.13,-87.70
103.382,True,120.31,-86.54
103.482,True,118.48,-87.98
103.577,True,115.80,-89.10
103.676,True,114.00,-88.80
103.773,True,113.07,-88.38
103.871,True,113.19,-86.50
103.971,True,113.13,-84.28
104.082,True,112.42,-84.89
104.171,True,112.49,-88.28
104.278,True,115.47,-90.00
104.372,True,114.80,-89.96
104.475,True,110.48,-88.06
104.582,True,107.26,-83.02
104.682,True,108.07,-52.62
104.779,True,106.13,-49.21
104.882,True,105.19,-48.68
104.979,False,-1971.51,7365.97
105.082,True,133.38,-65.36
105.171,True,126.15,-67.57
105.273,True,115.95,-71.37
105.378,True,112.50,-79.13
105.475,True,111.65,-85.05
105.576,True,107.08,-85.14
105.672,True,104.61,-88.36
105.776,True,104.73,-91.66
105.877,True,104.84,-100.98
105.972,True,104.71,-101.78
106.080,True,105.13,-103.83
106.177,True,107.02,-105.27
106.272,True,108.29,-104.42
106.372,True,107.03,-100.85
106.477,True,107.61,-97.43
106.581,True,106.73,-105.53
106.670,True,102.18,-105.84
106.780,True,99.02,-112.10
106.878,True,99.63,-112.74
106.979,True,101.34,-111.74
107.079,True,101.49,-108.98
107.177,True,103.36,-109.81
107.273,True,107.72,-110.44
107.380,True,108.86,-114.31
107.472,True,106.67,-115.59
107.571,True,105.50,-115.53
107.670,True,105.92,-114.98
107.774,True,109.10,-115.39
107.877,True,111.14,-115.54
107.978,True,112.35,-116.78
108.079,True,111.79,-115.77
108.175,True,110.28,-107.88
108.277,True,109.85,-98.77
108.373,True,105.57,-92.07
108.471,True,104.60,-86.37
108.580,True,103.35,-86.43
108.681,True,102.11,-87.99
108.780,True,102.46,-93.71
108.876,True,102.27,-103.89
108.981,True,100.87,-103.16
109.078,True,100.20,-102.52
109.176,True,101.27,-100.63
109.274,True,102.98,-103.84
109.372,True,103.55,-102.58
109.470,True,105.82,-99.98
109.581,True,105.39,-105.77
109.679,True,104.03,-107.49
109.777,True,106.24,-104.17
109.871,True,108.23,-98.15
109.972,True,108.78,-98.57
110.073,True,107.45,-105.33
110.174,True,106.60,-106.99
110.272,True,106.89,-106.57
110.383,True,104.83,-108.63
110.481,True,105.38,-109.45
110.574,True,108.95,-109.38
110.677,True,106.72,-109.55
110.780,True,106.13,-105.68
110.877,True,107.84,-98.97
110.979,True,109.80,-99.06
111.073,True,112.08,-100.17
111.171,True,112.07,-96.27
111.277,True,112.76,-93.47
111.375,True,113.64,-92.29
111.471,True,112.62,-91.53
111.577,True,105.26,-90.32
111.673,True,103.70,-86.71
111.773,True,103.67,-81.83
111.870,True,102.75,-80.58
111.971,True,102.79,-75.22
112.078,True,103.13,-74.52
112.176,True,103.70,-73.84
112.277,True,104.62,-76.92
112.370,True,104.72,-85.01
112.480,True,104.33,-96.06
112.573,True,104.41,-99.34
112.676,True,103.40,-98.54
112.773,True,102.45,-98.98
112.880,True,102.66,-98.49
112.979,True,101.75,-98.35
113.079,True,103.60,-96.72
113.179,True,107.32,-95.55
113.275,True,110.10,-95.31
113.371,True,110.68,-96.04
113.481,True,114.24,-96.89
113.579,True,115.48,-97.71
113.674,True,117.95,-96.75
113.777,True,115.52,-95.18
113.875,True,113.23,-96.92
113.975,True,113.13,-98.55
114.071,True,112.04,-99.57
114.172,True,109.17,-101.14
114.281,True,107.77,-107.29
114.379,True,107.39,-107.61
114.475,True,107.79,-107.61
114.576,True,107.89,-107.44
114.682,True,108.02,-108.27
114.771,True,105.99,-107.10
114.873,True,103.76,-107.28
114.982,True,102.77,-110.47
115.081,True,102.50,-110.56
115.172,True,101.33,-108.69
115.271,True,98.93,-99.49
115.371,True,96.72,-93.05
115.480,True,95.92,-91.75
115.572,True,94.11,-92.17
115.671,True,93.24,-94.04
115.772,True,94.09,-96.24
115.879,True,97.39,-94.84
115.980,True,97.84,-94.39
116.074,True,98.73,-95.43
116.178,True,103.14,-95.02
116.280,True,107.22,-91.99
116.376,True,108.53,-91.29
116.475,True,107.63,-95.54
116.584,True,108.50,-106.91
116.678,True,107.70,-101.61
116.774,True,105.57,-97.25
116.871,True,105.91,-94.34
116.979,True,106.96,-94.75
117.073,True,107.11,-92.98
117.176,True,105.85,-93.38
117.277,True,101.82,-93.53
117.372,True,104.48,-91.47
117.470,True,110.66,-91.26
117.578,True,114.18,-94.20
117.681,True,116.00,-95.65
117.780,True,114.73,-97.47
117.882,True,112.86,-98.67
117.979,True,111.47,-103.13
118.073,True,109.94,-106.22
118.180,True,107.19,-103.32
118.279,True,104.80,-95.93
118.374,True,106.87,-87.33
118.475,True,109.58,-80.70
118.571,True,109.74,-76.36
118.682,True,107.07,-74.48
118.782,True,108.09,-76.17
118.878,True,109.74,-85.41
118.978,True,112.08,-82.65
119.076,True,112.50,-80.25
119.172,True,110.02,-83.91
119.272,True,105.63,-88.42
119.373,True,106.54,-89.47
119.481,True,108.60,-91.07
119.578,True,110.42,-91.99
119.674,True,110.89,-93.37
119.774,True,108.70,-93.93
119.871,True,105.22,-91.25
119.980,True,103.32,-89.19
120.081,True,102.28,-87.98
120.175,True,102.32,-88.34
120.274,True,103.43,-90.58
120.378,True,103.59,-93.20
120.477,True,99.94,-92.69
120.577,True,100.07,-96.06
120.674,True,102.16,-97.59
120.772,True,103.42,-97.55
120.878,True,102.19,-95.02
120.978,True,104.06,-93.11
121.076,True,107.45,-93.79
121.174,True,107.15,-95.20
121.277,True,107.58,-97.41
121.377,True,111.09,-99.17
121.478,True,110.39,-100.94
121.579,True,111.68,-101.45
121.677,True,115.75,-98.94
121.776,True,114.42,-97.03
121.871,True,114.13,-92.55
121.971,True,115.71,-87.62
122.081,True,116.43,-84.79
122.175,True,118.63,-84.03
122.273,True,118.72,-76.70
122.371,True,118.95,-74.82
122.483,True,119.71,-74.78
122.579,True,121.92,-75.08
122.679,True,123.77,-74.87
122.777,True,122.40,-76.92
122.879,True,122.92,-81.83
122.977,True,121.72,-81.37
123.077,True,121.32,-80.57
123.175,True,120.58,-80.12
123.271,True,121.09,-80.45
123.371,True,121.21,-79.96
123.472,True,122.49,-80.15
123.583,True,122.63,-81.28
123.672,True,124.08,-81.37
123.780,True,123.76,-78.69
123.883,True,121.59,-79.54
123.981,True,123.07,-80.78
124.081,True,123.89,-77.88
124.180,True,125.39,-72.93
124.273,True,126.94,-72.43
124.376,True,126.74,-73.08
124.482,True,126.48,-74.55
124.576,True,123.06,-76.88
124.670,True,118.11,-81.70
124.779,True,113.95,-87.10
124.878,True,113.89,-88.70
124.974,True,119.28,-87.26
125.074,True,122.58,-87.79
125.179,True,124.33,-87.12
125.278,True,124.02,-84.69
125.375,True,121.79,-82.11
125.473,True,121.68,-79.25
125.577,True,123.72,-76.98
125.680,True,125.59,-76.48
125.781,True,125.99,-76.22
125.879,True,127.33,-75.78
125.981,True,130.19,-78.70
126.076,True,131.17,-80.86
126.176,True,132.07,-80.51
126.276,True,131.34,-80.11
126.376,True,130.88,-79.30
126.472,True,130.87,-78.61
126.571,True,130.14,-78.31
126.682,True,132.04,-75.04
126.781,True,132.47,-75.98
126.879,True,131.25,-76.08
126.972,True,131.00,-76.65
127.071,True,131.30,-77.41
127.179,True,131.46,-77.62
127.281,True,131.81,-76.86
127.383,True,125.23,-76.07
127.481,True,114.29,-71.56
127.571,True,104.72,-71.20
127.682,True,98.56,-71.89
127.780,True,95.84,-73.08
127.871,True,95.78,-71.65
127.974,True,93.81,-72.21
128.075,True,92.05,-72.72
128.171,True,92.62,-73.40
128.278,True,94.99,-72.15
128.371,True,95.82,-72.22
128.479,True,93.30,-72.43
128.578,True,91.12,-73.25
128.675,True,92.72,-74.94
128.773,True,94.35,-75.20
128.877,True,97.87,-72.56
128.972,True,100.08,-71.34
129.077,True,101.61,-70.05
129.171,True,101.68,-69.56
129.281,True,100.33,-70.81
129.381,True,101.43,-71.27
129.481,True,101.99,-75.71
129.578,True,107.58,-77.34
129.680,True,107.83,-72.62
129.778,True,100.71,-69.79
129.874,True,102.94,-65.84
129.977,True,101.72,-68.42
130.076,True,101.80,-78.51
130.172,True,101.40,-81.11
130.271,True,100.86,-81.66
130.372,True,100.04,-81.01
130.478,True,99.55,-78.81
130.575,True,98.34,-73.80
130.681,True,101.67,-64.17
130.783,True,102.46,-62.87
130.879,True,100.44,-63.91
130.971,True,100.54,-64.67
131.078,True,99.55,-66.53
131.173,True,96.37,-68.20
131.281,True,97.24,-71.22
131.376,True,97.54,-73.02
131.473,True,100.31,-72.95
131.572,True,102.63,-71.64
131.676,True,105.09,-72.26
131.779,True,102.94,-74.57
131.877,True,98.85,-78.55
131.973,True,98.40,-81.20
132.071,True,99.98,-82.78
132.180,True,101.48,-77.46
132.271,True,100.19,-76.48
132.370,True,99.85,-78.29
132.477,True,101.01,-76.91
132.577,True,100.55,-75.55
132.674,True,99.61,-74.39
132.772,True,98.89,-74.58
132.871,True,97.90,-78.17
132.985,True,97.46,-82.94
133.082,True,97.85,-83.67
133.173,True,98.04,-82.75
133.278,True,95.07,-77.76
133.372,True,94.21,-71.17
133.470,True,92.85,-69.86
133.581,True,93.22,-72.01
133.681,True,96.70,-73.49
133.781,True,96.84,-72.54
133.871,True,98.06,-70.89
133.972,True,99.46,-69.26
134.075,True,98.65,-70.97
134.182,True,94.25,-79.37
134.273,True,96.62,-78.91
134.384,True,96.17,-86.17
134.472,True,94.94,-91.16
134.574,True,95.41,-92.75
134.671,True,93.73,-93.67
134.777,True,92.15,-94.22
134.877,True,91.47,-94.90
134.972,True,94.65,-94.88
135.072,True,100.89,-94.21
135.181,True,102.25,-94.05
135.281,True,100.90,-96.07
135.379,True,101.97,-97.30
135.478,True,99.67,-100.88
135.577,True,95.09,-105.35
135.678,True,92.78,-107.25
135.777,True,93.78,-105.61
135.878,True,96.49,-93.04
135.980,True,96.88,-83.41
136.075,True,94.61,-81.73
136.172,True,92.78,-83.93
136.273,True,96.63,-91.68
136.372,True,100.94,-91.87
136.470,True,93.65,-89.08
136.576,True,99.77,-86.25
136.675,True,114.82,-107.73
136.773,True,117.86,-98.25
136.872,True,113.08,-78.84
136.981,True,105.51,-81.08
137.072,True,91.39,-78.47
137.171,True,83.76,-75.56
137.279,True,75.97,-81.39
137.379,True,79.61,-81.69
137.477,True,83.93,-80.55
137.573,True,85.74,-82.89
137.677,True,88.29,-84.08
137.782,True,88.53,-71.88
137.880,True,98.03,-72.12
137.977,True,114.94,-76.37
138.075,True,120.45,-88.70
138.171,True,121.84,-101.86
138.277,True,119.99,-100.02
138.379,True,113.47,-98.11
138.474,True,111.74,-98.07
138.577,True,108.82,-98.91
138.678,True,105.74,-103.45
138.771,True,108.59,-105.58
138.880,True,108.58,-104.34
138.981,True,105.37,-91.24
139.077,True,94.56,-85.88
139.173,True,89.40,-84.79
139.271,True,90.07,-81.55
139.379,True,90.36,-86.86
139.477,True,106.76,-60.48
139.579,True,114.89,-74.64
139.682,True,124.88,-81.35
139.777,True,103.50,-48.83
139.882,True,103.08,-50.88
139.978,True,103.50,-50.63
140.076,True,106.40,-51.34
140.171,True,103.68,-60.28
140.278,True,99.84,-78.97
140.373,True,98.08,-86.55
140.473,True,100.17,-88.35
140.582,True,102.20,-90.46
140.677,True,101.49,-92.81
140.777,True,101.87,-93.35
140.874,True,103.09,-89.67
140.973,True,102.35,-86.74
141.071,True,102.24,-85.02
141.181,True,103.41,-86.04
141.277,True,105.26,-87.59
141.371,True,106.30,-90.90
141.478,True,106.46,-96.71
141.574,True,106.20,-97.91
141.674,True,107.18,-93.17
141.770,True,105.24,-84.18
141.871,True,99.81,-83.52
141.976,True,100.28,-90.30
142.081,True,103.11,-96.01
142.177,True,103.31,-96.80
142.276,True,102.62,-98.55
142.377,True,102.96,-100.31
142.471,True,102.76,-93.87
142.572,True,103.91,-75.67
142.671,True,103.09,-78.61
142.779,True,101.54,-76.59
142.876,True,100.57,-76.50
142.976,True,99.38,-78.44
143.074,True,101.31,-83.17
143.177,True,102.19,-84.95
143.281,True,103.23,-79.16
143.382,True,101.91,-73.94
143.480,True,97.66,-70.17
143.577,True,97.33,-71.40
143.675,True,103.28,-71.83
143.773,True,107.62,-70.95
143.883,True,108.39,-68.47
143.981,True,109.51,-64.19
144.070,True,113.19,-66.62
144.175,True,114.74,-68.45
144.276,True,115.11,-70.74
144.375,True,111.34,-65.39
144.472,True,101.74,-62.78
144.575,True,96.39,-63.36
144.674,True,89.07,-63.00
144.779,True,92.07,-62.27
144.871,True,97.08,-63.63
144.977,True,96.79,-63.97
145.081,True,93.94,-65.79
145.182,True,92.01,-68.18
145.273,True,92.13,-68.85
145.370,True,91.37,-72.98
145.476,True,95.28,-73.20
145.578,True,96.98,-74.48
145.673,True,97.21,-73.00
145.772,True,96.33,-72.29
145.882,True,97.75,-75.01
145.979,True,100.04,-75.65
146.081,True,97.70,-71.80
146.171,True,97.14,-66.32
146.273,True,95.44,-56.18
146.376,True,95.87,-53.87
146.472,True,102.77,-56.92
146.581,True,103.42,-58.70
146.679,True,102.83,-61.85
146.775,True,102.14,-60.55
146.873,True,104.28,-62.48
146.976,True,103.59,-66.00
147.081,True,101.02,-66.64
147.178,True,100.37,-65.70
147.279,True,99.33,-68.29
147.372,True,97.07,-70.23
147.482,True,97.32,-69.28
147.579,True,97.73,-69.47
147.672,True,95.59,-70.38
147.770,True,94.66,-69.94
147.873,True,96.20,-70.66
147.971,True,96.74,-69.47
148.073,True,96.45,-69.12
148.174,True,100.53,-68.50
148.274,True,102.58,-68.14
148.381,True,101.80,-66.70
148.471,True,101.28,-69.88
148.578,True,101.39,-72.02
148.673,True,100.03,-72.47
148.770,True,98.57,-73.25
148.877,True,100.99,-72.99
148.978,True,104.20,-72.12
149.072,True,103.58,-73.67
149.174,True,103.37,-75.13
149.277,True,104.99,-75.98
149.372,True,103.99,-74.80
149.472,True,104.21,-71.44
149.571,True,105.51,-68.09
149.683,True,109.61,-66.08
149.771,True,109.79,-65.96
149.880,True,107.98,-66.52
149.977,True,107.55,-67.93
150.075,True,107.90,-68.66
150.172,True,107.35,-67.53
150.278,True,109.37,-64.51
150.377,True,111.37,-64.91
150.478,True,110.92,-66.23
150.582,True,111.18,-66.64
150.681,True,109.61,-67.62
150.777,True,110.48,-65.00
150.875,True,113.82,-61.00
150.972,True,118.46,-60.55
151.071,True,118.63,-53.87
151.178,True,119.05,-48.01
151.278,True,119.56,-46.64
151.375,True,119.88,-49.48
151.481,True,119.62,-52.09
151.584,True,117.77,-53.19
151.671,True,117.93,-52.81
151.781,True,118.24,-51.94
151.879,True,116.42,-51.16
151.978,True,114.89,-51.84
152.075,True,110.53,-53.95
152.175,True,109.80,-53.19
152.279,True,108.90,-55.95
152.379,True,107.97,-59.66
152.476,True,103.78,-60.63
152.578,True,104.19,-59.95
152.675,True,105.59,-63.36
152.778,True,107.12,-61.27
152.886,True,95.66,-51.71
152.973,True,87.03,-52.39
153.075,True,87.35,-53.24
153.177,True,88.45,-53.39
153.278,True,88.21,-50.88
153.379,True,90.34,-53.12
153.474,True,93.68,-56.86
153.579,True,96.78,-57.46
153.679,True,96.99,-57.83
153.778,True,97.59,-59.81
153.873,True,98.75,-62.29
153.973,True,95.91,-65.13
154.072,True,94.19,-67.28
154.170,True,93.64,-68.68
154.276,True,95.21,-68.92
154.374,True,94.63,-68.86
154.476,True,93.82,-68.38
154.577,True,92.47,-67.49
154.676,True,91.86,-67.26
154.781,True,91.60,-66.53
154.880,True,90.99,-68.21
154.981,True,91.53,-69.23
155.079,True,93.00,-68.18
155.178,True,93.77,-68.42
155.272,True,93.11,-68.03
155.382,True,91.87,-67.29
155.476,True,91.35,-67.40
155.576,True,90.45,-67.72
155.674,True,89.70,-66.23
155.773,True,90.45,-64.77
155.874,True,91.24,-61.24
155.978,True,90.83,-59.44
156.075,True,89.92,-59.58
156.183,True,93.33,-62.25
156.278,True,93.52,-62.42
156.376,True,92.13,-60.29
156.477,True,91.41,-55.13
156.575,True,92.70,-52.41
156.674,True,94.12,-52.37
156.771,True,93.72,-52.77
156.881,True,93.57,-56.09
156.976,True,93.53,-59.88
157.075,True,93.29,-63.22
157.179,True,92.02,-66.82
157.277,True,94.02,-69.58
157.371,True,96.56,-72.49
157.481,True,93.36,-72.40
157.575,True,91.66,-72.25
157.677,True,90.77,-73.03
157.775,True,91.12,-73.20
157.875,True,90.38,-73.62
157.973,True,88.88,-74.92
158.075,True,89.18,-75.32
158.180,True,89.46,-75.00
158.277,True,89.24,-75.95
158.376,True,87.18,-90.68
158.475,True,87.04,-94.06
158.572,True,87.66,-95.22
158.674,True,88.52,-99.14
158.776,True,89.65,-99.79
158.880,True,90.60,-100.83
158.978,True,91.60,-100.48
159.072,True,90.71,-99.97
159.176,True,89.07,-97.64
159.274,True,88.07,-96.73
159.382,True,88.69,-96.41
159.482,True,90.38,-96.41
159.572,True,94.12,-97.17
159.674,True,95.24,-97.21
159.772,True,96.40,-97.98
159.870,True,96.86,-100.52
159.970,True,96.06,-101.38
160.075,True,94.11,-101.14
160.172,True,91.87,-101.76
160.282,True,86.04,-95.83
160.378,True,83.22,-91.64
160.477,True,82.59,-94.84
160.572,True,84.27,-101.19
160.676,True,86.82,-100.84
160.775,True,88.51,-100.46
160.871,True,90.02,-98.65
160.972,True,92.06,-96.22
161.079,True,95.41,-96.92
161.171,True,97.43,-97.78
161.272,True,97.67,-99.29
161.379,True,96.67,-99.73
161.473,True,97.43,-87.77
161.570,True,97.44,-85.97
161.678,True,96.02,-88.12
161.771,True,96.47,-98.21
161.878,True,96.13,-99.69
161.981,True,93.58,-99.34
162.081,True,92.29,-89.18
162.175,True,91.53,-82.39
162.272,True,93.53,-78.12
162.370,True,95.30,-79.54
162.478,True,100.32,-88.76
162.578,True,101.66,-89.23
162.677,True,101.54,-79.96
162.778,True,101.76,-78.66
162.875,True,100.19,-78.34
162.977,True,99.58,-79.04
163.073,True,99.77,-80.90
163.170,True,101.35,-70.02
163.272,True,102.00,-65.87
163.372,True,97.34,-72.34
163.475,True,92.61,-82.70
163.573,True,91.42,-86.85
163.672,True,92.70,-79.36
163.772,True,96.28,-74.82
163.881,True,98.30,-74.81
163.978,True,99.94,-74.71
164.079,True,99.92,-75.25
164.177,True,101.34,-75.30
164.275,True,100.30,-76.14
164.370,True,97.94,-77.93
164.471,True,96.02,-80.17
164.576,True,96.80,-79.14
164.678,True,98.08,-79.77
164.772,True,98.94,-78.81
164.881,True,97.63,-79.36
164.979,True,94.99,-80.89
165.079,True,91.40,-80.77
165.179,True,90.24,-78.79
165.281,True,90.79,-77.07
165.378,True,91.22,-75.67
165.481,True,89.98,-74.06
165.578,True,87.13,-73.67
165.683,True,84.76,-73.15
165.779,True,82.63,-72.75
165.881,True,83.76,-71.62
165.980,True,87.16,-65.85
166.075,True,90.21,-61.21
166.177,True,91.13,-56.89
166.274,True,91.52,-55.98
166.377,True,91.42,-56.84
166.480,True,92.14,-57.67
166.576,True,93.38,-61.27
166.678,True,94.96,-65.53
166.777,True,97.11,-67.15
166.876,True,97.92,-66.54
166.972,True,98.45,-66.49
167.073,True,96.17,-64.99
167.172,True,93.72,-64.94
167.272,True,93.05,-66.21
167.372,True,92.63,-67.40
167.480,True,92.57,-68.52
167.574,True,93.96,-69.09
167.673,True,96.30,-68.72
167.774,True,95.16,-68.59
167.873,True,92.62,-64.90
167.973,True,90.75,-64.47
168.075,True,88.63,-64.09
168.174,True,87.60,-64.74
168.279,True,88.30,-65.17
168.374,True,92.85,-64.11
168.471,True,93.29,-62.64
168.581,True,93.51,-61.65
168.678,True,94.18,-62.50
168.774,True,92.06,-63.43
168.882,True,89.45,-64.07
168.978,True,87.20,-63.97
169.075,True,89.11,-60.63
169.175,True,88.04,-58.47
169.279,True,88.30,-58.56
169.372,True,88.96,-61.44
169.472,True,89.09,-61.26
169.579,True,88.60,-60.03
169.679,True,88.46,-57.01
169.777,True,88.85,-55.56
169.876,True,90.05,-53.18
169.977,True,93.48,-50.27
170.074,True,92.65,-49.82
170.183,True,92.27,-47.96
170.271,True,92.55,-47.91
170.382,True,92.75,-51.42
170.481,True,95.42,-53.99
170.572,True,95.25,-55.86
170.674,True,92.23,-58.49
170.780,True,92.55,-60.20
170.882,True,94.05,-60.34
170.977,True,94.02,-57.16
171.081,True,87.29,-53.80
171.175,True,86.36,-55.03
171.271,True,87.43,-57.07
171.378,True,90.49,-60.19
171.481,True,91.77,-62.57
171.581,True,93.42,-64.82
171.678,True,94.35,-66.91
171.776,True,96.32,-66.73
171.882,True,96.92,-64.84
171.972,True,97.08,-65.81
172.075,True,101.37,-65.36
172.175,True,92.22,-57.70
172.273,True,81.20,-58.17
172.374,True,82.72,-66.78
172.476,True,83.19,-65.64
172.575,True,65.07,-63.86
172.676,True,61.55,-61.94
172.778,True,68.14,-76.81
172.878,True,134.06,-88.83
172.976,True,162.02,-81.96
173.074,True,152.51,-58.58
173.175,True,156.03,-34.07
173.274,True,138.75,-28.44
173.379,True,115.47,-28.66
173.478,True,122.18,-31.94
173.575,True,120.21,-43.46
173.678,True,116.60,-47.91
173.776,True,112.30,-58.13
173.879,True,113.48,-59.44
173.977,True,115.10,-52.53
174.077,True,112.71,-53.61
174.175,True,110.49,-63.28
174.280,True,109.72,-72.24
174.378,True,111.46,-72.22
174.476,True,116.84,-70.00
174.577,True,111.43,-66.84
174.674,True,104.18,-60.45
174.781,True,101.10,-51.46
174.878,True,102.42,-45.19
174.973,True,102.98,-51.11
175.073,False,-3021.80,10615.00
175.181,True,160.90,-68.86
175.277,True,118.00,-83.37
175.372,True,115.67,-75.47
175.472,True,113.54,-67.51
175.581,True,104.08,-77.09
175.678,True,101.27,-73.33
175.777,True,100.94,-75.48
175.874,True,105.34,-77.83
175.972,True,106.37,-76.77
176.072,True,108.85,-74.25
176.173,True,106.41,-69.10
176.277,True,101.35,-70.42
176.381,True,99.15,-80.72
176.477,True,98.02,-86.03
176.575,False,-2963.21,10200.36
176.671,False,-2956.46,10206.24
176.776,True,99.48,-80.49
176.877,True,102.05,-88.73
176.978,True,95.65,-75.09
177.074,True,89.93,-70.96
177.170,True,87.51,-76.27
177.277,True,88.04,-75.15
177.374,True,94.56,-74.41
177.471,True,102.10,-76.13
177.573,True,104.77,-81.24
177.670,True,105.30,-84.68
177.779,True,103.61,-85.14
177.879,True,106.75,-89.08
177.981,True,108.69,-80.94
178.072,True,109.09,-81.94
178.170,True,111.13,-80.25
178.282,True,112.67,-74.63
178.380,True,112.09,-73.95
178.476,True,105.22,-75.66
178.576,True,101.75,-77.46
178.674,True,100.49,-81.37
178.770,True,98.45,-84.51
178.876,True,96.64,-72.65
178.972,True,101.28,-72.77
179.075,True,106.22,-68.72
179.174,True,104.95,-67.04
179.279,True,105.02,-66.83
179.378,True,107.56,-70.68
179.471,True,110.39,-71.05
179.578,True,109.88,-73.50
179.675,True,111.37,-73.79
179.782,True,112.30,-73.36
179.877,True,109.66,-72.56
179.977,True,107.51,-71.36
180.076,True,107.92,-71.58
180.178,True,106.89,-71.93
180.275,True,105.41,-73.20
180.371,True,104.44,-75.42
180.477,True,106.47,-74.89
180.579,True,105.86,-70.20
180.676,True,105.71,-65.79
180.776,True,102.28,-66.63
180.873,True,101.25,-66.11
180.978,True,101.91,-63.73
181.073,True,96.82,-61.59
181.171,True,97.01,-58.58
181.272,True,98.74,-53.29
181.378,True,97.27,-48.05
181.477,True,94.14,-44.89
181.581,True,93.99,-44.01
181.680,True,95.33,-47.21
181.780,True,96.06,-49.75
181.874,True,93.32,-49.10
181.984,True,92.54,-41.84
182.070,True,92.63,-40.71
182.178,True,95.94,-48.76
182.276,True,101.50,-59.28
182.374,True,105.91,-67.08
182.473,True,107.64,-70.21
182.571,True,109.82,-74.43
182.670,True,111.78,-74.22
182.777,True,112.42,-80.24
182.876,True,113.40,-84.10
182.971,True,112.78,-90.39
183.076,True,110.40,-93.24
183.183,True,107.68,-89.99
183.280,True,107.25,-89.34
183.383,True,110.04,-88.86
183.472,True,112.10,-84.73
183.571,True,112.59,-79.22
183.682,True,111.58,-80.06
183.780,True,111.04,-83.71
183.881,True,112.25,-78.98
183.980,True,112.09,-104.70
184.074,True,114.30,-113.52
184.172,True,113.40,-110.54
184.273,True,111.54,-99.51
184.377,True,110.45,-95.75
184.478,True,109.74,-109.10
184.571,True,108.20,-84.98
184.683,True,101.62,-91.35
184.779,True,98.16,-95.02
184.880,True,96.49,-95.80
184.981,True,96.83,-92.77
185.079,True,97.36,-87.85
185.174,True,96.54,-77.88
185.273,True,91.88,-73.13
185.374,True,84.76,-74.98
185.476,True,82.16,-77.53
185.574,True,82.51,-78.50
185.671,True,84.12,-79.84
185.771,True,85.59,-80.38
185.877,True,88.93,-77.92
185.972,True,90.08,-77.35
186.079,True,89.61,-77.65
186.176,True,85.80,-76.60
186.280,True,84.16,-74.31
186.377,True,85.75,-73.39
186.472,True,87.18,-74.09
186.572,True,90.15,-77.79
186.681,True,91.35,-76.26
186.776,True,92.76,-79.25
186.878,True,100.01,-81.16
186.978,True,103.57,-88.34
187.074,True,104.47,-90.58
187.172,True,105.46,-92.68
187.279,True,103.67,-90.81
187.377,True,103.09,-91.98
187.473,True,103.96,-96.02
187.573,True,104.06,-97.53
187.683,True,105.92,-99.17
187.782,True,104.07,-97.13
187.873,True,103.79,-95.45
187.978,True,101.09,-89.85
188.077,True,98.58,-85.81
188.174,True,100.76,-93.55
188.275,True,100.39,-95.10
188.376,True,96.19,-95.76
188.476,True,94.52,-96.16
188.580,True,93.95,-92.91
188.676,True,95.24,-89.75
188.775,True,90.99,-83.89
188.872,True,88.49,-84.73
188.982,True,91.59,-83.97
189.071,True,89.41,-81.46
189.182,True,90.31,-82.43
189.279,True,87.80,-83.82
189.376,True,87.58,-84.19
189.476,True,94.42,-87.65
189.577,True,96.71,-95.02
189.676,True,95.72,-93.98
189.771,True,95.48,-90.74
189.877,True,94.05,-86.20
189.971,True,94.80,-83.93
190.070,True,95.19,-83.02
190.181,True,97.02,-80.09
190.276,True,96.35,-78.10
190.371,True,93.56,-75.67
190.476,True,94.16,-79.27
190.577,True,95.27,-79.76
190.672,True,97.09,-82.53
190.777,True,90.51,-74.35
190.875,True,91.77,-74.70
190.971,True,94.34,-77.16
191.085,True,99.50,-87.63
191.178,True,99.95,-87.18
191.276,True,102.46,-90.46
191.379,True,106.00,-94.61
191.478,True,104.12,-91.98
191.576,True,104.32,-91.48
191.671,True,106.49,-96.21
191.782,True,112.28,-98.68
191.878,True,111.67,-96.85
191.979,True,100.87,-93.76
192.081,True,89.20,-84.17
192.171,True,87.81,-77.93
192.276,True,85.31,-75.82
192.377,True,82.92,-73.58
192.477,True,81.28,-73.82
192.575,True,81.95,-74.04
192.672,True,81.45,-73.39
192.783,True,80.36,-73.96
192.877,True,81.18,-74.76
192.976,True,82.35,-77.48
193.073,True,80.90,-76.28
193.171,True,79.88,-73.90
193.277,True,86.81,-73.97
193.371,True,87.67,-72.31
193.473,True,87.07,-72.64
193.572,True,86.12,-72.08
193.677,True,85.79,-71.83
193.780,True,86.23,-73.83
193.881,True,85.02,-72.59
193.981,True,91.55,-73.91
194.078,True,97.67,-72.89
194.178,True,99.88,-73.51
194.276,True,97.68,-73.74
194.376,True,96.82,-72.49
194.472,True,95.79,-74.76
194.571,True,96.52,-75.90
194.681,True,97.84,-85.37
194.772,True,103.59,-88.77
194.881,True,114.14,-99.50
194.972,True,115.28,-97.72
195.071,True,115.07,-100.62
195.170,True,114.97,-101.22
195.274,True,114.99,-99.39
195.382,True,115.67,-95.14
195.478,True,116.67,-86.98
195.573,True,114.71,-82.28
195.681,True,109.30,-80.18
195.775,True,108.28,-78.53
195.872,True,108.47,-75.59
195.981,True,100.97,-70.03
196.076,True,94.43,-68.73
196.172,True,92.10,-68.13
196.277,True,91.50,-69.69
196.377,True,91.73,-73.32
196.476,True,90.13,-74.80
196.579,True,90.90,-75.28
196.682,True,91.08,-76.16
196.776,True,93.32,-77.21
196.870,True,99.65,-79.92
196.976,True,102.57,-85.71
197.077,True,104.86,-85.65
197.175,True,105.90,-84.92
197.272,True,107.17,-83.41
197.370,True,105.47,-83.01
197.471,True,104.63,-85.33
197.582,True,105.15,-85.70
197.678,True,104.72,-84.81
197.771,True,106.10,-85.24
197.882,True,105.54,-88.55
197.977,True,102.91,-91.95
198.074,True,103.03,-94.91
198.180,True,103.33,-96.61
198.287,True,102.15,-98.35
198.374,True,103.10,-100.25
198.472,True,104.75,-99.94
198.581,True,105.31,-97.99
198.679,True,105.30,-97.30
198.780,True,107.07,-99.42
198.875,True,107.43,-105.88
198.972,True,107.85,-110.75
199.082,True,111.46,-109.77
199.178,True,112.95,-106.59
199.276,True,112.15,-99.34
199.378,True,111.02,-90.80
199.481,True,111.54,-91.35
199.578,True,111.13,-91.22
199.671,True,111.99,-89.25
199.781,True,110.55,-88.84
199.881,True,111.12,-87.45
199.971,True,107.62,-86.09
200.076,True,107.37,-78.18
200.174,True,100.47,-74.66
200.279,True,95.05,-75.84
200.375,True,91.18,-76.87
200.476,True,86.18,-79.78
200.580,True,90.63,-80.44
200.677,True,88.23,-79.11
200.776,True,85.42,-77.71
200.871,True,85.94,-73.75
200.982,True,86.62,-75.12
201.075,True,88.22,-77.21
201.178,True,91.01,-81.63
201.279,True,92.90,-79.35
201.377,True,93.58,-81.54
201.480,True,93.41,-83.17
201.577,True,94.79,-84.06
201.683,True,96.65,-85.25
201.782,True,99.82,-86.52
201.873,True,100.85,-85.20
201.973,True,100.97,-79.25
202.074,True,107.95,-83.73
202.182,True,108.78,-84.33
202.281,True,107.00,-83.13
202.370,True,102.40,-84.48
202.472,True,101.19,-87.58
202.574,True,101.69,-89.54
202.671,True,101.73,-90.23
202.772,True,102.19,-89.16
202.881,True,101.48,-83.50
202.980,True,100.81,-83.03
203.075,True,100.19,-80.73
203.170,True,96.84,-68.97
203.281,True,95.30,-62.02
203.381,True,93.82,-61.26
203.481,True,92.88,-66.79
203.577,True,92.17,-69.59
203.674,True,89.44,-53.92
203.774,True,87.55,-52.60
203.881,True,87.47,-51.13
203.981,True,88.89,-50.62
204.079,True,92.79,-49.16
204.180,True,94.76,-49.35
204.273,True,96.43,-47.95
204.374,True,93.44,-49.40
204.482,True,90.68,-53.23
204.578,True,88.79,-57.04
204.679,True,92.52,-55.99
204.785,True,90.96,-56.35
204.878,True,87.73,-55.43
204.974,True,86.55,-54.95
205.072,True,85.76,-54.68
205.175,True,83.75,-53.45
205.274,True,83.63,-52.84
205.380,True,85.90,-50.11
205.482,True,86.76,-50.59
205.581,True,90.51,-47.05
205.679,True,96.27,-44.28
205.781,True,97.39,-44.08
205.871,True,99.68,-43.01
205.972,True,100.16,-45.22
206.080,True,100.87,-47.00
206.174,True,106.77,-44.75
206.277,True,105.22,-45.33
206.376,True,111.16,-47.24
206.475,True,109.51,-49.62
206.577,True,105.89,-51.05
206.674,True,100.37,-52.59
206.782,True,97.99,-52.54
206.877,True,100.52,-53.78
206.972,True,103.12,-53.62
207.084,True,104.08,-50.92
207.174,True,108.13,-49.96
207.280,True,112.52,-46.61
207.375,True,111.55,-44.43
207.470,True,110.46,-47.34
207.578,True,121.12,-69.37
207.681,True,121.51,-66.42
207.779,True,120.78,-69.30
207.877,True,119.71,-70.79
207.977,True,114.02,-75.22
208.080,True,381.76,-90.33
208.179,True,397.84,-99.33
208.278,True,400.25,-99.99
208.379,True,402.86,-97.91
208.473,True,399.17,-98.72
208.579,True,390.92,-101.94
208.670,True,174.00,-76.01
208.771,True,162.49,-69.74
208.883,True,158.33,-70.13
208.980,True,-2843.02,9352.70
209.074,True,-2863.63,9416.96
209.174,True,134.75,-62.89
209.275,True,133.52,-60.31
209.374,True,128.29,-62.61
209.482,True,110.07,-64.86
209.572,True,93.38,-66.46
209.675,True,91.93,-68.84
209.776,True,89.81,-69.91
209.876,True,85.95,-70.21
209.976,True,80.59,-61.45
210.085,True,76.67,-59.31
210.172,True,75.19,-58.19
210.279,True,78.50,-53.59
210.381,True,62.25,-43.00
210.480,True,61.13,-51.62
210.577,True,59.63,-61.13
210.683,True,59.95,-69.52
210.779,True,62.85,-69.17
210.872,True,65.54,-72.48
210.982,True,72.64,-75.03
211.077,True,77.72,-74.82
211.176,True,79.35,-69.62
211.280,True,80.81,-66.96
211.378,True,82.83,-66.86
211.472,True,89.56,-67.98
211.570,True,94.67,-67.49
211.681,True,96.27,-69.65
211.777,True,100.50,-69.00
211.875,True,105.36,-62.54
211.974,True,101.56,-53.42
212.081,True,97.05,-52.79
212.177,True,97.46,-63.05
212.271,True,100.65,-70.58
212.381,True,97.55,-68.82
212.476,True,92.57,-65.25
212.574,True,93.96,-67.61
212.675,True,98.58,-69.55
212.773,True,100.33,-66.64
212.877,True,96.21,-64.08
212.975,True,93.38,-64.51
213.070,True,92.11,-68.04
213.177,True,90.86,-72.98
213.278,True,90.56,-75.28
213.380,True,92.91,-79.82
213.479,True,95.60,-82.79
213.582,True,93.45,-83.74
213.681,True,88.09,-81.08
213.775,True,87.28,-77.14
213.873,True,88.19,-66.19
213.971,True,87.82,-62.52
214.079,True,87.02,-61.87
214.178,True,84.36,-61.74
214.276,True,85.93,-60.06
214.372,True,86.33,-60.28
214.476,True,82.38,-60.50
214.572,True,81.77,-54.97
214.671,True,83.22,-49.21
214.782,True,77.66,-52.38
214.876,True,81.89,-75.21
214.982,True,85.40,-82.81
215.081,True,86.91,-82.76
215.175,True,87.25,-82.88
215.273,True,88.08,-82.20
215.378,True,88.44,-82.44
215.475,True,88.44,-82.42
215.571,True,85.43,-78.49
215.672,True,80.86,-76.02
215.778,True,76.71,-78.39
215.880,True,77.12,-84.82
215.976,True,79.89,-85.84
216.080,True,81.25,-82.80
216.176,True,79.97,-79.08
216.276,True,77.80,-80.05
216.371,True,76.66,-81.63
216.479,True,79.56,-81.79
216.579,True,80.36,-82.35
216.672,True,79.56,-82.39
216.784,True,80.89,-76.15
216.872,True,82.75,-75.24
216.981,True,84.32,-70.53
217.075,True,84.72,-70.05
217.175,True,84.54,-67.90
217.274,True,81.85,-65.99
217.379,True,76.20,-62.66
217.476,True,76.85,-64.14
217.580,True,80.97,-65.51
217.672,True,80.15,-66.18
217.771,True,61.32,-73.15
217.878,True,-1.96,-109.50
217.977,True,38.72,-110.69
218.081,True,65.86,-104.87
218.177,True,80.95,-91.44
218.273,True,89.64,-80.10
218.370,True,89.55,-59.42
218.478,False,-2614.93,9203.88
218.579,True,105.57,-63.82
218.675,True,94.88,-80.93
218.771,True,82.77,-78.78
218.882,True,90.28,-86.97
218.975,True,89.61,-79.73
219.079,True,91.11,-82.92
219.172,True,91.29,-91.80
219.282,True,88.57,-79.57
219.371,True,88.16,-74.87
219.480,True,77.32,-83.78
219.581,True,75.07,-85.05
219.681,True,75.47,-85.36
219.781,True,75.29,-84.04
219.879,True,86.60,-97.78
219.978,True,86.39,-95.93
220.081,True,88.12,-100.30
220.171,True,89.65,-108.45
220.280,True,90.55,-111.07
220.384,True,91.77,-110.56
220.480,True,94.55,-111.51
220.578,True,94.24,-102.86
220.678,True,92.02,-92.73
220.781,True,90.53,-90.66
220.873,True,88.62,-88.76
220.971,True,85.67,-87.89
221.070,True,83.56,-86.53
221.181,True,82.45,-86.63
221.280,True,82.08,-86.30
221.375,True,82.85,-86.90
221.475,True,83.00,-87.72
221.571,True,85.62,-90.34
221.673,True,88.86,-91.15
221.770,True,90.25,-92.38
221.875,True,91.64,-94.63
221.978,True,95.70,-92.86
222.071,True,100.40,-90.99
222.176,True,102.12,-92.31
222.273,True,102.94,-96.49
222.371,True,101.39,-97.42
222.474,True,97.81,-97.54
222.570,True,96.49,-95.12
222.673,True,96.67,-92.88
222.773,True,98.59,-91.20
222.880,True,96.88,-94.06
222.979,True,97.83,-95.89
223.076,True,97.71,-94.35
223.183,True,94.28,-96.08
223.282,True,94.31,-97.26
223.373,True,99.68,-93.27
223.476,True,104.37,-88.38
223.571,True,102.83,-90.09
223.684,True,104.17,-87.82
223.771,True,101.92,-89.17
223.875,True,100.97,-80.40
223.972,True,98.89,-70.64
224.079,True,294.08,-86.19
224.175,True,311.23,-93.14
224.277,True,133.59,-78.16
224.373,True,116.64,-76.21
224.474,True,104.90,-77.93
224.582,True,89.75,-82.96
224.678,True,87.27,-87.27
224.777,True,86.81,-88.70
224.872,True,89.27,-84.46
224.980,True,91.85,-82.72
225.077,True,92.83,-81.88
225.170,True,91.48,-82.37
225.281,True,90.58,-85.43
225.377,True,90.17,-91.52
225.470,True,89.08,-89.65
225.570,True,89.68,-90.51
225.682,True,91.75,-89.82
225.772,True,92.49,-89.76
225.871,True,91.67,-91.08
225.971,True,91.98,-91.64
226.073,True,91.31,-88.46
226.180,True,90.74,-86.10
226.273,True,90.51,-87.09
226.376,True,95.13,-84.78
226.476,True,96.79,-85.67
226.579,True,96.96,-88.09
226.680,True,96.80,-91.62
226.777,True,96.92,-94.89
226.882,True,96.05,-96.68
226.980,True,96.94,-93.51
227.077,True,95.96,-92.57
227.174,True,96.74,-91.17
227.283,True,96.57,-89.85
227.386,True,95.38,-89.29
227.479,True,94.05,-88.38
227.580,True,91.29,-88.26
227.672,True,89.92,-84.37
227.780,True,88.39,-82.04
227.882,True,88.43,-82.21
227.980,True,89.86,-81.87
228.072,True,89.90,-84.08
228.170,True,89.93,-88.37
228.281,True,89.76,-91.39
228.378,True,90.29,-90.08
228.477,True,89.36,-87.54
228.575,True,91.86,-84.68
228.679,True,97.12,-81.60
228.776,True,99.93,-78.38
228.875,True,100.69,-76.93
228.976,True,102.72,-73.15
229.075,True,97.94,-76.58
229.173,True,93.70,-78.63
229.271,True,92.40,-86.20
229.378,True,95.03,-84.67
229.480,True,94.26,-81.24
229.576,True,91.46,-78.53
229.679,True,90.44,-77.11
229.777,True,89.11,-77.96
229.876,True,87.65,-79.64
229.980,True,87.26,-79.65
230.075,True,88.24,-80.64
230.173,True,88.73,-80.08
230.280,True,88.63,-81.54
230.376,True,87.43,-82.24
230.482,True,85.52,-81.04
230.571,True,83.42,-78.58
230.671,True,82.72,-78.05
230.780,True,83.59,-80.36
230.877,True,86.35,-79.93
230.978,True,88.92,-80.80
231.073,True,89.00,-80.27
231.178,True,88.97,-80.84
231.273,True,92.95,-71.12
231.383,True,93.33,-77.09
231.478,True,96.04,-83.76
231.580,True,101.90,-84.09
231.678,True,104.79,-83.48
231.781,True,104.53,-84.64
231.871,True,102.56,-81.76
231.980,True,100.73,-81.70
232.076,True,98.18,-82.99
232.177,True,97.16,-84.19
232.271,True,97.38,-79.81
232.381,True,94.47,-73.59
232.471,True,90.67,-74.70
232.573,True,89.30,-79.28
232.681,True,90.67,-78.62
232.782,True,91.26,-78.68
232.878,True,93.32,-72.01
232.971,True,94.18,-64.43
233.074,True,96.78,-63.44
233.174,True,97.87,-61.98
233.275,True,95.24,-64.86
233.384,True,95.40,-75.94
233.482,True,95.39,-79.18
233.573,True,92.32,-86.00
233.677,True,92.84,-87.67
233.775,True,93.67,-87.82
233.874,True,93.95,-69.60
233.971,True,94.62,-68.64
234.072,True,92.16,-68.80
234.181,True,88.10,-68.05
234.271,True,85.14,-69.01
234.380,True,77.84,-74.34
234.478,True,74.32,-78.20
234.574,True,74.62,-83.29
234.676,True,79.71,-82.49
234.783,True,85.53,-79.11
234.876,True,82.72,-80.25
234.976,True,82.79,-82.75
235.077,True,86.14,-83.87
235.182,True,89.48,-85.29
235.272,True,90.30,-85.22
235.370,True,91.04,-85.49
235.481,True,92.89,-85.68
235.580,True,92.59,-86.57
235.671,True,91.60,-87.09
235.780,True,90.78,-88.31
235.873,True,90.44,-88.07
235.973,True,90.38,-87.61
236.080,True,90.32,-87.61
236.179,True,91.55,-86.65
236.276,True,91.63,-85.96
236.373,True,91.30,-84.76
236.480,True,90.55,-85.06
236.576,True,89.44,-84.71
236.675,True,88.44,-85.09
236.775,True,87.52,-86.38
236.873,True,86.72,-90.04
236.982,True,86.58,-89.91
237.079,True,87.41,-87.84
237.175,True,88.78,-84.77
237.270,True,89.30,-82.82
237.382,True,85.79,-77.29
237.471,True,84.96,-70.56
237.573,True,85.34,-62.88
237.682,True,85.73,-60.31
237.778,True,87.41,-61.23
237.876,True,93.30,-54.31
237.976,True,90.49,-57.60
238.076,True,87.63,-61.47
238.176,True,95.12,-53.00
238.276,True,93.44,-52.99
238.375,True,88.48,-58.73
238.474,True,88.06,-61.98
238.571,True,88.28,-61.99
238.672,True,86.44,-65.47
238.777,True,85.48,-67.49
238.877,True,85.43,-68.58
238.976,True,84.01,-70.37
239.072,True,84.92,-71.72
239.171,True,86.24,-74.60
239.277,True,87.40,-77.75
239.375,True,88.15,-79.68
239.475,True,87.46,-81.13
239.571,True,86.67,-81.75
239.684,True,84.74,-82.17
239.773,True,85.03,-81.67
239.881,True,86.20,-81.26
239.970,True,86.58,-80.87
240.079,True,86.10,-80.80
240.178,True,85.81,-81.61
240.280,True,86.04,-82.09
240.373,True,87.62,-81.03
240.475,True,86.60,-81.21
240.581,True,86.88,-82.33
240.681,True,87.78,-83.33
240.780,True,87.10,-88.49
240.875,True,85.93,-92.68
240.971,True,86.80,-92.30
241.071,True,85.82,-89.73
241.179,True,85.48,-82.25
241.272,True,86.46,-77.04
241.379,True,88.17,-76.60
241.476,True,86.72,-77.08
241.576,True,87.08,-78.69
241.671,True,89.82,-79.50
241.779,True,95.88,-74.78
241.874,True,90.25,-75.61
241.975,True,88.62,-76.77
242.072,True,89.25,-75.88
242.181,True,91.82,-72.53
242.278,True,94.09,-73.47
242.374,True,95.31,-73.97
242.479,True,93.08,-76.46
242.577,True,88.53,-82.34
242.678,True,88.62,-82.47
242.777,True,87.99,-84.94
242.873,True,92.14,-77.97
242.983,True,98.92,-62.61
243.078,True,97.85,-61.11
243.173,True,95.58,-61.78
243.274,True,94.63,-61.56
243.374,True,94.45,-60.04
243.472,True,93.64,-62.81
243.572,True,92.74,-68.42
243.682,True,93.19,-70.09
243.773,True,93.13,-68.65
243.881,True,92.73,-69.30
243.980,True,89.56,-72.38
244.075,True,85.91,-72.86
244.172,True,84.17,-67.46
244.271,True,83.46,-56.12
244.374,True,84.88,-62.72
244.471,True,85.94,-65.31
244.572,True,87.46,-67.64
244.677,True,88.84,-70.18
244.780,True,85.94,-73.26
244.881,True,85.44,-69.27
244.984,True,87.07,-64.45
245.082,True,88.54,-64.44
245.173,True,88.27,-62.44
245.270,True,87.90,-60.65
245.381,True,85.73,-55.07
245.483,True,85.63,-54.13
245.580,True,91.84,-53.53
245.680,True,98.47,-51.89
245.776,True,98.28,-50.78
245.882,True,95.79,-50.73
245.977,True,94.69,-51.90
246.072,True,94.90,-56.65
246.172,True,94.53,-63.34
246.280,True,92.47,-56.90
246.375,True,88.20,-53.47
246.471,True,84.17,-56.48
246.576,True,83.17,-62.13
246.681,True,84.43,-64.32
246.777,True,86.48,-76.48
246.875,True,90.94,-80.77
246.981,True,91.98,-90.54
247.077,True,93.76,-95.87
247.174,True,94.39,-94.46
247.273,True,93.27,-93.63
247.374,True,93.11,-92.47
247.474,True,92.77,-93.59
247.571,True,91.26,-92.73
247.683,True,89.65,-83.28
247.772,True,89.94,-80.49
247.883,True,91.21,-76.37
247.970,True,91.61,-72.09
248.081,True,92.18,-70.91
248.182,True,89.54,-71.27
248.279,True,88.04,-70.40
248.380,True,88.23,-68.63
248.477,True,86.84,-75.69
248.571,True,92.47,-80.51
248.674,True,97.50,-83.56
248.775,True,96.54,-85.91
248.875,True,95.96,-86.42
248.981,True,93.09,-86.08
249.077,True,90.69,-82.61
249.177,True,91.02,-75.97
249.270,True,93.53,-75.10
249.381,True,99.35,-72.17
249.475,True,97.94,-76.81
249.575,True,90.36,-84.79
249.673,True,93.43,-85.47
249.776,True,95.18,-87.71
249.873,True,95.57,-87.03
249.977,True,94.23,-86.03
250.081,True,89.31,-85.15
250.181,True,88.96,-86.00
250.281,True,85.71,-84.25
250.381,True,81.23,-89.87
250.480,True,79.98,-96.75
250.579,True,81.10,-98.13
250.674,True,82.56,-96.87
250.771,True,86.47,-94.16
250.870,True,87.76,-84.36
250.978,True,85.46,-78.12
251.076,True,83.54,-78.45
251.181,True,213.77,-81.63
251.281,True,368.05,-65.82
251.381,True,370.84,-61.27
251.476,True,384.07,-65.73
251.574,True,146.19,-62.83
251.675,True,128.37,-64.60
251.775,True,119.66,-68.70
251.871,True,103.45,-94.33
251.974,True,99.64,-101.49
252.077,True,95.17,-98.11
252.177,True,94.33,-101.29
252.276,True,94.05,-101.14
252.375,True,94.19,-95.13
252.477,True,92.46,-99.23
252.570,True,91.71,-100.43
252.681,True,90.85,-94.63
252.775,True,91.00,-92.07
252.870,True,91.53,-92.39
252.981,True,93.28,-94.74
253.071,True,95.94,-96.06
253.174,True,97.94,-94.07
253.282,True,98.02,-89.61
253.376,True,97.16,-89.29
253.474,True,95.93,-88.66
253.571,True,94.90,-87.37
253.681,True,94.60,-86.67
253.776,True,93.91,-89.15
253.872,True,93.56,-94.63
253.978,True,94.55,-93.24
254.073,True,94.94,-91.98
254.175,True,95.89,-92.23
254.280,True,98.40,-85.35
254.376,True,98.64,-85.37
254.473,True,98.13,-84.22
254.581,True,101.48,-72.51
254.674,True,103.60,-69.27
254.777,True,105.84,-69.15
254.873,True,107.53,-67.48
254.983,True,109.31,-66.94
255.078,True,110.18,-70.95
255.180,True,109.45,-74.92
255.275,True,108.79,-74.77
255.378,True,107.57,-70.87
255.478,True,108.07,-70.37
255.576,True,106.15,-74.19
255.675,True,103.57,-79.46
255.774,True,101.95,-82.32
255.880,True,102.90,-80.77
255.977,True,105.45,-76.99
256.079,True,104.45,-76.36
256.180,True,107.90,-74.86
256.275,True,110.70,-75.82
256.379,True,112.12,-78.31
256.476,True,110.91,-82.82
256.576,True,112.94,-82.31
256.681,True,111.69,-84.08
256.788,True,105.90,-80.51
256.871,True,95.15,-76.47
256.974,True,90.14,-74.53
257.072,True,84.39,-77.81
257.180,True,82.33,-78.95
257.277,True,83.53,-85.09
257.382,True,83.79,-90.56
257.482,True,84.95,-90.69
257.576,True,86.98,-91.51
257.673,True,87.84,-98.11
257.781,True,88.19,-100.60
257.877,True,88.10,-95.53
257.977,True,90.19,-91.99
258.079,True,92.10,-92.53
258.171,True,92.19,-85.23
258.276,True,91.61,-81.59
258.376,True,91.78,-82.79
258.477,True,91.12,-82.81
258.574,True,89.07,-83.01
258.675,True,87.07,-82.93
258.781,True,89.73,-83.74
258.872,True,95.32,-82.26
258.975,True,99.21,-80.65
259.073,True,99.01,-86.44
259.181,True,96.28,-92.30
259.281,True,94.26,-92.79
259.376,True,90.59,-93.19
259.473,True,91.96,-90.40
259.571,True,93.12,-89.35
259.683,True,96.55,-87.94
259.776,True,95.54,-89.11
259.877,True,90.29,-89.06
259.975,True,85.84,-90.11
260.074,True,76.54,-94.02
260.173,True,71.80,-95.87
260.281,True,69.61,-97.15
260.381,True,61.00,-94.46
260.482,True,56.39,-89.56
260.577,True,53.23,-88.93
260.680,True,53.83,-91.76
260.777,True,67.37,-85.70
260.873,True,72.61,-80.76
260.970,True,75.00,-76.61
261.080,True,75.93,-74.37
261.180,True,75.49,-73.70
261.275,True,77.28,-81.25
261.382,True,83.24,-88.05
261.475,True,85.08,-88.63
261.575,True,86.52,-87.98
261.676,True,87.48,-82.95
261.770,True,88.35,-82.40
261.883,True,89.90,-79.51
261.975,True,89.50,-76.87
262.071,True,87.90,-76.45
262.172,True,89.88,-74.39
262.277,True,90.17,-76.19
262.372,True,90.68,-77.01
262.480,True,94.33,-74.01
262.572,True,97.03,-74.59
262.673,True,99.52,-71.69
262.779,True,96.07,-66.93
262.876,True,92.51,-65.36
262.979,True,89.07,-68.83
263.074,True,82.73,-69.80
263.171,True,77.96,-68.06
263.280,True,82.07,-73.10
263.376,True,81.41,-78.90
263.471,True,81.75,-81.98
263.575,True,82.43,-86.16
263.673,True,84.83,-90.83
263.770,True,85.73,-94.82
263.877,True,86.97,-105.25
263.979,True,92.28,-109.25
264.076,True,93.68,-106.34
264.173,True,93.21,-95.07
264.280,True,94.94,-76.65
264.375,True,111.01,-70.47
264.474,False,-2472.69,8735.64
264.579,True,142.52,-85.15
264.675,True,111.40,-58.88
264.777,True,101.62,-66.04
264.876,True,102.03,-79.25
264.976,True,99.33,-83.86
265.076,True,94.97,-89.54
265.175,True,91.41,-100.19
265.274,True,91.03,-105.95
265.373,True,89.60,-106.96
265.477,True,93.97,-107.62
265.575,True,95.48,-109.08
265.674,True,97.25,-112.06
265.771,True,101.09,-111.79
265.871,True,102.76,-108.80
265.978,True,103.48,-106.47
266.079,True,103.07,-105.36
266.178,True,100.91,-103.88
266.276,True,99.42,-98.00
266.377,True,99.40,-94.45
266.476,True,99.01,-91.73
266.582,True,96.08,-89.94
266.670,True,91.84,-88.19
266.780,True,86.03,-86.47
266.874,True,82.31,-87.39
266.973,True,81.01,-100.34
267.073,True,81.51,-112.68
267.176,True,80.03,-104.76
267.275,True,80.94,-100.84
267.374,True,80.84,-102.76
267.478,True,95.06,-102.02
267.576,True,102.59,-101.52
267.674,True,102.26,-104.26
267.777,True,101.42,-113.68
267.875,True,103.27,-112.79
267.973,True,104.52,-101.97
268.072,True,99.71,-95.58
268.174,False,-2222.01,8065.20
268.282,True,152.93,-116.89
268.371,True,128.72,-96.73
268.479,True,113.68,-79.20
268.570,True,101.22,-73.54
268.678,True,92.78,-69.43
268.781,True,93.94,-89.94
268.875,True,97.28,-95.98
268.971,True,93.84,-98.21
269.070,True,88.36,-98.16
269.178,True,85.16,-97.06
269.275,True,83.73,-101.69
269.376,True,82.17,-100.88
269.484,True,82.47,-101.60
269.572,True,88.74,-104.53
269.673,True,95.61,-105.93
269.781,True,101.71,-105.23
269.871,True,105.13,-102.20
269.977,True,105.64,-91.73
270.079,True,105.22,-81.40
270.176,True,103.80,-77.22
270.277,True,100.97,-77.05
270.379,True,102.42,-72.06
270.473,True,104.23,-70.50
270.579,True,100.91,-75.82
270.680,True,99.22,-80.15
270.776,True,96.84,-83.36
270.876,True,96.76,-84.81
270.975,True,97.55,-85.37
271.075,False,-2293.36,8447.15
271.172,True,177.80,-89.78
271.270,True,91.88,-87.63
271.376,True,80.87,-73.26
271.476,True,95.39,-79.13
271.575,True,95.09,-82.30
271.676,True,100.48,-83.89
271.772,True,99.06,-90.65
271.871,True,96.81,-93.36
271.981,True,91.58,-91.68
272.079,True,89.33,-87.87
272.180,True,90.83,-80.24
272.279,True,93.05,-71.93
272.377,True,95.38,-69.85
272.471,True,95.38,-71.48
272.581,True,94.23,-71.90
272.680,True,90.85,-71.69
272.776,True,93.83,-70.06
272.873,True,98.37,-73.02
272.974,True,98.15,-79.81
273.081,True,99.68,-81.99
273.173,True,98.67,-83.60
273.271,True,98.58,-82.45
273.371,True,97.61,-83.41
273.476,True,97.53,-81.73
273.580,True,97.03,-78.56
273.675,True,92.42,-76.24
273.775,True,91.36,-64.38
273.872,True,90.84,-64.42
273.976,True,88.03,-63.94
274.074,True,86.18,-64.92
274.179,True,85.14,-67.37
274.274,True,84.80,-71.67
274.372,True,84.66,-78.16
274.476,True,85.86,-82.30
274.577,True,87.95,-82.90
274.676,True,94.59,-77.76
274.772,True,98.61,-74.68
274.871,True,101.80,-72.48
274.981,True,102.25,-73.04
275.070,True,101.45,-74.72
275.178,True,100.23,-76.74
275.275,True,99.13,-77.63
275.381,True,99.65,-78.73
275.473,True,99.67,-79.44
275.574,True,96.67,-80.95
275.670,True,96.72,-78.18
275.775,True,96.33,-77.10
275.875,True,94.35,-77.37
275.972,True,94.40,-74.78
276.070,True,99.03,-71.71
276.182,True,97.98,-73.77
276.272,True,102.78,-70.35
276.375,True,104.76,-69.36
276.479,True,105.28,-69.52
276.574,True,105.33,-69.36
276.673,True,96.81,-68.77
276.771,True,90.32,-64.10
276.870,True,86.43,-61.06
276.981,True,87.70,-59.53
277.082,True,87.55,-60.05
277.180,True,87.37,-69.02
277.279,True,88.06,-76.75
277.381,True,89.92,-80.44
277.471,True,91.52,-80.98
277.578,True,91.38,-79.79
277.678,True,93.03,-79.87
277.774,True,93.66,-81.32
277.873,True,93.10,-81.50
277.975,True,90.75,-80.65
278.074,True,88.91,-76.84
278.173,True,87.47,-74.47
278.279,True,87.19,-69.72
278.376,True,88.91,-70.96
278.478,True,92.94,-73.21
278.577,True,94.22,-75.40
278.682,True,93.81,-77.01
278.779,True,94.44,-76.50
278.881,True,93.92,-76.79
278.981,True,92.67,-77.05
279.075,True,92.18,-79.78
279.174,True,93.26,-80.40
279.278,True,93.14,-80.35
279.373,True,92.57,-81.80
279.471,True,93.24,-85.07
279.579,True,93.61,-88.91
279.680,True,93.63,-91.37
279.780,True,93.63,-92.63
279.876,True,91.86,-92.83
279.976,True,92.94,-90.82
280.074,True,93.72,-87.40
280.177,True,93.39,-81.46
280.277,True,94.01,-76.10
280.375,True,94.55,-72.63
280.472,True,91.46,-71.04
280.585,True,87.17,-70.22
280.673,True,88.73,-73.17
280.777,True,91.13,-75.32
280.880,True,90.52,-75.19
280.981,True,89.62,-76.11
281.080,True,90.44,-80.07
281.178,True,89.94,-79.15
281.279,True,89.95,-79.02
281.380,True,90.70,-81.71
281.479,True,95.21,-84.65
281.575,True,97.40,-88.57
281.680,True,96.97,-91.30
281.781,True,96.57,-92.74
281.871,True,94.34,-92.80
281.981,True,94.00,-94.62
282.070,True,95.30,-95.74
282.177,True,97.40,-94.63
282.270,True,98.59,-92.62
282.381,True,98.29,-93.52
282.477,True,98.69,-95.22
282.575,True,99.94,-96.81
282.675,True,99.28,-97.20
282.772,True,98.87,-97.32
282.872,True,96.89,-98.21
282.976,True,95.95,-98.57
283.081,True,93.61,-99.41
283.183,True,92.64,-99.65
283.274,True,92.39,-100.65
283.374,True,91.40,-101.17
283.479,True,91.59,-101.57
283.581,True,92.54,-101.71
283.670,True,92.75,-94.44
283.782,True,93.45,-88.89
283.880,True,91.57,-88.99
283.976,True,90.44,-90.44
284.075,True,89.39,-91.09
284.175,True,87.13,-89.46
284.272,True,86.54,-84.28
284.374,True,87.93,-71.66
284.471,True,89.71,-68.11
284.580,True,91.09,-66.10
284.675,True,90.15,-65.28
284.774,True,89.41,-66.45
284.879,True,90.43,-68.36
284.979,True,90.26,-68.06
285.079,True,89.48,-67.69
285.176,True,88.86,-68.52
285.276,True,87.39,-67.26
285.375,True,85.81,-69.13
285.481,True,87.59,-76.13
285.580,True,90.95,-82.43
285.676,True,93.27,-88.74
285.776,True,94.80,-90.15
285.877,True,94.63,-90.28
285.971,True,95.03,-90.22
286.072,True,95.61,-91.80
286.170,True,95.35,-94.41
286.275,True,95.94,-93.79
286.371,True,96.08,-92.39
286.484,True,96.74,-90.21
286.579,True,96.44,-89.62
286.678,True,97.55,-89.09
286.778,True,97.42,-90.08
286.872,True,96.87,-90.42
286.974,True,97.57,-89.89
287.074,True,96.87,-89.35
287.174,True,94.35,-92.33
287.280,True,91.55,-92.74
287.378,True,92.47,-92.02
287.476,True,93.85,-90.16
287.570,True,92.49,-86.43
287.677,True,88.69,-83.93
287.774,True,84.60,-83.06
287.875,True,81.88,-75.13
287.975,True,82.75,-70.70
288.075,True,85.51,-68.75
288.176,True,87.59,-67.61
288.282,True,87.59,-67.90
288.380,True,84.87,-67.36
288.479,True,86.23,-67.03
288.573,True,86.67,-66.77
288.679,True,86.08,-67.69
288.775,True,87.91,-69.14
288.872,True,90.41,-69.33
288.970,True,92.81,-69.47
289.072,True,92.65,-71.15
289.181,True,91.34,-72.44
289.279,True,88.55,-74.71
289.373,True,87.76,-76.39
289.472,True,87.83,-80.56
289.572,True,92.65,-81.94
289.673,True,91.85,-82.76
289.782,True,89.16,-83.72
289.883,True,86.93,-84.43
289.976,True,87.35,-80.32
290.076,True,88.56,-83.61
290.180,True,94.44,-81.95
290.283,True,98.13,-82.90
290.378,True,97.64,-84.14
290.479,True,97.25,-82.55
290.573,True,96.64,-84.11
290.681,True,98.89,-84.41
290.776,True,98.08,-79.96
290.873,True,95.28,-71.63
290.980,True,93.95,-66.46
291.076,True,93.04,-65.05
291.175,True,90.12,-63.83
291.274,True,88.98,-64.48
291.370,True,87.85,-67.12
291.475,True,85.01,-72.26
291.579,True,83.03,-76.05
291.680,True,85.82,-76.80
291.779,True,86.82,-75.24
291.875,True,87.27,-74.07
291.973,True,87.84,-72.09
292.077,True,87.78,-74.76
292.179,True,93.72,-75.27
292.275,True,96.75,-74.44
292.374,True,98.87,-72.61
292.474,True,99.89,-71.42
292.576,True,99.09,-72.67
292.678,True,94.86,-75.17
292.777,True,93.92,-76.02
292.876,True,90.95,-77.56
292.979,True,89.90,-79.25
293.073,True,87.23,-79.59
293.173,True,87.66,-80.47
293.281,True,87.53,-79.28
293.386,True,86.84,-79.75
293.472,True,85.77,-81.53
293.583,True,82.98,-84.11
293.680,True,82.30,-85.20
293.778,True,81.94,-85.58
293.879,True,82.62,-82.03
293.981,True,84.30,-79.79
294.079,True,87.27,-81.85
294.173,True,89.70,-83.17
294.274,True,89.63,-83.37
294.381,True,89.71,-78.99
294.481,True,89.50,-74.23
294.572,True,90.36,-71.80
294.675,True,91.88,-71.10
294.771,True,90.79,-71.62
294.882,True,88.52,-71.20
294.972,True,87.01,-69.70
295.072,True,87.06,-70.67
295.176,True,87.34,-75.28
295.275,True,87.84,-75.43
295.372,True,88.27,-73.78
295.472,True,85.83,-73.72
295.570,True,84.87,-74.13
295.673,True,86.72,-76.07
295.774,True,85.21,-77.93
295.872,True,84.00,-81.34
295.972,True,88.94,-79.31
296.072,True,94.34,-78.72
296.170,True,93.32,-76.34
296.277,True,90.16,-73.28
296.378,True,87.07,-75.02
296.482,True,85.51,-77.68
296.575,True,84.12,-79.24
296.675,True,82.97,-78.69
296.781,True,85.27,-78.94
296.875,True,85.90,-80.23
296.979,True,85.02,-81.46
297.075,True,84.96,-83.91
297.175,True,86.55,-85.64
297.274,True,86.86,-86.92
297.371,True,86.43,-87.79
297.471,True,86.60,-87.81
297.573,True,86.28,-87.90
297.673,True,85.94,-88.77
297.780,True,86.35,-87.10
297.881,True,86.81,-81.83
297.980,True,86.78,-76.30
298.074,True,87.28,-74.13
298.175,True,88.68,-70.16
298.276,True,90.41,-70.72
298.371,True,88.37,-72.38
298.480,True,86.53,-78.06
298.576,True,86.82,-80.86
298.674,True,88.47,-81.57
298.778,True,90.25,-82.34
298.877,True,91.97,-81.67
298.983,True,92.40,-80.36
299.072,True,92.85,-80.85
299.176,True,93.35,-80.11
299.276,True,90.64,-79.19
299.374,True,89.27,-77.26
299.477,True,89.65,-80.36
299.577,True,90.84,-79.16
299.674,True,92.40,-78.95
299.772,True,93.67,-79.98
299.881,True,93.74,-80.65
299.972,True,97.26,-80.98
300.081,True,98.81,-82.99
300.177,True,100.83,-85.00
300.281,True,100.40,-87.33
300.380,True,99.30,-89.54
300.479,True,96.28,-90.36
300.574,True,95.42,-91.19
300.674,True,94.02,-92.89
300.775,True,94.35,-92.48
300.875,True,97.11,-90.83
300.974,True,96.86,-89.62
301.075,True,96.16,-90.04
301.170,True,95.39,-89.18
301.274,True,92.95,-87.98
301.380,True,91.05,-80.76
301.480,True,90.40,-69.34
301.573,True,91.71,-64.41
301.670,True,96.34,-59.56
301.778,True,96.84,-61.86
301.873,True,94.93,-61.85
301.974,True,112.37,-37.72
302.082,True,110.63,-40.56
302.183,True,103.13,-38.21
302.280,False,-2130.16,7876.47
302.380,True,114.01,-44.39
302.479,True,98.16,-54.28
302.580,True,93.29,-67.90
302.681,True,87.58,-71.70
302.776,True,84.76,-74.93
302.876,True,85.71,-75.57
302.972,True,88.40,-92.72
303.072,True,100.43,-89.31
303.174,True,102.81,-77.71
303.273,True,102.81,-74.11
303.382,True,101.54,-73.87
303.473,True,105.26,-74.62
303.579,True,105.94,-77.38
303.680,True,103.93,-85.56
303.781,True,105.01,-87.21
303.873,True,105.36,-87.27
303.978,True,99.97,-89.39
304.075,True,98.93,-91.69
304.174,True,100.03,-87.18
304.274,True,97.55,-83.65
304.380,True,92.56,-81.41
304.471,True,92.99,-77.21
304.581,True,91.51,-73.68
304.683,True,88.73,-70.48
304.780,True,91.00,-71.52
304.878,True,91.42,-78.17
304.976,True,92.93,-82.16
305.072,True,97.35,-80.15
305.177,True,99.37,-74.60
305.276,True,101.84,-71.50
305.370,True,102.51,-78.48
305.480,True,105.20,-80.47
305.576,True,104.30,-81.61
305.677,True,105.42,-80.53
305.774,True,106.55,-71.41
305.882,True,114.88,-61.73
305.983,True,108.33,-67.92
306.081,True,103.59,-69.46
306.176,True,104.22,-67.45
306.279,True,103.60,-67.52
306.377,True,101.78,-70.68
306.476,True,102.65,-69.94
306.574,True,105.52,-71.19
306.675,True,107.78,-70.16
306.772,True,107.81,-69.86
306.873,True,109.67,-68.86
306.975,True,110.63,-69.40
307.074,True,110.03,-75.09
307.181,True,111.17,-77.15
307.279,True,113.69,-74.94
307.378,True,113.80,-72.19
307.477,True,112.98,-74.50
307.576,True,111.97,-74.73
307.679,True,107.90,-84.06
307.776,True,108.86,-83.49
307.873,True,109.59,-79.18
307.983,True,108.25,-69.60
308.076,True,105.77,-67.06
308.176,True,103.36,-66.39
308.278,True,104.21,-66.31
308.375,True,107.09,-60.99
308.479,True,100.79,-68.75
308.579,True,95.85,-77.33
308.673,True,102.02,-70.12
308.776,True,101.57,-69.28
308.874,True,102.53,-66.00
308.975,True,101.16,-70.09
309.073,True,100.83,-71.70
309.175,True,101.84,-76.09
309.274,True,103.06,-76.52
309.374,True,104.75,-77.88
309.472,True,108.71,-73.89
309.572,True,122.41,-79.82
309.672,True,137.15,-67.73
309.773,True,120.42,-81.38
309.882,True,113.70,-86.98
309.972,True,118.14,-88.63
310.079,True,111.79,-82.66
310.171,True,104.61,-82.95
310.277,True,102.93,-85.06
310.373,True,99.78,-84.75
310.480,True,98.39,-81.35
310.580,True,98.29,-83.72
310.679,True,98.29,-85.78
310.782,True,98.16,-92.13
310.879,True,101.34,-83.79
310.971,True,103.12,-82.88
311.073,True,110.29,-89.39
311.173,True,114.12,-90.12
311.276,True,111.98,-78.71
311.373,True,104.85,-44.49
311.470,True,103.61,-48.33
311.573,True,98.84,-60.85
311.674,True,103.22,-53.72
311.775,True,100.25,-58.09
311.881,True,99.70,-50.54
311.982,True,104.99,-48.16
312.081,True,125.68,-102.78
312.181,True,120.20,-66.59
312.277,True,116.24,-59.15
312.373,True,112.39,-47.70
312.471,True,104.77,-60.62
312.580,True,92.32,-60.58
312.671,True,96.30,-63.12
312.781,True,102.31,-67.22
312.871,True,104.66,-66.86
312.974,True,105.31,-65.73
313.076,True,107.03,-66.47
313.175,True,109.14,-69.26
313.275,True,106.48,-73.50
313.382,True,106.52,-73.39
313.473,True,108.98,-73.65
313.581,True,109.96,-74.92
313.672,True,110.24,-75.55
313.780,True,107.61,-89.56
313.880,True,109.13,-97.62
313.976,True,111.97,-101.70
314.075,True,116.67,-93.92
314.180,True,113.37,-87.30
314.281,True,111.38,-86.25
314.378,True,110.80,-86.11
314.477,True,111.29,-85.42
314.575,True,113.18,-80.02
314.677,True,112.92,-77.32
314.774,True,112.23,-75.86
314.872,True,112.93,-68.73
314.981,True,105.16,-67.75
315.081,True,105.32,-63.12
315.182,True,107.57,-51.68
315.281,True,107.25,-46.69
315.378,True,107.99,-48.61
315.473,True,108.46,-52.87
315.573,True,111.37,-55.82
315.683,True,112.87,-61.59
315.777,False,-2136.64,7875.35
315.874,False,-2122.24,7843.98
315.970,True,128.24,-50.37
316.071,True,111.62,-45.62
316.183,True,101.73,-51.03
316.271,True,105.54,-65.13
316.370,True,110.54,-76.29
316.477,True,106.00,-83.46
316.576,True,104.92,-82.84
316.681,True,105.23,-85.28
316.775,True,102.05,-87.06
316.880,True,97.14,-88.05
316.981,True,96.11,-88.47
317.076,True,95.92,-87.50
317.177,True,95.87,-86.32
317.283,True,95.94,-85.47
317.372,True,99.34,-85.96
317.472,True,103.27,-85.07
317.572,True,106.44,-83.10
317.674,True,106.84,-84.27
317.778,True,107.16,-88.22
317.873,True,106.59,-90.91
317.981,True,105.72,-91.51
318.085,True,105.72,-91.81
318.181,True,105.63,-92.09
318.278,True,104.60,-91.56
318.380,True,103.36,-94.95
318.479,True,102.82,-96.82
318.572,True,102.62,-96.30
318.674,True,103.33,-96.58
318.773,True,103.65,-97.33
318.874,True,107.53,-91.40
318.970,True,109.02,-78.07
319.071,True,102.83,-74.19
319.179,True,100.51,-68.62
319.280,True,100.24,-67.74
319.378,True,99.99,-67.10
319.477,True,99.22,-66.52
319.580,True,98.20,-76.28
319.680,True,101.26,-80.19
319.780,True,101.74,-82.60
319.871,True,101.54,-84.24
319.983,True,103.21,-81.90
320.074,True,103.78,-79.96
320.180,True,103.96,-77.48
320.272,True,101.63,-81.84
320.380,True,101.72,-83.61
320.478,True,103.41,-88.50
320.578,True,103.37,-89.21
320.675,True,104.11,-88.51
320.779,True,104.49,-89.00
320.876,True,104.70,-88.56
320.982,True,106.45,-89.55
321.075,True,-2113.86,7815.40
321.175,True,124.45,-92.44
321.274,True,110.71,-77.48
321.381,True,93.13,-89.77
321.480,True,93.31,-102.82
321.582,True,92.19,-101.17
321.681,True,93.40,-91.98
321.778,True,96.95,-93.03
321.872,True,99.68,-92.06
321.981,True,97.63,-89.25
322.072,True,95.65,-90.16
322.175,True,95.63,-91.20
322.275,True,94.34,-94.79
322.376,True,94.87,-93.97
322.483,True,96.38,-90.90
322.581,True,97.80,-81.36
322.676,True,97.91,-78.65
322.776,True,96.89,-76.72
322.873,True,97.50,-76.31
322.973,True,97.81,-77.80
323.083,True,97.14,-77.83
323.174,False,-2077.63,7669.18
323.271,True,102.29,-75.08
323.381,True,122.29,-70.53
323.481,True,104.32,-75.38
323.579,True,106.61,-83.99
323.681,True,106.10,-91.12
323.780,True,96.62,-95.52
323.880,True,94.49,-90.46
323.981,True,102.12,-83.54
324.078,True,107.28,-84.86
324.180,True,106.43,-81.88
324.275,True,104.27,-78.23
324.377,True,102.47,-76.76
324.474,True,99.16,-77.12
324.580,True,94.53,-90.12
324.683,True,94.06,-90.27
324.778,True,95.22,-89.68
324.875,True,94.33,-90.72
324.982,True,93.84,-91.77
325.079,True,93.59,-93.30
325.176,True,93.41,-92.88
325.277,True,91.49,-91.99
325.378,True,91.19,-94.13
325.472,True,95.59,-94.80
325.574,True,99.09,-93.88
325.676,True,100.21,-92.47
325.778,True,99.18,-89.57
325.880,True,97.96,-81.05
325.977,True,97.92,-75.35
326.075,True,96.68,-69.29
326.180,True,96.25,-67.74
326.279,True,96.84,-68.10
326.379,True,93.90,-66.54
326.480,True,93.49,-67.84
326.575,True,93.57,-70.99
326.674,True,94.01,-75.75
326.779,True,95.25,-76.40
326.878,True,100.12,-75.64
326.980,True,132.64,-86.91
327.078,True,112.83,-56.60
327.176,True,95.01,-77.15
327.276,True,92.37,-85.86
327.374,True,88.80,-87.19
327.475,True,89.73,-84.89
327.574,True,91.06,-82.33
327.674,True,89.43,-81.46
327.779,True,90.38,-82.83
327.883,True,93.82,-83.99
327.976,True,95.17,-83.03
328.074,True,93.44,-78.81
328.181,True,93.90,-77.68
328.276,True,96.22,-76.91
328.374,True,97.33,-80.04
328.475,True,97.09,-82.15
328.580,True,96.50,-83.33
328.680,True,95.97,-84.82
328.774,True,96.32,-87.27
328.874,True,96.99,-88.12
328.976,True,97.65,-89.49
329.079,True,97.74,-90.89
329.176,True,96.05,-93.49
329.273,True,94.87,-98.66
329.373,True,93.91,-98.86
329.477,True,92.77,-87.68
329.578,True,94.28,-74.06
329.683,True,108.83,-74.26
329.774,True,100.69,-56.53
329.877,True,97.85,-62.48
329.980,True,99.43,-67.20
330.080,True,88.37,-63.74
330.174,True,86.14,-63.07
330.275,True,86.07,-63.63
330.381,True,85.24,-64.31
330.482,True,85.03,-68.49
330.580,True,85.42,-71.48
330.680,True,87.40,-71.02
330.786,True,87.79,-72.28
330.872,True,90.57,-75.58
330.973,True,91.68,-77.88
331.075,True,95.07,-77.04
331.180,True,96.69,-76.25
331.270,True,96.61,-76.54
331.370,True,97.30,-77.58
331.478,True,97.07,-80.08
331.585,True,94.85,-80.35
331.681,True,96.00,-80.88
331.781,True,98.07,-81.55
331.881,True,98.69,-86.84
331.984,True,97.78,-92.40
332.075,True,97.87,-92.64
332.177,True,98.47,-96.03
332.283,True,99.14,-94.71
332.371,True,99.12,-92.43
332.471,True,97.53,-90.36
332.574,True,94.34,-86.65
332.676,True,90.71,-73.72
332.778,True,91.28,-70.23
332.878,True,91.67,-68.89
332.981,True,91.82,-70.58
333.073,True,93.25,-70.43
333.183,True,94.23,-69.82
333.281,False,-2039.78,7580.06
333.381,True,117.53,-54.49
333.481,True,100.53,-68.19
333.575,True,98.14,-57.50
333.671,True,99.17,-67.61
333.780,True,97.90,-67.02
333.879,True,97.37,-66.37
333.976,True,96.69,-66.54
334.076,True,96.01,-68.65
334.179,True,94.20,-71.26
334.274,True,91.63,-71.89
334.372,True,94.13,-75.56
334.483,True,99.40,-76.10
334.580,True,100.40,-77.97
334.680,True,99.96,-77.68
334.780,True,101.49,-76.97
334.877,True,102.14,-77.50
334.974,True,102.35,-76.44
335.074,True,102.78,-73.33
335.172,True,105.97,-71.98
335.278,True,107.05,-73.04
335.376,True,106.10,-75.78
335.472,True,106.49,-78.99
335.572,True,105.58,-79.66
335.679,True,103.72,-79.64
335.780,True,102.74,-81.00
335.873,True,105.88,-83.76
335.973,True,108.22,-88.71
336.071,True,107.03,-89.03
336.175,True,102.50,-84.33
336.274,True,98.13,-76.53
336.370,True,94.73,-69.52
336.482,False,-2004.31,7434.85
336.581,True,116.94,-25.61
336.676,True,117.68,-46.29
336.775,True,103.51,-61.24
336.873,True,103.55,-74.90
336.972,True,104.19,-70.75
337.073,True,96.77,-71.24
337.183,True,93.18,-70.16
337.272,True,95.64,-71.54
337.382,True,101.09,-69.82
337.472,True,100.61,-69.10
337.583,True,99.27,-67.52
337.670,True,99.06,-64.60
337.775,True,99.47,-69.02
337.877,True,99.83,-69.56
337.976,True,102.77,-64.49
338.077,True,107.08,-70.11
338.175,True,110.43,-70.77
338.281,True,109.51,-72.11
338.375,True,110.04,-69.79
338.473,True,110.62,-69.65
338.580,True,111.39,-71.20
338.674,True,112.79,-72.92
338.781,True,116.14,-73.44
338.878,True,117.63,-74.85
338.975,True,116.25,-75.26
339.079,True,114.65,-75.03
339.179,True,114.12,-75.16
339.280,True,114.04,-75.50
339.377,True,114.01,-77.83
339.474,True,114.55,-77.88
339.571,True,112.93,-72.05
339.671,True,111.10,-64.00
339.781,True,109.93,-60.39
339.878,True,107.69,-59.31
339.972,True,106.14,-58.23
340.081,True,103.73,-58.12
340.175,True,103.46,-58.41
340.274,True,103.70,-58.05
340.373,True,110.64,-60.70
340.472,True,115.51,-67.57
340.572,True,120.71,-79.32
340.680,True,118.81,-81.45
340.774,True,118.38,-83.46
340.884,True,120.02,-91.27
340.982,True,119.50,-89.57
341.078,True,118.71,-89.18
341.180,True,116.45,-89.06
341.280,True,118.56,-88.96
341.372,True,122.16,-87.03
341.473,True,127.57,-85.61
341.574,True,129.47,-85.99
341.677,True,128.35,-81.93
341.775,True,124.31,-70.20
341.875,True,114.28,-79.41
341.972,True,110.88,-87.60
342.072,True,109.72,-95.66
342.171,True,107.00,-96.66
342.270,True,107.62,-96.14
342.372,True,105.51,-97.34
342.473,True,103.04,-100.72
342.575,True,103.80,-102.78
342.680,True,108.73,-103.97
342.775,True,110.01,-103.57
342.880,True,107.90,-102.66
342.980,True,106.56,-99.79
343.080,True,106.62,-93.54
343.174,True,106.71,-86.77
343.280,False,-1998.87,7471.55
343.382,True,104.96,-48.55
343.475,True,114.95,-47.76
343.578,True,99.65,-55.50
343.675,True,95.14,-80.72
343.775,True,94.73,-76.80
343.873,True,97.24,-82.84
343.972,True,98.09,-85.63
344.075,True,98.28,-86.75
344.174,True,100.02,-87.05
344.280,True,100.95,-85.29
344.378,True,99.91,-82.50
344.474,True,100.16,-80.18
344.579,True,100.91,-81.87
344.681,True,100.93,-82.73
344.774,True,100.46,-83.69
344.873,True,99.92,-83.56
344.979,True,99.56,-83.96
345.075,True,98.64,-81.74
345.177,True,99.76,-81.02
345.274,True,99.89,-83.16
345.378,True,98.90,-85.11
345.478,True,99.15,-87.62
345.575,True,98.84,-89.38
345.675,True,100.00,-91.78
345.782,True,101.43,-92.81
345.879,True,102.70,-93.28
345.981,True,102.96,-93.66
346.071,True,100.32,-92.53
346.172,True,100.94,-99.18
346.278,True,99.00,-90.88
346.374,True,98.48,-80.63
346.472,True,99.11,-72.48
346.578,True,102.63,-74.42
346.676,True,102.81,-69.41
346.775,False,-2001.85,7383.61
346.872,True,101.15,-59.14
346.983,True,122.33,-74.25
347.085,True,103.97,-82.85
347.175,True,100.19,-85.56
347.273,True,96.43,-88.28
347.377,True,91.02,-85.56
347.473,True,89.14,-81.74
347.573,True,89.28,-79.03
347.683,True,88.64,-77.59
347.778,True,89.39,-75.82
347.878,True,92.53,-73.14
347.976,True,96.16,-71.98
348.077,True,95.50,-71.96
348.179,True,94.36,-73.89
348.278,True,93.60,-79.24
348.375,True,93.14,-81.35
348.477,True,29.07,-101.29
348.577,True,20.58,-112.12
348.681,True,72.88,-111.83
348.780,True,83.94,-110.98
348.876,True,92.41,-105.77
348.978,True,-1990.01,7337.86
349.074,True,162.45,-72.41
349.172,True,111.63,-77.45
349.271,True,109.71,-77.30
349.378,True,105.87,-83.41
349.474,True,110.18,-90.28
349.573,True,111.84,-75.73
349.672,True,96.62,-75.90
349.776,True,93.80,-86.67
349.872,True,91.22,-84.68
349.983,True,84.55,-75.20
350.071,True,92.18,-75.77
350.173,True,100.49,-72.40
350.275,False,-1975.51,7289.31
350.381,True,126.43,-42.84
350.481,True,117.99,-44.67
350.575,True,107.82,-53.14
350.673,True,105.10,-71.66
350.771,True,107.50,-77.93
350.872,True,121.29,-72.64
350.982,True,93.44,-80.99
351.082,True,92.22,-82.19
351.179,True,92.79,-72.79
351.279,True,95.59,-73.77
351.373,True,95.89,-73.23
351.473,True,96.93,-73.05
351.574,True,97.19,-71.99
351.673,True,96.87,-71.26
351.774,True,96.99,-72.79
351.874,True,98.36,-74.93
351.972,True,99.71,-73.48
352.081,True,96.76,-72.65
352.179,True,94.14,-72.78
352.272,True,95.22,-73.65
352.382,True,95.97,-73.61
352.479,True,95.36,-75.70
352.578,True,95.49,-76.67
352.676,True,95.55,-74.94
352.781,True,97.31,-73.08
352.877,True,97.04,-72.58
352.973,True,97.32,-72.25
353.073,True,96.56,-79.52
353.172,True,97.44,-86.78
353.278,True,104.21,-87.64
353.377,True,108.42,-85.23
353.473,True,108.52,-82.03
353.573,True,104.55,-72.34
353.671,True,99.90,-69.39
353.772,True,95.19,-63.47
353.875,True,92.86,-59.17
353.975,True,93.61,-58.42
354.077,False,-1961.90,7301.54
354.177,True,97.40,-45.31
354.278,True,103.16,-61.61
354.371,True,103.57,-67.15
354.479,True,99.19,-69.38
354.578,True,96.75,-67.77
354.671,True,97.96,-70.24
354.774,True,99.72,-70.25
354.880,True,99.92,-70.27
354.982,True,99.53,-70.56
355.079,True,100.61,-71.88
355.174,True,99.45,-70.85
355.270,True,98.63,-73.26
355.371,True,99.12,-76.95
355.472,True,100.49,-79.76
355.576,True,98.21,-77.99
355.675,True,95.20,-82.09
355.775,True,92.73,-84.42
355.874,True,92.27,-86.39
355.977,True,91.10,-88.45
356.082,True,91.72,-89.93
356.179,True,94.09,-90.45
356.274,True,96.55,-90.64
356.372,True,100.74,-89.25
356.480,True,102.38,-89.02
356.574,True,104.71,-89.08
356.681,True,111.86,-89.14
356.776,True,117.93,-86.29
356.878,True,117.00,-84.70
356.982,True,116.23,-84.15
357.076,True,115.74,-83.21
357.173,True,110.08,-75.20
357.280,True,104.23,-65.42
357.381,True,101.46,-56.30
357.480,True,99.43,-61.79
357.577,True,99.24,-62.86
357.675,False,-1957.03,7271.91
357.775,False,-1966.00,7291.87
357.877,True,119.78,-26.24
357.972,True,97.88,-40.65
358.074,True,101.75,-56.92
358.173,True,104.34,-61.76
358.281,True,100.72,-56.48
358.379,True,99.89,-54.64
358.482,True,99.19,-55.07
358.579,True,99.05,-55.32
358.673,True,98.05,-54.25
358.773,True,96.17,-55.89
358.880,True,97.06,-57.93
358.979,True,97.61,-58.99
359.075,True,98.05,-63.96
359.180,True,98.57,-67.53
359.278,True,98.85,-71.60
359.372,True,98.39,-71.20
359.482,True,96.45,-65.73
359.580,True,97.07,-62.42
359.680,True,99.69,-67.00
359.781,True,102.18,-77.36
359.875,True,105.22,-78.37
359.973,True,128.64,-67.24
360.079,True,116.91,-68.38
360.171,True,113.93,-70.41
360.271,True,115.14,-71.97
360.381,True,112.69,-66.45
360.480,True,107.35,-67.60
360.575,True,102.76,-69.49
360.674,True,101.46,-69.39
360.782,True,100.39,-71.13
360.878,True,99.54,-72.23
360.984,True,99.94,-68.69
361.081,True,99.43,-64.87
361.177,True,97.72,-63.89
361.273,True,97.14,-65.22
361.378,True,90.71,-54.50
361.475,True,90.41,-57.53
361.577,True,90.43,-58.90
361.675,True,90.92,-59.40
361.776,True,94.76,-63.34
361.874,True,93.80,-63.60
361.977,True,94.15,-66.77
362.074,True,95.69,-75.16
362.180,True,95.65,-83.16
362.280,True,96.37,-86.59
362.373,True,97.94,-88.47
362.479,True,98.46,-78.27
362.578,True,100.14,-82.50
362.679,True,100.82,-81.44
362.778,True,99.41,-77.58
362.878,True,96.53,-78.55
362.972,True,97.45,-82.20
363.076,True,96.43,-84.74
363.176,True,96.35,-88.58
363.273,True,96.30,-88.47
363.378,True,99.36,-89.44
363.476,True,104.57,-87.23
363.582,True,107.32,-83.84
363.680,True,108.02,-87.52
363.779,True,106.64,-95.38
363.874,True,101.97,-91.23
363.979,True,99.64,-75.52
364.080,True,98.62,-69.84
364.182,True,97.38,-70.01
364.271,True,97.78,-66.12
364.373,True,97.84,-62.42
364.474,False,-1958.29,7296.82
364.573,True,134.15,18.78
364.676,True,113.91,-30.89
364.782,True,101.40,-52.28
364.877,True,104.01,-64.72
364.983,True,104.68,-61.89
365.081,True,104.73,-72.66
365.176,True,108.29,-71.78
365.280,True,104.17,-71.21
365.375,True,102.81,-73.45
365.474,True,102.76,-73.27
365.579,True,99.16,-69.55
365.678,True,98.89,-70.63
365.776,True,98.48,-63.76
365.872,True,97.89,-55.57
365.971,True,97.22,-55.11
366.080,True,100.25,-63.80
366.175,True,104.10,-67.35
366.274,True,104.42,-70.16
366.379,True,99.24,-78.79
366.475,True,97.73,-82.10
366.577,True,98.86,-83.37
366.671,True,99.86,-81.02
366.774,True,103.95,-73.79
366.879,True,107.50,-70.91
366.979,True,109.50,-70.80
367.072,True,109.83,-69.60
367.174,True,109.54,-70.61
367.274,True,109.60,-73.99
367.379,True,105.38,-72.47
367.476,True,100.06,-71.17
367.573,True,101.38,-68.75
367.672,True,104.44,-69.86
367.782,True,104.46,-71.47
367.881,True,103.24,-71.51
367.979,True,103.31,-73.62
368.073,True,104.09,-78.63
368.181,True,102.64,-88.16
368.279,True,101.63,-88.04
368.378,True,101.05,-91.69
368.476,True,101.43,-96.89
368.575,True,103.49,-103.02
368.673,True,107.95,-100.49
368.780,True,108.65,-101.54
368.875,True,109.34,-102.11
368.974,True,109.75,-103.70
369.073,True,111.39,-105.04
369.180,True,110.89,-107.39
369.273,True,111.28,-109.74
369.376,True,108.60,-110.24
369.472,True,107.01,-109.96
369.579,True,108.19,-109.27
369.676,True,108.37,-109.35
369.775,True,108.04,-110.04
369.872,True,106.28,-107.66
369.979,True,104.44,-109.22
370.074,True,100.43,-106.25
370.174,True,98.86,-96.66
370.271,True,100.30,-94.15
370.381,True,102.86,-93.81
370.478,True,103.52,-95.73
370.579,True,102.91,-96.86
370.676,True,102.47,-97.86
370.773,True,101.90,-107.19
370.880,True,104.90,-112.24
370.979,True,108.07,-104.51
371.074,True,105.49,-89.01
371.172,True,103.75,-80.89
371.281,True,101.48,-81.29
371.376,True,100.28,-81.82
371.474,True,99.48,-81.00
371.579,True,97.76,-83.71
371.671,True,97.30,-83.54
371.775,True,96.82,-84.27
371.871,True,96.42,-89.31
371.971,True,94.84,-90.83
372.080,True,93.46,-89.31
372.177,True,92.83,-89.60
372.274,True,92.24,-89.69
372.380,True,93.38,-84.28
372.478,True,94.49,-80.30
372.573,True,95.40,-80.08
372.684,True,97.67,-80.56
372.782,True,97.64,-83.13
372.873,True,97.53,-82.11
372.972,True,95.63,-79.84
373.073,True,96.69,-75.12
373.172,True,99.56,-73.45
373.272,True,99.91,-76.04
373.377,True,98.86,-78.49
373.472,True,99.49,-82.87
373.581,True,99.85,-88.10
373.682,True,103.11,-86.47
373.779,True,105.72,-84.68
373.880,True,108.11,-83.17
373.978,True,109.11,-83.06
374.080,True,109.06,-82.64
374.175,True,110.19,-85.68
374.274,True,110.39,-89.92
374.379,True,107.40,-92.36
374.477,True,106.99,-94.20
374.573,True,108.39,-96.99
374.673,True,110.81,-95.47
374.774,True,110.57,-96.65
374.873,True,110.49,-100.62
374.979,True,110.80,-100.88
375.080,True,111.27,-98.51
375.178,True,112.66,-100.86
375.273,True,114.24,-104.61
375.371,True,116.80,-106.59
375.480,True,117.65,-107.90
375.578,True,118.23,-108.14
375.672,True,117.84,-109.49
375.781,True,116.76,-112.30
375.876,True,117.00,-119.30
375.974,True,119.65,-119.02
376.075,True,117.29,-108.51
376.177,True,110.51,-101.14
376.272,True,100.63,-80.32
376.377,True,97.43,-64.00
376.476,False,-1913.55,7034.67
376.578,True,108.48,-27.70
376.674,True,99.23,-67.62
376.775,True,89.03,-55.67
376.872,True,77.41,-55.36
376.979,True,88.03,-72.19
377.080,True,93.41,-81.27
377.170,True,96.37,-78.27
377.273,True,99.90,-81.96
377.380,True,98.06,-80.82
377.480,True,94.32,-79.34
377.578,True,95.83,-86.29
377.673,True,98.67,-84.79
377.782,True,92.15,-69.75
377.880,True,90.23,-76.77
377.979,True,89.13,-83.20
378.079,True,89.23,-91.18
378.175,True,88.93,-94.12
378.275,True,89.84,-97.36
378.381,True,93.72,-97.98
378.475,True,95.01,-92.87
378.573,True,97.43,-91.55
378.680,True,96.98,-85.44
378.783,True,101.19,-86.57
378.876,True,101.67,-86.55
378.971,True,102.30,-85.47
379.084,True,105.53,-85.00
379.181,True,108.47,-85.86
379.279,True,112.11,-94.56
379.376,True,111.72,-93.50
379.475,True,111.40,-92.04
379.581,True,109.55,-84.17
379.678,True,105.79,-77.11
379.777,True,100.38,-77.45
379.879,True,97.66,-72.10
379.982,True,92.34,-62.93
380.071,True,91.30,-54.87
380.180,True,91.87,-56.36
380.275,True,93.08,-62.81
380.374,True,122.23,-52.97
380.471,True,117.44,-59.76
380.578,True,106.82,-68.42
380.678,True,108.68,-71.95
380.780,True,107.96,-79.53
380.877,True,98.97,-82.75
380.972,True,95.05,-85.71
381.078,True,94.92,-89.24
381.180,True,91.19,-91.08
381.281,True,94.52,-91.97
381.378,True,105.54,-93.89
381.472,True,107.60,-87.36
381.577,True,98.45,-83.59
381.674,True,93.66,-73.38
381.770,True,96.06,-77.77
381.873,True,115.59,-84.05
381.982,True,135.83,-93.86
382.073,True,162.28,-102.57
382.179,True,152.52,-85.98
382.277,True,148.05,-76.37
382.376,True,165.13,-69.57
382.480,True,111.62,-78.58
382.577,True,110.29,-82.26
382.676,True,113.58,-88.28
382.775,True,121.85,-94.45
382.872,True,120.94,-94.56
382.971,True,119.79,-94.55
383.078,True,118.61,-85.16
383.170,True,115.81,-60.41
383.280,True,109.40,-58.42
383.377,True,110.03,-53.36
383.471,True,116.10,-66.96
383.574,True,1.32,-66.51
383.672,True,-22.50,-73.72
383.771,True,-25.38,-86.23
383.879,True,-15.96,-81.05
383.975,True,-12.40,-77.29
384.081,True,-2.50,-64.48
384.173,True,20.38,-4.53
384.279,True,21.81,-1.47
384.371,True,11.97,-4.28
384.474,True,15.04,-5.73
384.574,True,93.05,2.03
384.672,True,152.40,-11.32
384.774,True,-20.81,-141.91
384.879,True,-102.68,-186.76
384.981,True,-98.02,-182.20
385.077,True,-80.07,-183.29
385.177,True,-69.99,-196.82
385.274,True,-15.87,-159.87
385.374,True,80.41,-99.26
385.475,True,103.11,-99.78
385.574,False,-1648.16,7264.14
385.672,True,132.31,-80.23
385.779,True,84.82,-51.31
385.874,True,79.40,-68.56
385.976,True,128.80,-79.20
386.074,True,137.26,-73.12
386.183,True,119.90,-68.64
386.281,True,111.36,-72.41
386.378,True,102.04,-70.35
386.477,True,100.48,-68.20
386.575,True,102.33,-69.06
386.674,True,104.20,-72.05
386.782,True,116.48,-73.31
386.872,True,117.57,-77.58
386.974,True,100.55,-74.76
387.072,True,104.69,-60.05
387.172,True,106.21,-86.86
387.273,True,105.84,-102.92
387.379,True,101.00,-115.64
387.474,True,107.25,-93.54
387.573,True,116.94,-54.68
387.673,True,105.63,-44.14
387.773,True,106.71,-45.15
387.874,True,140.84,-72.91
387.970,True,141.50,-92.42
388.079,True,127.76,-94.90
388.174,True,83.17,-98.03
388.273,True,75.12,-93.82
388.378,True,88.16,-61.43
388.482,True,103.38,-53.61
388.580,True,110.05,-51.10
388.678,True,115.81,-47.99
388.774,True,118.04,-49.60
388.874,True,120.43,-58.44
388.976,True,123.36,-63.97
389.077,True,121.46,-69.67
389.180,True,120.38,-76.84
389.282,True,117.75,-81.08
389.377,True,115.60,-81.18
389.472,True,113.40,-78.53
389.579,True,111.67,-84.88
389.682,True,112.16,-84.62
389.779,True,109.20,-84.72
389.879,True,102.30,-88.31
389.975,True,103.61,-89.90
390.085,True,106.74,-89.64
390.180,True,105.12,-89.92
390.280,True,103.32,-90.33
390.373,True,-1593.31,7075.96
390.475,True,112.54,-175.12
390.575,True,94.00,-122.11
390.681,True,76.12,-117.60
390.778,True,68.32,-102.40
390.880,True,72.47,-78.25
390.977,True,87.49,-109.08
391.073,True,99.56,-114.80
391.174,True,100.57,-113.23
391.272,True,102.86,-106.37
391.377,True,119.48,-96.79
391.472,True,126.59,-81.21
391.580,True,129.88,-73.21
391.673,True,120.97,-65.29
391.779,True,110.79,-79.89
391.878,True,115.61,-83.65
391.976,True,100.27,-87.46
392.072,True,89.92,-86.08
392.180,True,84.27,-83.96
392.275,True,86.07,-86.24
392.375,True,89.26,-91.83
392.472,True,89.86,-83.97
392.576,True,93.87,-80.43
392.675,False,-1589.53,6733.63
392.778,True,121.48,-89.00
392.876,True,142.15,-122.86
392.975,True,121.45,-50.40
393.074,True,108.82,-65.32
393.173,True,108.73,-82.11
393.282,True,103.80,-82.02
393.377,True,103.61,-91.24
393.476,True,112.47,-97.51
393.573,True,115.17,-82.08
393.672,True,115.47,-72.56
393.777,True,103.47,-67.51
393.877,True,105.26,-58.34
393.982,True,106.39,-56.91
394.085,True,106.31,-60.37
394.172,True,105.99,-63.36
394.272,True,108.06,-64.66
394.380,True,104.06,-57.92
394.474,True,105.34,-68.85
394.570,True,105.13,-72.32
394.680,True,103.70,-70.85
394.778,True,110.37,-71.97
394.881,True,117.49,-74.60
394.980,True,122.66,-78.15
395.079,True,123.87,-82.43
395.176,True,128.35,-82.71
395.273,True,127.51,-82.21
395.380,True,118.09,-81.12
395.479,False,-1536.00,6643.07
395.573,False,-1515.34,6580.76
395.680,True,129.58,-101.64
395.777,True,116.74,-75.82
395.873,True,108.75,-69.15
395.974,True,92.09,-77.64
396.080,True,93.92,-67.14
396.178,True,98.51,-76.13
396.275,True,103.25,-89.51
396.374,True,107.62,-92.83
396.479,True,111.95,-92.71
396.578,True,115.21,-89.68
396.674,True,114.24,-88.84
396.779,True,112.87,-88.40
396.874,True,112.06,-90.28
396.974,True,112.12,-93.31
397.074,True,115.13,-94.67
397.174,True,114.10,-92.02
397.271,True,111.09,-91.76
397.380,True,115.62,-69.25
397.479,True,119.51,-82.68
397.580,True,117.71,-86.97
397.682,True,123.26,-88.86
397.779,True,125.36,-67.18
397.874,True,124.50,-64.67
397.976,True,117.90,-65.82
398.079,True,114.57,-66.63
398.179,True,113.98,-76.44
