=== 数据记录开始于 2026-01-05 19:31:04 ===
18.709,True,75.31,-29.09
18.815,True,79.56,-39.33
18.916,True,89.60,-47.55
19.008,True,97.28,-46.67
19.109,True,-11.21,-146.72
19.212,True,-17.10,-158.48
19.311,True,-19.70,-168.84
19.413,True,-25.45,-173.55
19.514,True,171.87,-157.42
19.613,False,705.41,-46.07
19.715,False,713.64,-67.27
19.809,False,517.34,-79.03
19.911,True,152.83,-77.27
20.008,True,151.08,-80.31
20.107,True,150.60,-84.00
20.210,True,149.73,-85.89
20.312,True,150.69,-88.00
20.406,True,97.90,-90.89
20.505,True,88.14,-95.82
20.608,True,85.98,-101.47
20.716,True,86.33,-101.24
20.811,True,85.71,-100.01
20.911,True,85.55,-98.70
21.016,True,87.48,-99.49
21.114,True,89.91,-101.16
21.210,True,88.95,-99.20
21.314,True,87.18,-100.49
21.407,True,88.71,-98.36
21.517,True,87.74,-103.16
21.611,True,88.38,-100.79
21.714,True,88.62,-101.28
21.808,True,88.64,-102.12
21.909,True,86.14,-99.38
22.016,True,86.59,-96.59
22.111,True,90.21,-96.53
22.213,True,93.89,-99.90
22.311,True,92.67,-100.87
22.412,True,92.38,-105.82
22.517,True,96.08,-110.51
22.615,True,96.85,-109.91
22.713,True,96.53,-106.93
22.811,True,97.52,-109.23
22.916,True,100.00,-110.35
23.006,True,58.38,-121.61
23.108,True,40.41,-127.16
23.211,True,38.30,-133.67
23.314,True,118.83,-107.74
23.422,True,123.82,-100.80
23.509,True,124.91,-98.39
23.611,True,122.84,-96.03
23.707,True,122.12,-95.51
23.809,True,120.47,-93.53
23.915,True,120.08,-92.49
24.012,True,121.11,-93.88
24.107,True,122.57,-92.68
24.216,True,122.33,-94.90
24.316,True,121.29,-95.69
24.418,True,120.48,-97.90
24.512,True,120.70,-98.62
24.607,True,120.07,-98.29
24.720,True,118.26,-98.61
24.810,True,120.46,-100.12
24.907,True,122.70,-106.24
25.018,True,119.42,-103.07
25.108,True,117.24,-99.98
25.218,True,119.44,-101.10
25.310,True,119.55,-101.27
25.418,True,117.53,-97.27
25.514,True,117.42,-98.24
25.610,True,116.94,-100.59
25.716,True,117.39,-101.44
25.810,True,118.17,-104.49
25.915,True,118.32,-104.00
26.005,True,125.61,-99.84
26.109,True,309.60,-137.58
26.207,True,309.43,-156.69
26.309,True,-156.83,-155.28
26.412,True,-154.68,-166.79
26.506,True,-152.74,-170.60
26.611,True,156.66,-131.12
26.713,True,167.60,-126.24
26.807,True,169.04,-125.18
26.912,True,167.47,-124.79
27.015,True,167.45,-119.96
27.105,True,169.20,-121.02
27.209,True,172.55,-119.99
27.311,True,174.82,-119.87
27.416,True,113.46,-120.49
27.510,True,107.27,-123.31
27.615,True,64.17,-123.67
27.714,True,55.87,-119.62
27.805,True,56.92,-117.98
27.905,True,55.05,-115.02
28.014,True,52.09,-116.11
28.112,True,47.00,-113.64
28.211,True,44.79,-112.66
28.316,True,119.10,-98.03
28.406,True,124.82,-94.36
28.513,True,127.06,-95.10
28.617,True,127.18,-99.62
28.716,True,124.13,-99.30
28.814,True,115.83,-91.33
28.911,True,110.20,-85.40
29.005,True,99.08,-88.54
29.109,True,93.83,-84.38
29.218,True,93.98,-85.57
29.314,True,111.41,-95.33
29.416,True,129.82,-96.13
29.516,True,141.82,-98.56
29.616,True,141.82,-93.74
29.713,True,139.76,-95.18
29.814,True,383.22,-135.13
29.916,True,397.85,-154.79
30.009,True,391.52,-142.23
30.111,True,352.27,-147.26
30.208,True,330.50,-137.22
30.317,True,350.33,-138.84
30.413,True,363.49,-135.97
30.518,True,361.32,-131.54
30.617,True,358.27,-128.53
30.711,True,149.01,-128.24
30.814,True,142.85,-129.25
30.907,True,137.40,-127.64
31.011,True,177.89,-130.61
31.111,True,426.13,-142.76
31.207,True,419.37,-145.73
31.307,False,449.41,-146.69
31.410,False,451.11,-146.76
31.505,False,452.74,-147.65
31.610,True,116.13,-144.13
31.716,True,86.47,-133.30
31.806,True,84.04,-131.34
31.906,True,81.78,-127.80
32.009,True,81.63,-121.65
32.108,True,83.04,-119.67
32.220,True,84.97,-113.58
32.307,True,84.06,-113.95
32.413,True,84.41,-114.81
32.518,True,87.84,-117.19
32.609,True,88.59,-110.36
32.714,True,89.76,-111.48
32.816,True,91.57,-113.12
32.908,True,92.70,-111.88
33.013,True,93.40,-110.90
33.105,True,92.32,-108.66
33.217,True,22.84,-100.57
33.313,True,3.88,-98.75
33.412,True,0.81,-98.37
33.517,True,-2.05,-99.56
33.616,True,-2.95,-101.55
33.717,True,64.79,-107.36
33.812,True,365.12,-153.13
33.915,True,368.00,-164.98
34.011,True,151.78,-156.84
34.106,True,95.02,-149.17
34.210,True,93.56,-151.04
34.310,True,93.97,-151.64
34.406,True,103.84,-131.31
34.516,True,108.96,-123.96
34.607,True,112.99,-121.81
34.707,True,114.70,-118.86
34.813,True,113.43,-120.13
34.912,True,112.15,-123.44
35.012,True,110.08,-122.41
35.118,True,109.32,-117.04
35.213,True,106.75,-112.74
35.306,True,106.56,-117.75
35.411,True,106.07,-118.61
35.511,True,102.52,-112.50
35.606,True,103.75,-117.65
35.706,True,109.94,-119.40
35.809,True,110.56,-118.29
35.912,True,116.57,-130.96
36.014,True,244.59,-124.15
36.109,True,250.94,-125.96
36.214,True,254.46,-132.35
36.315,True,283.46,-140.55
36.408,True,355.64,-157.51
36.510,True,365.05,-162.41
36.606,True,86.16,-122.53
36.718,True,85.52,-114.07
36.806,True,83.89,-108.81
36.917,True,120.30,-110.76
37.017,True,126.19,-109.64
37.110,True,130.06,-107.34
37.206,True,124.63,-100.17
37.306,True,114.55,-93.98
37.412,True,109.82,-91.89
37.507,True,108.37,-93.27
37.617,True,108.26,-98.07
37.711,True,108.50,-98.78
37.812,True,108.17,-99.01
37.910,True,108.48,-101.19
38.021,True,107.56,-105.19
38.117,True,107.46,-104.55
38.206,True,107.99,-104.64
38.314,True,106.89,-99.78
38.412,True,103.63,-94.00
38.505,True,101.07,-93.48
38.616,True,98.98,-92.69
38.708,True,98.60,-94.10
38.817,True,98.95,-97.51
38.912,True,98.80,-95.71
39.009,True,98.96,-95.33
39.118,True,97.48,-95.04
39.220,True,96.67,-95.53
39.312,True,99.00,-95.06
39.413,True,101.35,-95.26
39.521,True,101.67,-95.66
39.614,True,106.80,-98.15
39.717,True,114.65,-99.01
39.809,True,116.47,-99.06
39.911,True,116.91,-99.71
40.018,True,118.18,-100.09
40.105,True,122.03,-107.64
40.214,True,126.31,-120.16
40.310,True,8.61,-115.24
40.405,True,-23.33,-109.60
40.510,True,-24.78,-110.14
40.610,True,-117.72,-119.80
40.716,True,-101.35,-124.60
40.816,True,-99.35,-126.63
40.913,True,-17.13,-121.73
41.015,True,89.59,-99.32
41.109,True,91.08,-95.21
41.207,True,90.62,-89.34
41.314,True,89.32,-89.19
41.410,True,89.80,-96.70
41.517,True,109.93,-99.11
41.614,True,115.42,-99.38
41.706,True,117.64,-100.33
41.818,True,120.19,-100.45
41.912,True,122.31,-101.46
42.005,True,101.46,-98.57
42.115,True,80.66,-95.26
42.218,True,78.61,-95.82
42.308,True,89.87,-101.11
42.409,True,96.85,-107.93
42.509,True,96.64,-112.02
42.607,True,96.43,-112.80
42.720,True,131.20,-122.65
42.816,True,137.96,-125.12
42.910,True,142.54,-124.23
43.011,True,143.98,-125.94
43.113,True,144.08,-122.94
43.206,True,290.65,-128.99
43.312,True,309.87,-139.08
43.407,True,268.64,-137.77
43.512,True,87.64,-102.66
43.616,True,83.46,-101.58
43.710,True,80.71,-103.19
43.809,True,79.51,-104.12
43.911,True,80.40,-104.82
44.009,True,93.06,-99.18
44.115,True,96.81,-95.79
44.209,True,97.72,-92.33
44.309,True,102.90,-94.11
44.407,True,104.39,-94.51
44.520,True,103.50,-98.86
44.611,True,105.06,-100.60
44.715,True,106.58,-105.31
44.808,True,107.90,-105.51
44.914,True,108.61,-106.05
45.011,True,108.96,-102.41
45.111,True,107.33,-93.78
45.211,True,104.00,-89.55
45.316,True,104.32,-89.67
45.410,True,105.82,-90.15
45.508,True,107.14,-87.27
45.614,True,107.52,-85.58
45.716,True,104.73,-84.94
45.805,True,103.32,-83.51
45.912,True,100.52,-85.45
46.010,True,100.58,-88.76
46.109,True,101.36,-90.67
46.221,True,119.81,-97.77
46.314,True,125.22,-99.51
46.409,True,107.80,-99.37
46.514,True,92.30,-98.99
46.615,True,86.83,-98.84
46.722,True,83.50,-98.28
46.818,True,33.83,-97.14
46.911,True,13.88,-97.58
47.015,True,7.99,-99.80
47.111,True,6.37,-102.64
47.208,True,6.69,-102.52
47.315,True,19.04,-98.16
47.411,True,28.60,-95.27
47.506,True,33.85,-90.77
47.615,True,38.47,-92.35
47.711,True,39.13,-91.96
47.816,True,39.95,-97.09
47.912,True,38.03,-98.34
48.015,True,36.55,-100.56
48.109,True,41.50,-102.50
48.205,True,45.40,-103.74
48.311,True,44.55,-102.50
48.406,True,44.46,-100.99
48.507,True,46.15,-98.77
48.609,True,44.30,-93.21
48.706,True,42.06,-89.81
48.810,True,40.08,-85.80
48.906,True,41.95,-88.97
49.007,True,43.54,-92.50
49.113,True,54.61,-95.78
49.205,True,97.72,-102.38
49.314,True,107.29,-104.93
49.406,True,109.49,-103.63
49.516,True,114.01,-101.98
49.613,True,121.43,-102.82
49.705,True,126.23,-101.27
49.806,True,127.23,-95.28
49.906,True,124.23,-87.69
50.012,True,124.63,-87.54
50.110,True,113.64,-85.68
50.208,True,-91.37,-86.83
50.305,True,-135.93,-97.79
50.405,True,75.56,-95.13
50.515,True,78.57,-94.32
50.610,True,202.82,-59.10
50.716,True,212.98,-50.35
50.815,True,79.89,-77.54
50.909,True,53.73,-104.25
51.011,True,54.31,-108.17
51.111,True,56.88,-107.05
51.212,True,62.52,-115.33
51.320,True,62.26,-119.09
51.408,True,61.64,-120.35
51.511,True,61.76,-120.65
51.608,True,47.16,-121.46
51.719,True,33.33,-117.73
51.811,True,30.28,-114.10
51.908,True,30.23,-112.40
52.008,True,31.15,-112.11
52.106,True,34.23,-110.32
52.211,True,37.51,-106.71
52.307,True,38.95,-108.09
52.410,True,40.50,-115.45
52.517,True,40.23,-116.21
52.609,True,242.98,-117.88
52.717,True,305.32,-132.74
52.812,True,244.51,-140.28
52.920,True,119.54,-137.01
53.015,False,493.14,-142.50
53.118,False,510.82,-151.07
53.214,False,514.21,-156.17
53.315,True,396.89,-157.50
53.406,True,309.04,-156.24
53.507,True,297.51,-154.22
53.609,True,294.47,-148.54
53.707,True,374.03,-152.03
53.812,True,374.69,-157.00
53.912,True,376.19,-156.57
54.010,True,377.68,-156.52
54.115,True,377.91,-157.48
54.214,True,377.50,-159.15
54.305,True,379.76,-159.72
54.410,True,286.54,-148.38
54.507,True,233.88,-138.97
54.610,True,233.51,-141.01
54.707,True,263.93,-142.00
54.805,True,382.64,-143.49
54.905,True,385.71,-142.89
55.009,True,393.50,-143.80
55.110,True,119.69,-117.29
55.215,True,104.87,-110.65
55.313,True,110.03,-114.63
55.411,True,112.71,-117.15
55.505,True,113.21,-117.72
55.608,True,113.74,-118.11
55.719,True,112.26,-117.66
55.819,True,111.95,-117.21
55.912,True,112.16,-117.47
56.006,True,367.81,-123.76
56.110,True,380.98,-133.83
56.213,True,391.46,-146.39
56.314,True,398.17,-149.25
56.420,True,398.26,-150.10
56.516,True,400.76,-149.13
56.619,True,114.44,-108.79
56.719,True,117.62,-110.42
56.810,True,117.85,-111.75
56.909,True,117.42,-113.43
57.012,True,117.44,-114.93
57.105,True,115.56,-114.42
57.211,True,112.89,-114.01
57.305,True,112.41,-110.96
57.406,True,110.03,-107.09
57.510,True,109.31,-106.16
57.613,True,109.33,-105.24
57.706,True,113.97,-104.94
57.813,True,119.01,-104.68
57.916,True,120.15,-102.85
58.008,True,119.98,-102.83
58.108,True,120.00,-104.34
58.209,True,120.60,-102.11
58.308,True,120.62,-103.72
58.413,True,115.46,-105.80
58.506,True,113.04,-106.44
58.609,True,112.19,-104.46
58.710,True,111.01,-104.24
58.814,True,110.71,-103.93
58.905,True,110.72,-102.88
59.017,True,111.28,-101.97
59.110,True,110.98,-104.57
59.216,True,111.07,-110.70
59.309,True,111.98,-111.88
59.420,True,335.54,-134.95
59.516,True,340.03,-145.80
59.609,True,280.49,-142.60
59.716,True,253.55,-140.56
59.815,True,369.15,-161.30
59.910,True,379.13,-165.52
60.014,True,380.33,-162.69
60.108,True,384.53,-162.72
60.218,True,383.53,-160.00
60.313,True,383.51,-159.88
60.417,True,370.34,-160.71
60.506,True,365.81,-159.81
60.609,True,355.69,-159.28
60.713,True,338.86,-155.82
60.806,True,204.58,-132.01
60.911,True,113.37,-107.36
61.012,True,121.21,-103.21
61.106,True,125.83,-101.13
61.212,True,117.79,-103.51
61.305,True,113.73,-107.76
61.418,True,112.35,-111.23
61.510,True,112.20,-110.94
61.617,True,111.77,-113.15
61.709,True,111.49,-115.44
61.811,True,111.53,-116.24
61.911,True,111.14,-116.99
62.015,True,110.54,-116.97
62.115,True,111.26,-118.32
62.215,True,112.65,-118.26
62.311,True,112.75,-117.82
62.405,True,112.51,-117.54
62.513,True,114.29,-114.91
62.605,True,115.02,-114.51
62.708,True,114.12,-114.89
62.814,True,112.49,-115.39
62.915,True,112.74,-117.15
63.006,True,116.19,-117.46
63.109,True,119.64,-116.44
63.216,True,121.49,-113.76
63.314,True,120.20,-111.85
63.418,True,118.48,-109.79
63.511,True,117.63,-108.68
63.610,True,117.04,-110.76
63.713,True,117.83,-109.81
63.809,True,118.94,-110.83
63.911,True,118.65,-109.41
64.005,True,116.07,-105.49
64.105,True,111.97,-108.33
64.205,True,109.31,-111.76
64.311,True,110.73,-113.94
64.409,True,112.67,-114.67
64.513,True,111.54,-114.95
64.619,True,110.45,-116.42
64.713,True,114.82,-115.66
64.816,True,118.64,-114.66
64.919,True,121.13,-113.17
65.015,True,124.22,-112.98
65.108,True,124.81,-112.27
65.206,True,123.92,-112.23
65.317,True,121.33,-111.16
65.415,True,121.50,-112.91
65.517,True,122.10,-113.59
65.619,True,121.63,-116.10
65.709,True,122.08,-118.61
65.813,True,154.71,-119.88
65.909,True,344.19,-134.48
66.013,True,349.87,-139.67
66.106,True,163.18,-131.87
66.206,True,153.36,-124.42
66.313,True,150.66,-122.64
66.410,True,150.56,-124.36
66.518,True,123.73,-120.51
66.606,True,117.72,-116.43
66.713,False,910.20,5425.03
66.810,True,125.84,-172.01
66.909,True,129.15,-105.66
67.009,True,127.65,-91.96
67.112,True,127.84,-92.08
67.205,True,128.71,-111.54
67.313,True,126.36,-120.15
67.408,True,122.87,-118.37
67.518,True,121.47,-115.52
67.618,True,122.22,-116.84
67.709,True,122.77,-117.40
67.813,True,119.34,-111.63
67.915,True,118.25,-109.33
68.019,True,122.55,-107.62
68.112,True,128.26,-106.40
68.209,True,122.95,-105.86
68.310,True,117.29,-103.27
68.407,True,114.12,-102.49
68.515,True,108.29,-103.75
68.609,True,106.91,-104.33
68.711,True,107.98,-104.70
68.813,True,108.54,-104.78
68.917,True,108.62,-106.72
69.013,True,109.78,-106.35
69.108,True,111.36,-106.11
69.208,True,22.23,-97.31
69.311,True,19.16,-95.75
69.415,True,18.02,-91.34
69.515,True,13.52,-87.43
69.609,True,12.01,-85.32
69.705,True,11.57,-83.41
69.817,True,11.88,-81.17
69.908,True,173.73,-86.94
70.014,True,305.82,-124.05
70.107,True,243.39,-124.06
70.212,True,114.97,-121.51
70.313,True,116.85,-120.77
70.409,True,118.06,-118.78
70.505,True,120.19,-118.63
70.615,True,118.91,-116.18
70.716,True,117.64,-114.70
70.811,True,116.58,-113.34
70.908,True,115.81,-114.45
71.015,True,115.47,-115.11
71.109,True,115.81,-112.61
71.215,True,116.72,-111.46
71.314,True,117.31,-112.41
71.416,True,117.25,-111.73
71.519,True,117.31,-112.78
71.613,True,116.57,-112.47
71.715,True,114.99,-111.83
71.812,True,116.01,-112.78
71.907,True,118.49,-115.29
72.018,True,118.02,-117.72
72.109,True,118.54,-119.50
72.214,True,118.05,-119.37
72.309,True,117.98,-116.22
72.420,True,120.21,-111.15
72.514,True,115.22,-111.50
72.613,True,92.96,-110.55
72.713,True,87.97,-109.56
72.809,True,88.80,-111.90
72.912,True,106.52,-112.88
73.005,True,109.86,-113.77
73.112,True,110.04,-114.67
73.213,True,111.42,-114.58
73.307,True,104.49,-113.43
73.407,True,95.38,-112.15
73.511,True,91.75,-113.62
73.615,True,96.31,-109.52
73.706,True,99.84,-106.39
73.811,True,104.68,-103.23
73.913,True,100.67,-104.88
74.012,True,99.15,-109.21
74.106,True,99.18,-111.75
74.212,True,100.09,-112.82
74.318,True,99.72,-113.65
74.406,True,98.67,-113.37
74.516,True,97.43,-113.29
74.605,True,96.51,-115.83
74.710,True,95.91,-115.25
74.809,True,94.87,-115.11
74.912,True,94.85,-115.52
75.015,True,93.52,-115.27
75.121,True,92.25,-117.37
75.216,True,99.82,-122.44
75.321,True,106.49,-125.78
75.405,True,108.90,-126.29
75.514,True,109.44,-126.31
75.608,True,109.78,-126.64
75.719,True,112.08,-125.87
75.812,True,111.77,-124.66
75.917,True,111.05,-121.27
76.008,True,106.61,-115.83
76.114,True,93.99,-114.18
76.214,True,87.49,-110.84
76.306,True,85.78,-109.11
76.410,True,86.04,-108.74
76.519,True,85.98,-106.92
76.614,True,85.52,-104.85
76.710,True,85.75,-104.10
76.814,True,85.65,-105.67
76.906,True,84.54,-107.66
77.018,True,85.25,-108.26
77.112,True,86.56,-108.96
77.209,True,85.52,-109.19
77.307,True,83.99,-111.55
77.413,True,84.15,-113.09
77.515,True,84.70,-113.83
77.609,True,83.98,-116.23
77.716,True,83.52,-117.75
77.808,True,83.35,-116.94
77.913,True,82.18,-117.73
78.014,True,81.53,-119.09
78.105,True,82.10,-118.38
78.211,True,82.28,-120.49
78.311,True,79.76,-122.04
78.405,True,80.34,-122.42
78.513,True,81.38,-125.35
78.612,True,80.63,-125.40
78.716,True,82.52,-129.19
78.807,True,21.08,-153.24
78.911,True,-15.64,-195.34
79.014,True,-27.56,-210.88
79.106,True,-29.84,-213.96
79.206,True,-39.64,-216.28
79.308,True,-61.67,-217.21
79.414,True,-66.63,-218.66
79.508,True,-67.94,-218.09
79.608,True,-62.47,-205.33
79.716,True,-56.05,-182.64
79.816,True,57.68,-140.96
79.920,True,110.53,-113.76
80.013,True,112.18,-113.46
80.107,True,115.09,-113.77
80.210,True,105.98,-115.05
80.310,True,77.78,-120.31
80.406,True,72.77,-120.19
80.518,True,71.75,-119.83
80.613,True,73.15,-117.51
80.709,True,73.33,-115.56
80.814,True,-62.66,-200.36
80.909,True,-70.26,-214.60
81.017,True,-73.35,-218.73
81.118,True,-78.78,-219.57
81.214,True,99.36,-158.40
81.316,True,104.35,-148.69
81.410,True,105.30,-146.12
81.511,True,105.47,-145.69
81.605,True,108.03,-135.63
81.711,True,111.50,-132.24
81.814,True,103.12,-130.83
81.917,True,97.00,-129.14
82.014,True,-39.85,-169.14
82.106,True,-86.21,-212.63
82.213,True,-91.71,-218.65
82.315,True,-94.76,-218.07
82.413,True,-67.00,-240.47
82.514,True,-62.82,-244.32
82.609,True,-61.28,-244.33
82.706,True,-59.00,-242.25
82.807,True,-56.69,-240.67
82.908,True,-55.15,-242.19
83.008,True,-53.61,-245.28
83.110,True,-69.11,-245.89
83.219,True,-79.01,-245.86
83.305,True,-72.38,-255.54
83.415,True,-61.84,-262.21
83.514,True,-58.33,-266.45
83.608,True,-58.98,-271.50
83.706,True,-59.50,-276.15
83.810,True,-59.51,-273.25
83.915,True,-61.07,-269.83
84.011,True,-61.82,-271.35
84.114,True,-63.13,-272.11
84.210,True,-64.22,-270.03
84.312,True,-66.43,-272.83
84.405,True,-66.30,-275.83
84.515,True,-64.08,-275.38
84.612,True,15.61,-225.04
84.713,True,33.77,-204.00
84.813,True,35.96,-199.55
84.920,True,34.54,-193.48
85.009,True,-95.64,-186.67
85.106,True,-148.04,-173.43
85.210,True,-148.87,-173.37
85.315,True,-150.32,-175.29
85.417,True,-153.99,-176.94
85.512,True,-153.60,-183.44
85.610,True,-150.80,-183.48
85.715,True,-133.79,-194.27
85.818,True,-126.78,-205.69
85.911,True,-125.16,-207.35
86.005,True,-121.59,-218.10
86.118,True,-113.56,-238.95
86.213,True,-110.24,-244.28
86.316,True,-108.09,-256.48
86.409,True,-109.98,-275.06
86.512,True,-111.04,-280.54
86.620,True,-110.62,-281.44
86.721,True,-110.02,-278.10
86.809,True,-110.42,-276.98
86.905,True,-112.60,-276.77
87.014,True,-112.69,-277.00
87.118,True,-113.06,-275.92
87.219,True,-114.21,-276.15
87.314,True,-114.09,-275.55
87.411,True,-114.08,-283.77
87.513,True,-114.11,-288.27
87.616,True,-114.66,-290.48
87.707,True,-114.55,-291.09
87.815,True,-114.68,-291.44
87.908,True,-111.06,-283.57
88.016,True,-103.43,-273.42
88.110,True,-97.91,-273.37
88.213,True,-87.71,-259.93
88.306,True,-87.57,-253.37
88.410,True,-91.38,-252.84
88.515,True,-95.76,-251.97
88.607,True,-96.35,-250.65
88.713,True,-100.07,-251.05
88.809,True,-104.29,-252.44
88.910,True,-106.13,-251.80
89.015,True,-109.11,-256.94
89.109,True,-111.19,-259.82
89.205,True,-108.44,-259.56
89.318,True,-101.03,-256.27
89.415,True,-99.37,-255.51
89.515,True,-98.02,-257.53
89.616,True,-97.75,-256.93
89.707,True,-97.74,-258.61
89.812,True,-97.57,-265.85
89.905,True,-103.05,-270.18
90.015,True,-108.69,-270.72
90.108,True,-114.01,-265.82
90.208,True,-113.73,-266.10
90.313,True,-110.00,-270.35
90.415,True,-110.42,-274.32
90.509,True,-110.00,-276.40
90.609,True,-111.34,-273.31
90.716,True,-114.73,-264.80
90.814,True,-118.14,-262.11
90.911,True,-119.99,-261.46
91.013,True,-119.37,-260.31
91.106,True,-118.27,-260.79
91.216,True,-118.30,-260.50
91.314,True,-119.27,-261.05
91.416,True,-119.18,-258.32
91.515,True,-118.99,-259.20
91.608,True,-84.37,-260.90
91.715,True,-63.58,-249.00
91.810,True,-60.86,-243.01
91.917,True,-60.86,-240.76
92.008,True,-60.29,-241.23
92.106,True,-59.16,-242.82
92.214,True,-60.12,-246.34
92.309,True,-68.71,-249.42
92.413,True,-82.20,-251.77
92.513,True,-84.43,-250.85
92.614,True,-86.71,-247.06
92.714,True,-88.06,-245.73
92.811,True,-88.92,-242.22
92.917,True,-90.06,-241.28
93.013,True,-92.31,-242.13
93.116,True,-91.80,-243.51
93.215,True,-93.16,-248.78
93.314,True,-96.65,-249.21
93.407,True,-95.51,-248.76
93.514,True,-98.09,-251.93
93.614,True,-100.74,-253.78
93.717,True,-103.12,-256.59
93.807,True,-103.04,-258.68
93.916,True,-101.71,-259.41
94.015,True,-101.92,-259.90
94.112,True,-103.14,-259.80
94.208,True,-103.09,-260.96
94.315,True,-102.90,-261.19
94.416,True,-103.57,-262.35
94.508,True,-104.22,-263.07
94.607,True,-103.42,-264.76
94.707,True,-96.85,-260.24
94.811,True,-91.84,-257.64
94.906,True,-88.34,-256.51
95.012,True,-84.31,-251.85
95.105,True,-100.83,-258.62
95.214,True,-113.12,-267.48
95.309,True,-113.87,-268.16
95.414,True,-117.68,-276.77
95.508,True,-126.68,-282.96
95.620,True,-128.85,-285.29
95.716,True,-130.15,-285.90
95.810,True,-132.07,-282.10
95.913,True,-106.59,-276.28
96.011,True,-94.03,-267.94
96.115,True,-62.06,-243.39
96.217,True,-46.73,-213.91
96.314,True,-45.42,-211.65
96.416,True,4.00,-182.00
96.510,True,14.99,-172.63
96.614,True,101.61,-120.90
96.716,True,109.24,-111.63
96.810,True,110.28,-109.14
96.906,True,74.41,-107.54
97.010,True,36.75,-107.08
97.114,True,34.00,-107.77
97.216,True,36.00,-114.34
97.311,True,38.99,-115.56
97.412,True,40.69,-113.64
97.515,True,45.61,-116.06
97.608,True,47.17,-119.17
97.719,True,45.83,-121.85
97.810,True,47.12,-120.50
97.911,True,49.68,-117.06
98.016,True,51.03,-114.35
98.109,True,50.97,-112.64
98.206,True,52.14,-113.20
98.317,True,57.30,-123.55
98.406,True,69.09,-131.45
98.507,True,72.42,-129.93
98.612,True,70.91,-128.68
98.706,True,320.94,-134.00
98.808,True,369.83,-143.08
98.905,True,375.93,-142.53
99.013,True,381.47,-144.43
99.108,True,381.69,-144.78
99.206,True,158.83,-130.15
99.314,True,128.85,-119.01
99.412,True,127.70,-117.58
99.512,True,125.76,-116.78
99.614,True,124.75,-117.22
99.710,True,123.54,-118.41
99.814,True,121.63,-117.72
99.905,True,121.17,-118.48
100.005,True,122.87,-117.41
100.109,True,124.51,-117.87
100.211,True,125.86,-116.52
100.307,True,126.35,-112.45
100.412,True,128.30,-112.60
100.516,True,125.75,-110.89
100.607,True,346.17,-126.74
100.713,True,350.35,-135.23
100.807,True,351.52,-134.64
100.917,True,353.15,-139.26
101.017,True,354.43,-141.71
101.115,True,133.17,-120.00
101.213,True,128.45,-114.93
101.312,True,124.79,-115.70
101.408,True,121.26,-115.84
101.505,True,118.02,-115.61
101.616,True,115.08,-117.27
101.715,True,115.00,-121.47
101.805,True,117.95,-123.16
101.912,True,118.99,-123.09
102.016,True,223.30,-123.91
102.114,True,381.42,-139.42
102.216,True,393.09,-150.57
102.310,True,402.06,-156.37
102.418,True,406.93,-152.39
102.514,True,223.59,-133.93
102.609,True,141.64,-104.96
102.714,True,142.60,-102.36
102.811,True,143.94,-100.59
102.917,True,144.16,-101.02
103.017,True,145.21,-102.68
103.119,True,146.65,-103.70
103.209,True,146.63,-103.34
103.307,True,138.64,-103.27
103.405,True,134.39,-102.41
103.513,True,132.96,-101.63
103.619,True,128.39,-100.29
103.711,True,119.82,-97.83
103.808,True,114.26,-95.30
103.916,True,122.86,-95.44
104.016,True,130.12,-95.62
104.114,True,107.30,-92.13
104.208,True,100.37,-90.37
104.306,True,99.57,-88.88
104.413,True,104.75,-86.05
104.515,True,111.90,-84.90
104.617,True,115.36,-85.40
104.708,True,119.26,-87.10
104.815,True,119.26,-89.85
104.911,True,119.79,-90.38
105.010,True,119.78,-89.98
105.105,True,120.45,-88.76
105.212,True,52.81,-111.49
105.312,True,-34.37,-157.23
105.408,True,-38.25,-163.80
105.511,True,-43.04,-163.08
105.610,True,21.40,-164.83
105.712,True,31.64,-163.98
105.813,True,-30.41,-233.53
105.906,True,-35.40,-241.05
106.006,True,-37.87,-244.70
106.108,True,-73.18,-249.17
106.212,True,-80.44,-252.41
106.313,True,-0.42,-219.65
106.406,True,14.06,-202.80
106.518,True,14.71,-196.47
106.610,True,27.59,-186.37
106.715,False,923.74,5400.51
106.817,True,109.16,-185.80
106.920,True,92.89,-138.83
107.005,True,77.41,-96.93
107.112,True,75.75,-97.69
107.208,True,78.42,-97.39
107.312,True,80.25,-99.16
107.407,True,81.53,-100.03
107.510,True,92.04,-104.08
107.606,True,94.28,-109.46
107.713,True,111.01,-107.19
107.806,True,116.86,-100.06
107.922,True,116.39,-94.86
108.006,True,112.46,-94.03
108.106,True,113.45,-94.01
108.215,True,113.30,-94.75
108.311,True,109.36,-94.05
108.419,True,105.05,-93.01
108.505,True,104.96,-92.25
108.610,True,105.29,-93.19
108.716,True,103.43,-98.02
108.816,True,100.92,-101.20
108.905,True,103.41,-100.50
109.012,True,114.13,-95.42
109.114,True,116.47,-91.38
109.205,True,119.04,-90.16
109.316,True,118.46,-88.04
109.408,True,115.61,-90.16
109.517,True,115.04,-98.85
109.618,True,113.33,-98.79
109.712,True,111.50,-97.82
109.808,True,113.60,-91.76
109.916,True,117.31,-90.16
110.005,True,120.44,-90.91
110.108,True,118.14,-90.99
110.215,True,114.69,-91.54
110.305,True,116.28,-91.01
110.411,True,120.66,-90.58
110.519,True,121.77,-90.77
110.606,True,115.17,-93.37
110.708,True,109.39,-94.81
110.807,True,105.48,-95.74
110.916,True,105.55,-96.76
111.005,True,109.20,-97.70
111.114,True,110.95,-99.05
111.210,True,109.50,-100.83
111.316,True,108.30,-102.91
111.409,True,108.80,-103.80
111.508,True,106.04,-105.16
111.614,True,104.31,-106.99
111.715,True,32.01,-129.31
111.810,True,20.85,-135.46
111.914,True,64.96,-133.43
112.020,True,108.14,-123.22
112.112,True,112.82,-121.67
112.215,True,119.42,-118.75
112.305,True,122.31,-116.66
112.415,True,106.84,-112.79
112.521,True,100.78,-111.14
112.617,True,97.48,-109.09
112.706,True,96.73,-109.36
112.813,True,95.72,-106.80
112.917,True,95.50,-104.21
113.008,True,89.51,-103.86
113.110,True,85.77,-100.80
113.207,True,84.70,-97.75
113.310,True,77.28,-97.06
113.409,True,74.46,-99.73
113.516,True,74.22,-104.12
113.613,True,72.29,-105.03
113.714,True,66.60,-105.01
113.814,True,65.21,-106.80
113.911,True,72.39,-108.63
114.014,True,79.90,-112.88
114.115,True,83.71,-117.46
114.209,True,85.98,-117.69
114.309,True,85.47,-116.47
114.410,True,84.28,-116.38
114.509,True,88.60,-111.39
114.611,True,93.23,-107.98
114.705,True,93.17,-108.03
114.815,True,91.95,-109.44
114.906,True,91.35,-109.77
115.016,True,90.23,-110.55
115.108,True,88.87,-113.46
115.205,True,92.14,-112.19
115.308,True,96.17,-110.80
115.407,True,96.37,-104.12
115.513,True,95.61,-101.41
115.606,True,96.61,-97.56
115.709,True,102.29,-99.35
115.809,True,106.27,-101.06
115.905,True,106.54,-100.24
116.014,True,105.15,-101.36
116.107,True,101.39,-103.32
116.216,True,94.93,-104.15
116.310,True,93.04,-104.95
116.406,True,91.57,-104.11
116.506,True,89.81,-104.85
116.610,True,88.74,-104.04
116.718,True,86.75,-104.20
116.815,True,85.86,-104.54
116.908,True,86.00,-104.58
117.011,True,85.90,-102.19
117.116,True,84.22,-100.35
117.206,True,83.47,-100.72
117.311,True,84.20,-101.95
117.411,True,84.26,-103.73
117.515,True,84.18,-105.22
117.611,True,86.22,-104.71
117.709,True,86.73,-104.98
117.819,True,87.56,-110.14
117.905,True,88.41,-120.40
118.006,True,87.98,-130.74
118.119,True,84.68,-132.50
118.212,True,87.23,-132.63
118.305,True,89.54,-136.09
118.412,True,86.58,-139.38
118.514,True,84.48,-139.44
118.609,True,99.91,-124.00
118.707,True,106.40,-118.03
118.805,True,108.40,-118.04
118.905,True,109.88,-118.77
119.012,True,109.87,-118.80
119.109,True,108.67,-119.98
119.211,True,109.52,-122.88
119.314,True,110.21,-120.27
119.405,True,109.06,-117.93
119.506,True,107.61,-119.14
119.606,True,107.23,-115.23
119.716,True,105.67,-114.09
119.806,True,104.41,-118.35
119.920,True,103.56,-119.35
120.016,True,103.35,-118.99
120.105,True,104.07,-118.27
120.216,True,104.75,-118.74
120.316,True,106.62,-118.41
120.405,True,106.23,-116.66
120.509,True,105.96,-117.76
120.621,True,105.58,-114.94
120.716,True,105.70,-112.45
120.808,True,106.98,-110.30
120.915,True,104.51,-107.11
121.008,True,101.47,-103.77
121.109,True,98.91,-103.69
121.206,True,97.55,-104.22
121.309,True,94.33,-106.98
121.417,True,90.10,-112.35
121.506,True,87.86,-115.10
121.611,True,86.83,-116.92
121.710,True,84.73,-115.41
121.807,True,84.78,-114.80
121.905,True,94.44,-117.89
122.009,True,101.72,-116.39
122.111,True,101.47,-117.02
122.211,True,100.30,-116.09
122.315,True,101.12,-113.28
122.408,True,101.26,-108.44
122.514,True,100.62,-106.53
122.619,True,101.95,-103.59
122.713,True,101.05,-106.43
122.806,True,101.20,-104.79
122.913,True,103.23,-103.82
123.005,True,105.67,-103.50
123.117,True,106.09,-104.25
123.212,True,107.81,-106.38
123.316,True,106.39,-104.39
123.408,True,104.49,-104.07
123.510,True,99.50,-102.89
123.608,True,93.01,-94.49
123.711,True,92.28,-88.47
123.811,True,94.96,-86.34
123.921,True,94.54,-79.46
124.005,True,91.88,-76.88
124.120,True,87.49,-77.55
124.218,True,86.81,-78.66
124.314,True,86.72,-77.68
124.408,True,92.89,-79.55
124.516,True,95.35,-87.05
124.608,True,96.47,-90.19
124.716,True,102.26,-92.83
124.809,True,299.29,-104.11
124.917,True,298.83,-103.83
125.010,True,61.44,-95.25
125.117,True,43.57,-89.72
125.212,True,40.19,-90.32
125.308,True,71.85,-92.14
125.405,True,95.48,-94.81
125.518,True,242.90,-102.77
125.613,True,353.04,-117.96
125.705,True,360.19,-117.22
125.813,True,322.13,-121.72
125.911,True,261.70,-119.89
126.014,True,258.23,-118.41
126.113,True,224.28,-114.75
126.208,True,134.87,-101.64
126.310,True,124.46,-93.09
126.416,True,123.01,-90.53
126.518,True,120.30,-88.51
126.617,True,118.24,-88.42
126.716,True,119.76,-90.26
126.807,True,121.10,-91.31
126.912,True,121.63,-93.04
127.014,True,121.47,-93.22
127.109,True,121.57,-92.58
127.205,True,122.09,-94.43
127.305,True,122.02,-96.16
127.411,True,112.83,-94.36
127.512,True,106.68,-92.23
127.609,True,101.91,-93.69
127.720,True,100.87,-95.09
127.817,True,99.84,-95.47
127.913,True,100.12,-95.79
128.018,True,102.74,-98.75
128.113,True,105.81,-98.47
128.210,True,99.48,-99.67
128.309,True,93.25,-102.52
128.416,True,90.55,-103.29
128.505,True,90.51,-101.97
128.606,True,91.20,-96.94
128.709,True,88.39,-95.10
128.808,True,85.76,-94.55
128.916,True,84.04,-96.55
129.005,True,82.41,-96.51
129.120,True,82.63,-95.94
129.216,True,84.39,-95.79
129.306,True,85.76,-96.05
129.405,True,86.67,-96.66
129.512,True,94.43,-104.16
129.614,True,98.65,-107.78
129.713,True,98.12,-109.24
129.808,True,100.64,-109.54
129.915,True,111.41,-110.62
130.015,True,114.34,-111.32
130.114,True,114.28,-107.02
130.213,True,114.15,-104.40
130.306,True,98.13,-94.53
130.414,True,90.32,-95.22
130.514,True,89.14,-97.00
130.607,True,89.71,-96.87
130.712,True,89.78,-98.54
130.806,True,89.61,-97.74
130.913,True,86.85,-98.53
131.006,True,85.11,-99.83
131.107,True,84.40,-100.04
131.210,True,83.45,-99.79
131.317,True,4.83,-135.55
131.408,True,-6.93,-144.28
131.511,True,61.69,-140.45
131.614,True,111.40,-122.44
131.708,True,114.02,-120.92
131.807,True,112.17,-119.02
131.917,True,113.71,-118.46
132.016,True,121.50,-117.41
132.114,True,116.71,-115.35
132.215,True,72.56,-118.31
132.306,True,68.07,-118.96
132.405,True,94.81,-105.61
132.512,True,107.64,-93.16
132.606,True,109.01,-90.99
132.711,True,112.41,-88.24
132.818,True,113.65,-89.07
132.916,True,112.91,-94.15
133.017,True,81.80,-95.05
133.117,True,74.96,-89.84
133.214,True,73.22,-88.78
133.305,True,72.01,-90.91
133.410,True,67.28,-92.34
133.505,True,58.71,-96.44
133.605,True,55.15,-99.27
133.717,True,78.39,-110.52
133.812,True,99.15,-113.05
133.907,True,100.46,-113.49
134.020,True,100.39,-113.62
134.108,True,99.70,-115.24
134.214,True,97.50,-116.12
134.314,True,96.67,-116.20
134.416,True,97.21,-115.85
134.517,True,95.78,-117.84
134.608,True,94.03,-119.07
134.709,True,81.78,-120.15
134.806,True,-13.72,-154.06
134.905,True,-17.83,-153.62
135.008,True,-18.58,-149.44
135.108,True,-18.51,-145.74
135.215,True,-20.48,-145.15
135.317,True,-21.66,-144.91
135.416,True,-22.80,-143.79
135.511,True,-23.75,-144.35
135.609,True,-24.60,-143.46
135.708,True,84.03,-122.34
135.813,True,92.54,-119.44
135.910,True,92.42,-119.80
136.013,True,92.90,-120.02
136.105,True,94.03,-117.87
136.217,True,95.59,-114.73
136.313,True,74.40,-117.58
136.406,True,61.58,-119.98
136.512,True,58.60,-122.17
136.610,True,56.54,-124.17
136.715,True,45.60,-127.40
136.816,True,42.31,-127.27
136.905,True,38.49,-127.50
137.010,True,41.30,-128.78
137.110,True,46.60,-129.96
137.216,True,47.28,-128.70
137.310,True,46.72,-127.67
137.415,True,48.07,-127.13
137.512,True,51.01,-126.27
137.615,True,50.36,-125.74
137.706,True,48.99,-129.92
137.810,True,49.25,-133.99
137.914,True,86.09,-117.04
138.015,True,103.37,-108.07
138.106,True,106.16,-102.11
138.215,True,-24.33,-216.17
138.309,True,-26.01,-232.55
138.412,True,-21.88,-241.05
138.509,True,-20.18,-240.38
138.607,True,-46.30,-259.13
138.710,True,-52.25,-265.34
138.808,True,-52.54,-266.42
138.905,True,-52.06,-268.13
139.006,True,-53.97,-269.19
139.115,True,-56.36,-268.31
139.209,True,-57.88,-266.31
139.305,True,-59.95,-267.54
139.412,True,-58.64,-259.08
139.512,True,40.96,-193.57
139.607,True,53.18,-176.80
139.708,True,53.59,-174.85
139.806,True,56.93,-175.69
139.905,True,48.04,-177.12
140.010,True,-33.83,-205.91
140.111,True,-38.66,-211.43
140.205,True,943.22,5492.55
140.310,True,125.69,-133.90
140.413,True,119.18,-91.66
140.516,True,115.05,-94.49
140.607,True,112.52,-95.94
140.705,True,107.10,-95.61
140.815,True,103.40,-96.64
140.912,True,100.05,-95.35
141.008,True,96.04,-86.21
141.112,True,69.60,-101.40
141.210,True,-24.46,-181.39
141.314,True,-29.90,-176.01
141.411,True,-31.23,-170.97
141.505,True,-27.38,-171.34
141.614,True,-73.30,-240.45
141.715,True,-79.08,-250.55
141.814,True,-81.46,-253.23
141.909,True,-81.87,-252.63
142.008,True,-82.48,-252.21
142.115,True,-83.29,-257.21
142.220,True,-58.61,-238.81
142.314,True,-54.06,-233.15
142.407,True,-37.46,-221.16
142.509,True,31.63,-181.30
142.609,True,35.19,-175.65
142.715,True,35.67,-175.26
142.815,True,38.16,-174.87
142.918,True,12.82,-175.47
143.011,True,4.42,-178.96
143.107,True,2.27,-180.88
143.206,True,1.54,-181.95
143.311,True,1.33,-183.01
143.420,True,0.14,-183.20
143.515,True,0.15,-180.09
143.610,True,0.53,-178.26
143.718,True,-0.35,-180.54
143.812,True,-0.54,-180.28
143.907,True,2.41,-180.61
144.005,True,7.11,-177.95
144.112,True,7.16,-178.51
144.207,True,8.55,-179.61
144.312,True,-41.82,-176.57
144.407,True,-67.81,-171.10
144.507,True,277.12,-153.71
144.610,True,341.75,-149.69
144.708,True,343.65,-146.86
144.812,True,339.73,-145.47
144.919,True,343.04,-143.30
145.016,True,348.82,-142.41
145.115,True,352.01,-145.69
145.216,True,136.97,-133.68
145.310,True,126.51,-127.64
145.416,True,124.61,-123.31
145.506,True,122.94,-125.33
145.613,True,123.05,-129.80
145.707,True,121.88,-127.88
145.812,True,119.89,-125.19
145.905,True,120.37,-125.86
146.015,True,120.17,-122.96
146.108,True,120.30,-118.96
146.205,True,119.25,-117.72
146.313,True,115.59,-111.50
146.420,True,114.31,-101.57
146.512,True,113.35,-98.30
146.605,True,110.54,-96.93
146.718,True,109.78,-93.01
146.808,True,108.05,-91.59
146.921,True,103.37,-89.38
147.016,True,100.93,-87.58
147.109,True,101.88,-86.72
147.212,True,103.04,-89.99
147.306,True,102.44,-91.54
147.419,True,103.38,-92.51
147.510,True,104.69,-93.18
147.611,True,106.12,-94.57
147.708,True,341.47,-106.98
147.807,True,346.10,-106.04
147.907,True,355.93,-114.67
148.011,True,350.99,-121.35
148.106,True,342.74,-125.57
148.217,True,339.49,-126.11
148.309,True,335.47,-127.13
148.416,True,331.77,-128.03
148.506,True,331.75,-127.55
148.607,True,120.96,-113.39
148.714,True,111.38,-106.97
148.816,True,111.86,-105.58
148.908,True,117.69,-102.61
149.008,True,118.89,-102.02
149.114,True,118.72,-103.07
149.217,True,117.07,-102.01
149.317,True,103.17,-101.26
149.412,True,99.10,-101.77
149.508,True,98.55,-104.94
149.612,True,241.88,-105.88
149.710,True,251.80,-105.62
149.816,True,341.58,-108.07
149.909,True,339.33,-117.70
150.020,True,333.60,-123.23
150.112,True,111.15,-126.11
150.209,True,28.94,-123.30
150.316,True,26.64,-121.14
150.420,True,25.64,-125.27
150.513,True,24.85,-128.62
150.607,True,24.35,-132.32
150.716,True,27.83,-136.83
150.808,True,27.24,-136.42
150.918,True,117.43,-136.31
151.012,True,130.22,-126.54
151.108,True,125.33,-126.56
151.212,True,106.90,-119.49
151.314,True,103.83,-112.29
151.414,True,102.00,-109.61
151.518,True,99.38,-105.60
151.617,True,99.68,-105.41
151.708,True,102.73,-105.81
151.814,True,104.03,-105.56
151.915,True,103.90,-106.40
152.005,True,103.00,-108.16
152.110,True,104.56,-108.84
152.212,True,104.45,-109.38
152.306,True,104.93,-110.13
152.411,True,106.60,-111.08
152.505,True,108.45,-110.99
152.605,True,108.91,-111.96
152.719,True,107.90,-111.08
152.813,True,105.49,-108.63
152.905,True,103.25,-107.98
153.006,True,103.19,-107.54
153.113,True,102.26,-107.29
153.217,True,101.34,-107.31
153.313,True,101.26,-107.87
153.407,True,101.40,-110.70
153.514,True,100.64,-112.54
153.613,True,95.32,-113.72
153.719,True,92.12,-114.88
153.813,True,95.10,-115.28
153.909,True,98.22,-115.83
154.007,True,98.56,-117.02
154.115,True,164.53,-127.08
154.213,True,176.58,-131.80
154.314,True,177.52,-131.69
154.409,True,352.11,-136.65
154.511,True,366.80,-142.04
154.614,True,368.72,-144.66
154.707,True,367.54,-147.17
154.814,True,368.60,-147.59
154.907,True,349.77,-143.37
155.009,True,342.50,-143.69
155.113,True,339.28,-144.57
155.205,True,338.11,-142.67
155.309,True,135.13,-103.55
155.405,True,134.19,-103.18
155.514,True,133.59,-104.32
155.612,True,135.60,-104.48
155.707,True,132.35,-105.15
155.809,True,127.02,-103.59
155.916,True,123.28,-103.61
156.017,True,119.99,-104.38
156.115,True,115.64,-106.42
156.218,True,124.42,-102.70
156.314,True,133.42,-96.05
156.406,True,137.54,-96.94
156.505,True,135.02,-96.61
156.613,True,139.02,-95.39
156.705,True,153.24,-90.89
156.817,True,155.87,-89.25
156.916,True,156.84,-88.67
157.014,True,159.84,-88.78
157.112,True,154.64,-87.73
157.217,True,112.24,-89.42
157.310,True,108.09,-91.25
157.418,True,54.94,-122.28
157.516,True,-11.90,-167.63
157.606,True,91.18,-160.53
157.720,True,141.41,-138.87
157.814,True,51.11,-147.60
157.913,True,-20.83,-195.95
158.012,True,-26.23,-197.26
158.108,True,-55.12,-236.77
158.219,True,-67.33,-245.96
158.317,True,-69.18,-246.71
158.405,True,-62.90,-248.14
158.512,True,-63.21,-251.32
158.610,True,-70.01,-255.93
158.716,True,-72.52,-257.71
158.816,True,-70.86,-260.20
158.907,True,-64.74,-264.38
159.015,True,-62.51,-268.31
159.108,True,-64.83,-268.87
159.215,True,-67.68,-268.83
159.313,True,-71.07,-268.77
159.407,True,-69.04,-269.57
159.519,True,-63.88,-268.34
159.613,True,-63.45,-267.47
159.706,True,-65.06,-265.62
159.809,True,-62.41,-263.83
159.905,True,-58.62,-264.93
160.011,True,-56.60,-265.20
160.109,True,-57.49,-265.30
160.210,True,-27.49,-237.08
160.308,True,-18.53,-229.68
160.419,True,23.96,-199.85
160.516,True,38.70,-186.75
160.609,True,45.50,-183.88
160.713,True,57.57,-174.07
160.808,True,61.45,-172.15
160.917,True,45.48,-173.95
161.014,True,-17.24,-193.32
161.108,True,-20.39,-198.68
161.214,True,-20.62,-199.39
161.309,True,-18.72,-199.23
161.419,True,-16.64,-194.75
161.513,True,26.11,-158.76
161.608,True,30.67,-151.29
161.715,True,40.03,-151.32
161.808,True,53.07,-147.74
161.916,True,57.62,-143.82
162.014,True,-51.91,-229.76
162.113,True,-70.42,-246.01
162.205,True,-72.87,-247.09
162.309,True,-72.58,-247.48
162.414,True,-72.81,-245.39
162.516,True,-73.51,-240.05
162.610,True,-78.76,-243.72
162.719,True,-86.78,-254.23
162.816,True,-92.40,-256.56
162.908,True,-93.27,-256.90
163.010,True,-81.50,-246.88
163.106,True,-76.81,-242.51
163.220,True,-75.66,-240.26
163.319,True,-5.78,-191.39
163.418,True,14.14,-176.98
163.515,True,15.35,-173.29
163.608,True,16.16,-172.05
163.716,True,18.67,-170.51
163.809,True,20.85,-170.48
163.906,True,337.06,-157.36
164.012,True,365.85,-153.44
164.116,True,370.87,-147.93
164.208,True,373.35,-146.55
164.317,True,372.73,-149.70
164.410,True,131.55,-112.62
164.515,True,117.62,-103.88
164.606,True,115.46,-104.76
164.706,True,115.78,-107.94
164.811,True,132.15,-110.00
164.920,True,137.08,-111.44
165.014,True,139.35,-112.12
165.109,True,340.46,-115.72
165.206,True,389.57,-124.33
165.311,True,393.10,-128.83
165.411,True,397.64,-130.42
165.507,True,367.68,-131.91
165.610,True,354.36,-134.60
165.714,True,389.30,-139.83
165.809,True,417.97,-150.90
165.911,True,421.53,-148.98
166.012,True,421.17,-153.93
166.110,True,423.34,-155.54
166.212,True,429.38,-154.82
166.309,True,136.47,-120.38
166.418,True,119.63,-113.17
166.511,True,117.27,-112.24
166.605,True,115.92,-113.35
166.707,True,114.88,-117.80
166.806,True,112.35,-123.62
166.918,True,116.15,-123.01
167.009,True,121.64,-120.49
167.115,True,120.06,-124.01
167.216,True,119.37,-127.59
167.306,True,123.02,-128.85
167.412,True,118.59,-130.83
167.509,True,114.64,-131.11
167.611,True,115.01,-129.84
167.711,True,114.88,-128.00
167.815,True,113.39,-127.01
167.910,True,113.03,-126.44
168.020,True,121.15,-121.28
168.116,True,122.98,-118.12
168.206,True,123.04,-118.45
168.309,True,124.39,-118.29
168.408,True,122.75,-117.02
168.520,True,120.19,-115.79
168.618,True,116.48,-105.97
168.718,True,115.59,-96.89
168.810,True,114.57,-92.37
168.911,True,113.31,-90.06
169.007,True,112.94,-90.37
169.119,True,113.24,-91.50
169.218,True,111.63,-93.68
169.308,True,113.52,-103.57
169.405,True,115.25,-110.05
169.514,True,116.19,-111.98
169.611,True,115.07,-113.20
169.717,True,114.95,-113.04
169.808,True,115.31,-110.80
169.916,True,114.75,-114.38
170.011,True,113.59,-114.04
170.116,True,115.13,-116.74
170.211,True,116.61,-118.54
170.315,True,115.96,-118.48
170.417,True,114.96,-119.64
170.507,True,118.62,-121.31
170.615,True,119.04,-120.67
170.707,True,117.62,-117.82
170.812,True,117.13,-114.04
170.916,True,116.37,-110.77
171.006,True,116.64,-108.09
171.107,True,114.35,-107.62
171.213,True,114.23,-108.26
171.313,True,113.96,-108.73
171.415,True,113.44,-109.37
171.506,True,111.65,-111.33
171.606,True,111.22,-113.72
171.716,True,112.26,-114.90
171.813,True,111.51,-114.42
171.919,True,109.72,-112.44
172.018,True,109.09,-109.58
172.111,True,108.17,-110.96
172.213,True,106.15,-112.33
172.305,True,105.93,-112.51
172.414,True,107.00,-110.36
172.505,True,106.36,-110.13
172.608,True,106.02,-110.62
172.711,True,106.59,-111.59
172.820,True,107.35,-114.67
172.905,True,107.16,-115.48
173.011,True,106.87,-116.11
173.115,True,106.90,-115.60
173.210,True,104.40,-113.81
173.315,True,101.70,-109.59
173.414,True,101.10,-109.11
173.508,True,101.50,-111.66
173.614,True,103.08,-118.47
173.709,True,103.58,-120.60
173.805,True,104.78,-119.60
173.916,True,106.02,-119.83
174.006,True,107.88,-122.50
174.118,True,109.73,-117.91
174.206,True,112.84,-112.69
174.315,True,113.17,-110.25
174.416,True,115.06,-109.71
174.508,True,117.17,-108.78
174.612,True,117.67,-106.67
174.714,True,116.66,-107.52
174.815,True,115.62,-109.29
174.915,True,115.56,-108.60
175.009,True,114.73,-109.44
175.113,True,114.81,-111.32
175.214,True,114.11,-111.70
175.305,True,112.95,-111.50
175.406,True,109.55,-112.33
175.512,True,108.79,-111.31
175.616,True,110.71,-110.65
175.705,True,110.71,-110.96
175.809,True,111.08,-111.04
175.909,True,111.10,-111.59
176.015,True,110.22,-110.31
176.115,True,110.74,-110.17
176.207,True,110.97,-108.97
176.309,True,111.95,-108.42
176.409,True,111.12,-108.18
176.516,True,110.62,-107.53
176.613,True,112.84,-109.29
176.708,True,114.81,-108.89
176.808,True,115.03,-111.09
176.914,True,116.02,-113.41
177.019,True,116.98,-111.58
177.109,True,111.94,-112.47
177.211,True,107.54,-112.48
177.305,True,104.45,-111.71
177.408,True,107.71,-110.56
177.510,True,108.98,-109.78
177.615,True,109.86,-109.66
177.709,True,103.39,-110.20
177.814,True,97.26,-113.80
177.915,True,95.15,-116.50
178.009,True,94.46,-118.05
178.113,True,95.70,-115.78
178.216,True,96.29,-114.73
178.307,True,248.02,-113.25
178.406,True,331.20,-115.71
178.513,True,220.07,-115.49
178.611,True,129.91,-107.00
178.710,True,128.98,-106.50
178.807,True,128.37,-107.51
178.914,True,126.30,-105.53
179.015,True,124.06,-105.07
179.113,True,123.95,-104.91
179.210,True,123.74,-103.70
179.308,True,121.52,-98.94
179.419,True,120.33,-98.75
179.514,True,109.27,-98.13
179.609,True,103.79,-98.04
179.718,True,103.73,-98.51
179.809,True,111.56,-96.77
179.908,True,116.37,-96.70
180.008,True,118.16,-95.87
180.109,True,117.20,-95.92
180.215,True,314.17,-105.21
180.312,True,338.74,-116.77
180.407,True,340.36,-131.49
180.514,True,199.90,-132.20
180.615,True,134.91,-118.00
180.717,True,137.44,-114.11
180.817,True,137.33,-112.77
180.918,True,136.78,-113.19
181.007,True,136.16,-111.92
181.109,True,130.99,-112.47
181.209,True,116.36,-113.12
181.318,True,112.50,-115.19
181.408,True,111.95,-115.30
181.511,True,109.72,-115.56
181.611,True,106.73,-115.73
181.719,True,106.27,-115.83
181.810,True,106.80,-112.99
181.907,True,106.40,-110.81
182.013,True,105.93,-110.75
182.108,True,105.61,-109.60
182.213,True,105.32,-107.76
182.311,True,105.42,-107.74
182.419,True,108.14,-110.24
182.513,True,111.97,-111.18
182.607,True,114.32,-110.23
182.712,True,113.82,-111.37
182.807,True,114.44,-111.78
182.921,True,115.78,-112.18
183.015,True,116.73,-113.47
183.110,True,118.17,-113.85
183.213,True,111.59,-113.52
183.315,True,104.93,-112.98
183.408,True,103.43,-112.99
183.512,True,103.53,-113.87
183.609,True,110.76,-113.28
183.717,True,113.76,-114.31
183.808,True,113.50,-114.97
183.909,True,112.39,-117.30
184.012,True,-26.43,-153.96
184.114,True,-37.53,-157.76
184.212,True,-37.79,-154.74
184.312,True,118.25,-112.09
184.418,True,121.02,-106.49
184.516,True,120.82,-103.97
184.607,True,122.44,-103.28
184.715,True,118.00,-102.34
184.807,True,-100.80,-123.09
184.918,True,111.62,-133.61
185.010,True,101.00,-91.20
185.106,True,97.45,-90.22
185.217,True,97.16,-96.68
185.311,True,97.66,-101.57
185.419,True,99.95,-103.38
185.512,True,99.20,-97.78
185.617,True,96.55,-93.91
185.715,True,96.79,-92.92
185.806,True,94.89,-93.12
185.919,True,91.33,-93.49
186.014,True,88.60,-93.80
186.105,True,91.52,-95.53
186.213,True,95.42,-96.99
186.323,True,96.39,-98.09
186.417,True,95.82,-99.17
186.512,True,97.60,-99.08
186.615,True,98.46,-100.65
186.706,True,91.45,-98.77
186.808,True,91.87,-94.33
186.916,True,92.46,-93.73
187.011,True,92.29,-92.53
187.115,True,91.84,-93.08
187.207,True,92.58,-95.37
187.319,True,102.58,-95.44
187.412,True,106.17,-96.02
187.506,True,-45.07,-170.43
187.613,True,-52.04,-182.41
187.712,True,-54.22,-183.39
187.815,True,-52.73,-185.01
187.908,True,-50.98,-184.69
188.015,True,-50.15,-205.20
188.108,True,-29.49,-250.63
188.211,True,-19.90,-254.80
188.316,True,-15.76,-261.21
188.406,True,-12.34,-254.06
188.517,True,113.49,-128.51
188.608,True,116.49,-121.86
188.706,True,117.82,-118.76
188.809,True,116.32,-117.51
188.917,True,115.69,-118.67
189.021,True,115.88,-120.28
189.106,True,115.97,-120.53
189.213,True,115.39,-120.04
189.316,True,115.62,-120.77
189.410,True,117.51,-122.19
189.513,True,117.93,-124.83
189.612,True,117.99,-126.13
189.706,True,120.00,-129.10
189.811,True,121.54,-132.62
189.909,True,121.63,-133.56
190.007,True,120.92,-133.95
190.117,True,121.56,-132.80
190.210,True,122.06,-131.67
190.315,True,121.95,-131.29
190.411,True,120.68,-132.79
190.519,True,177.18,-134.32
190.616,True,339.13,-133.95
190.710,True,342.95,-125.96
190.808,True,351.28,-123.50
190.910,True,342.00,-130.61
191.011,True,344.37,-131.32
191.112,True,346.56,-130.74
191.221,False,-389.90,-104.89
191.317,False,-549.83,-177.81
191.413,False,-561.62,-152.56
191.506,False,-600.22,-156.60
191.617,True,140.18,-119.39
191.711,True,168.99,-122.18
191.812,True,186.55,-131.86
191.907,True,287.32,-134.03
192.008,True,343.92,-125.56
192.115,True,346.38,-120.36
192.216,True,343.68,-122.17
192.313,True,347.09,-132.92
192.408,True,349.78,-136.11
192.506,True,353.04,-137.68
192.607,True,353.26,-138.48
192.717,True,355.43,-138.33
192.816,True,159.90,-127.47
192.907,True,153.45,-126.00
193.013,True,151.15,-125.90
193.113,True,149.77,-122.64
193.212,True,149.09,-121.29
193.307,True,148.08,-121.80
193.421,True,147.79,-121.70
193.518,True,145.97,-119.38
193.613,True,135.70,-109.45
193.710,True,134.83,-109.62
193.814,True,123.64,-109.68
193.906,True,118.90,-110.29
194.005,True,134.77,-111.45
194.110,True,139.90,-113.19
194.209,True,273.26,-114.09
194.313,True,281.19,-113.60
194.418,True,358.34,-142.95
194.511,True,365.60,-143.49
194.608,True,288.78,-137.56
194.716,True,278.17,-133.59
194.810,True,277.41,-133.25
194.907,True,280.36,-134.05
195.011,True,181.21,-115.91
195.108,True,178.61,-113.96
195.213,True,177.48,-112.13
195.317,True,165.41,-113.40
195.413,True,159.69,-115.02
195.508,True,158.62,-116.95
195.607,True,159.95,-117.16
195.719,True,154.30,-117.62
195.813,True,149.34,-117.23
195.914,True,148.78,-118.62
196.014,True,148.83,-118.35
196.107,True,149.57,-118.63
196.215,True,149.30,-118.33
196.307,True,149.34,-118.48
196.413,True,149.42,-118.41
196.512,True,147.96,-115.88
196.610,True,143.75,-114.44
196.715,True,140.69,-114.50
196.815,True,141.62,-115.34
196.916,True,141.62,-116.28
197.014,True,141.00,-116.23
197.109,True,142.48,-115.81
197.214,True,138.41,-115.70
197.306,True,133.50,-117.54
197.405,True,131.13,-117.22
197.511,True,99.26,-120.22
197.606,True,-22.38,-130.66
197.715,True,-39.58,-138.91
197.809,True,-41.68,-143.17
197.908,True,-46.98,-143.97
198.013,True,-61.77,-179.38
198.109,True,-64.61,-182.90
198.217,True,-74.57,-240.45
198.310,True,-79.36,-257.44
198.419,True,-81.66,-258.63
198.508,True,-81.72,-260.31
198.608,True,-82.58,-262.23
198.712,True,-89.97,-266.79
198.819,True,-94.99,-269.10
198.918,True,-96.66,-270.20
199.009,True,-65.41,-258.88
199.116,True,-55.37,-250.96
199.207,True,-39.89,-244.33
199.311,True,-30.64,-234.42
199.415,True,-29.20,-228.55
199.509,True,-63.89,-240.54
199.607,True,-73.88,-246.71
199.716,True,-75.51,-245.43
199.805,True,-79.98,-252.01
199.912,True,-86.18,-256.94
200.014,True,-40.38,-234.13
200.114,True,-29.04,-232.95
200.215,True,-8.37,-260.54
200.305,True,15.08,-233.63
200.409,True,17.43,-226.69
200.513,True,-50.83,-235.40
200.616,True,-85.84,-255.73
200.714,True,-88.70,-256.06
200.814,True,-88.51,-253.61
200.911,True,-89.00,-252.39
201.010,True,-90.67,-254.65
201.117,True,-89.29,-259.50
201.209,True,-83.11,-261.00
201.314,True,-80.53,-253.88
201.411,True,-67.21,-246.36
201.515,True,-30.11,-223.87
201.612,True,-27.58,-218.00
201.718,True,-26.33,-218.42
201.815,True,-22.88,-215.85
201.906,True,-19.92,-213.21
202.006,True,-18.96,-214.20
202.109,True,-18.12,-215.71
202.210,True,-16.97,-216.72
202.314,True,-17.69,-215.86
202.407,True,-20.15,-208.66
202.516,True,1.13,-193.24
202.615,True,55.56,-167.06
202.707,True,76.15,-151.60
202.819,True,83.18,-145.21
202.919,True,44.92,-143.56
203.016,True,34.04,-144.48
203.110,True,66.92,-125.98
203.207,True,75.08,-117.13
203.310,True,90.45,-114.38
203.419,True,100.38,-113.27
203.508,True,101.67,-109.04
203.611,True,102.68,-109.89
203.707,True,102.31,-110.21
203.808,True,101.86,-110.77
203.918,True,102.04,-110.93
204.009,True,101.78,-109.52
204.115,True,104.25,-109.81
204.208,True,82.06,-114.29
204.308,True,70.71,-113.74
204.407,True,70.32,-111.16
204.511,True,83.61,-106.98
204.609,True,102.51,-105.27
204.714,True,107.93,-105.78
204.815,True,109.19,-106.79
204.911,True,108.31,-111.12
205.013,True,108.23,-116.79
205.105,True,108.25,-118.98
205.205,True,109.36,-122.69
205.314,True,109.13,-130.30
205.415,True,107.86,-132.27
205.513,True,106.59,-132.35
205.611,True,105.07,-134.66
205.714,True,105.91,-134.55
205.813,True,106.58,-133.26
205.916,True,107.00,-134.67
206.014,True,107.16,-136.58
206.110,True,109.08,-138.78
206.215,True,112.14,-142.77
206.309,True,113.03,-144.44
206.423,True,114.96,-143.87
206.507,True,115.52,-143.64
206.610,True,114.57,-140.62
206.711,True,111.85,-138.63
206.816,True,109.79,-136.71
206.911,True,87.68,-192.14
207.007,True,90.50,-177.06
207.107,True,95.47,-127.70
207.213,True,95.68,-115.60
207.310,True,91.66,-115.52
207.406,True,90.87,-119.54
207.514,True,101.12,-122.82
207.607,True,106.10,-123.20
207.714,True,111.37,-124.66
207.809,True,126.93,-124.24
207.908,True,134.17,-121.29
208.010,True,134.52,-119.01
208.107,True,132.21,-117.59
208.212,True,131.87,-115.71
208.306,True,132.67,-115.58
208.420,True,131.39,-113.87
208.511,True,128.75,-111.39
208.606,True,110.42,-103.31
208.707,True,104.38,-103.01
208.808,True,102.33,-105.12
208.914,True,103.16,-106.30
209.011,True,104.21,-107.77
209.106,True,105.50,-108.16
209.214,True,108.78,-109.66
209.313,True,112.00,-112.03
209.405,True,112.65,-112.11
209.512,True,110.87,-109.30
209.610,True,112.39,-111.09
209.713,True,114.92,-112.04
209.807,True,114.91,-111.34
209.911,True,115.10,-112.01
210.009,True,116.19,-113.26
210.108,True,117.93,-112.90
210.208,True,118.26,-111.68
210.315,True,117.22,-113.06
210.412,True,116.33,-111.69
210.508,True,114.92,-112.42
210.606,True,113.17,-114.94
210.711,True,349.53,-125.05
210.816,True,359.12,-127.05
210.913,True,250.93,-125.82
211.009,True,209.76,-125.95
211.113,True,206.89,-125.47
211.215,True,183.58,-121.34
211.309,True,141.33,-117.47
211.408,True,134.87,-117.28
211.507,True,133.04,-118.38
211.615,True,132.69,-118.93
211.708,True,132.86,-123.68
211.813,True,134.66,-125.22
211.909,True,137.00,-127.58
212.019,True,137.25,-128.42
212.113,True,137.81,-126.77
212.209,True,139.98,-125.04
212.315,True,139.91,-120.64
212.412,True,138.08,-119.04
212.507,True,136.59,-118.58
212.612,True,138.52,-118.58
212.706,True,138.87,-120.13
212.811,True,138.41,-122.29
212.915,True,137.72,-122.32
213.009,True,135.34,-122.50
213.106,True,132.52,-124.48
213.219,True,129.60,-126.27
213.307,True,130.05,-126.56
213.416,True,130.94,-128.03
213.510,True,131.00,-130.30
213.612,True,122.62,-135.16
213.708,True,117.84,-137.70
213.814,True,114.28,-136.23
213.913,True,116.62,-140.76
214.014,True,130.96,-144.61
214.109,True,338.31,-143.06
214.215,True,351.16,-146.59
214.306,True,341.33,-149.04
214.406,True,307.53,-146.02
214.510,True,125.72,-132.57
214.607,True,116.59,-125.26
214.722,True,118.70,-120.58
214.817,True,118.44,-120.78
214.909,True,118.49,-122.79
215.006,True,120.23,-128.00
215.114,True,121.51,-128.83
215.216,True,120.95,-128.51
215.309,True,120.23,-126.69
215.406,True,119.73,-124.77
215.506,True,120.74,-126.69
215.605,True,120.13,-127.39
215.711,True,120.71,-126.21
215.817,True,120.76,-126.49
215.913,True,119.00,-124.24
216.005,True,118.03,-124.21
216.107,True,117.28,-127.27
216.209,True,116.54,-133.65
216.315,True,113.75,-136.95
216.417,True,113.98,-141.57
216.513,True,116.74,-140.55
216.607,True,116.90,-139.78
216.710,True,116.65,-141.57
216.813,True,119.33,-140.86
216.907,True,121.19,-137.86
217.014,True,76.10,-140.83
217.112,True,71.42,-141.42
217.206,True,70.92,-140.18
217.312,True,70.41,-138.36
217.415,True,75.92,-137.66
217.509,True,94.04,-129.63
217.608,True,99.16,-127.96
217.713,True,99.38,-126.23
217.812,True,99.29,-127.19
217.905,True,99.44,-127.92
218.019,True,98.42,-127.98
218.108,True,97.56,-127.48
218.206,True,99.32,-125.79
218.310,True,102.32,-123.94
218.418,True,101.27,-121.11
218.513,True,101.17,-120.63
218.611,True,100.10,-116.08
218.717,True,98.36,-108.55
218.818,True,96.42,-107.82
218.916,True,93.71,-107.02
219.011,True,94.33,-107.55
219.108,True,96.22,-108.39
219.215,True,98.11,-106.66
219.309,True,97.19,-107.26
219.412,True,94.74,-105.52
219.512,True,89.77,-105.45
219.613,True,83.95,-102.89
219.717,True,84.52,-100.89
219.813,True,85.47,-100.28
219.917,True,81.26,-99.51
220.013,True,77.98,-98.07
220.122,True,76.83,-98.06
220.218,True,75.53,-97.86
220.312,True,76.54,-99.98
220.414,True,80.03,-102.90
220.508,True,82.78,-101.01
220.605,True,90.62,-91.53
220.713,True,102.28,-79.89
220.807,True,105.44,-78.02
220.906,True,107.50,-75.83
221.014,True,107.87,-80.99
221.108,True,106.84,-82.81
221.208,True,107.44,-86.54
221.307,True,110.30,-95.02
221.412,True,110.80,-94.80
221.511,True,111.92,-94.06
221.615,True,113.84,-93.82
221.714,True,112.88,-93.61
221.809,True,113.01,-93.39
221.911,True,113.36,-95.91
222.014,True,115.95,-99.92
222.119,True,109.70,-100.84
222.216,True,105.46,-98.62
222.311,True,103.49,-98.37
222.414,True,107.10,-99.54
222.508,True,109.52,-103.41
222.612,True,111.81,-106.55
222.715,True,113.20,-108.74
222.813,True,114.23,-110.48
222.914,True,113.36,-110.86
223.012,True,115.21,-110.18
223.114,True,118.01,-107.77
223.213,True,117.17,-102.92
223.310,True,116.70,-100.99
223.411,True,118.00,-107.79
223.516,True,117.71,-105.42
223.609,True,115.49,-101.38
223.716,True,115.24,-98.36
223.808,True,115.83,-96.66
223.912,True,113.99,-97.91
224.017,True,113.18,-101.39
224.105,True,112.89,-103.00
224.207,True,112.98,-103.80
224.307,True,112.39,-105.03
224.409,True,112.07,-105.41
224.515,True,113.26,-107.27
224.606,True,113.83,-108.02
224.708,True,113.86,-107.74
224.807,True,114.32,-108.35
224.914,True,114.40,-108.69
225.009,True,114.28,-109.05
225.109,True,113.86,-108.63
225.219,True,114.34,-107.23
225.315,True,113.50,-103.34
225.407,True,112.89,-102.99
225.510,True,112.12,-102.51
225.607,True,112.21,-102.89
225.719,True,111.54,-102.33
225.809,True,112.18,-103.83
225.910,True,113.08,-104.01
226.016,True,114.00,-104.00
226.105,True,113.24,-103.91
226.210,True,112.42,-104.43
226.314,True,111.57,-104.18
226.408,True,111.40,-106.37
226.505,True,110.31,-108.14
226.606,True,120.00,-107.63
226.714,True,125.41,-108.59
226.810,True,125.07,-110.05
226.910,True,128.34,-111.19
227.011,True,127.94,-107.12
227.110,True,125.44,-100.70
227.216,True,123.81,-95.85
227.307,True,123.67,-91.36
227.405,True,122.28,-90.09
227.517,True,121.69,-86.93
227.613,True,121.70,-84.86
227.714,True,123.16,-86.16
227.813,True,121.40,-86.16
227.921,True,122.07,-87.15
228.017,True,122.63,-88.30
228.107,True,122.26,-87.63
228.214,True,122.90,-91.03
228.306,True,123.56,-92.82
228.418,True,123.88,-96.45
228.507,True,123.80,-96.41
228.611,True,123.74,-99.76
228.713,True,124.04,-102.90
228.814,True,124.09,-103.44
228.906,True,121.57,-103.70
229.014,True,121.49,-103.05
229.108,True,123.12,-104.21
229.214,True,122.68,-107.41
229.308,True,121.60,-109.06
229.418,True,121.95,-109.13
229.506,True,122.08,-110.25
229.612,True,121.26,-111.41
229.718,True,123.07,-112.50
229.813,True,123.63,-113.18
229.910,True,123.66,-113.52
230.015,True,124.70,-113.72
230.110,True,125.40,-113.64
230.212,True,125.22,-111.64
230.307,True,124.91,-110.97
230.405,True,127.15,-108.10
230.506,True,128.36,-103.84
230.605,True,124.15,-99.48
230.718,True,79.15,-115.68
230.814,True,71.69,-121.42
230.909,True,96.89,-118.89
231.014,True,121.89,-111.64
231.108,True,124.72,-111.56
231.217,True,126.94,-110.71
231.312,True,127.76,-111.16
231.407,True,126.51,-111.15
231.511,True,121.85,-106.65
231.615,True,118.91,-100.12
231.717,True,116.14,-98.69
231.818,True,114.73,-100.57
231.906,True,115.44,-99.27
232.013,True,116.97,-99.21
232.109,True,117.52,-99.39
232.206,True,118.72,-100.48
232.320,True,119.33,-100.42
232.407,True,116.00,-101.09
232.520,True,111.20,-103.87
232.610,True,110.57,-104.89
232.714,True,110.48,-105.51
232.809,True,107.29,-104.90
232.913,True,106.35,-103.73
233.011,True,106.67,-105.37
233.113,True,107.38,-105.66
233.209,True,108.29,-107.46
233.314,True,108.03,-106.73
233.410,True,106.99,-106.78
233.514,True,102.37,-110.25
233.607,True,101.74,-111.53
233.718,True,49.65,-121.49
233.814,True,37.42,-125.10
233.917,True,37.47,-119.12
234.017,True,-47.78,-206.00
234.109,True,-55.55,-217.33
234.216,True,-59.27,-219.76
234.311,True,-63.07,-219.77
234.406,True,-66.06,-218.84
234.509,True,93.44,-145.53
234.617,True,108.86,-123.00
234.717,True,113.26,-118.63
234.807,True,110.82,-114.23
234.917,True,104.89,-110.35
235.014,True,103.85,-109.46
235.115,True,97.00,-111.10
235.216,True,76.89,-116.25
235.317,True,72.79,-119.65
235.415,True,71.70,-120.21
235.506,True,69.10,-118.39
235.619,True,66.93,-115.75
235.705,True,65.65,-115.38
235.811,True,65.42,-115.05
235.918,True,65.09,-112.28
236.010,True,63.82,-111.25
236.109,True,63.88,-110.39
236.207,True,65.05,-109.04
236.309,True,64.96,-110.29
236.409,True,64.24,-112.73
236.519,True,65.48,-114.05
236.613,True,67.01,-114.31
236.705,True,67.81,-114.44
236.812,True,68.01,-115.71
236.911,True,68.37,-116.70
237.005,True,36.09,-140.09
237.115,True,-1.05,-165.71
237.207,True,21.05,-159.47
237.313,True,59.04,-141.41
237.415,True,61.16,-137.81
237.517,True,61.24,-136.72
237.613,True,38.33,-143.40
237.708,True,14.80,-150.23
237.814,True,9.23,-151.42
237.915,True,4.95,-151.37
238.018,True,3.18,-153.13
238.111,True,2.60,-153.72
238.217,True,-20.89,-159.96
238.307,True,-49.16,-225.10
238.412,True,-51.69,-236.16
238.518,True,-56.03,-237.98
238.613,True,-6.70,-230.85
238.707,True,96.83,-160.85
238.809,True,99.04,-154.35
238.915,True,99.30,-153.24
239.019,True,101.29,-151.19
239.110,True,81.40,-154.31
239.205,True,10.15,-189.48
239.310,True,5.06,-195.03
239.421,True,5.29,-196.14
239.518,True,85.33,-148.65
239.611,True,90.01,-145.50
239.707,True,92.08,-142.56
239.810,True,97.40,-131.66
239.910,True,100.74,-121.23
240.005,True,100.03,-118.20
240.106,True,101.49,-117.19
240.215,True,103.03,-115.00
240.312,True,104.33,-115.00
240.412,True,105.24,-114.60
240.508,True,106.12,-115.52
240.607,True,108.84,-117.58
240.710,True,108.16,-115.29
240.815,True,24.53,-148.61
240.909,True,17.64,-158.79
241.011,True,13.60,-159.66
241.105,True,10.83,-162.52
241.208,True,-12.95,-189.91
241.311,True,-39.82,-235.31
241.418,True,-42.86,-237.85
241.511,True,-43.20,-242.26
241.608,True,89.30,-160.57
241.713,True,100.58,-143.18
241.805,True,98.99,-141.46
241.906,True,98.90,-139.25
242.013,True,99.28,-137.90
242.110,True,99.33,-136.90
242.212,True,99.05,-135.67
242.308,True,98.91,-135.28
242.415,True,95.72,-135.27
242.511,True,82.09,-132.16
242.616,True,76.92,-129.15
242.713,True,76.75,-129.16
242.806,True,76.85,-126.06
242.919,True,81.65,-120.99
243.009,True,81.50,-120.24
243.113,True,80.71,-119.43
243.216,True,81.67,-118.85
243.315,True,81.72,-120.65
243.413,True,81.84,-122.70
243.506,True,81.65,-122.54
243.613,True,80.49,-123.46
243.707,True,79.76,-125.14
243.812,True,81.04,-125.27
243.907,True,80.66,-124.66
244.007,True,82.91,-122.69
244.112,True,88.99,-117.27
244.212,True,93.37,-113.99
244.318,True,61.16,-121.67
244.409,True,38.48,-133.78
244.512,True,36.26,-138.58
244.613,True,85.03,-125.63
244.717,True,101.33,-108.91
244.814,True,103.23,-107.23
244.906,True,104.36,-106.70
245.015,True,106.44,-106.90
245.106,True,109.51,-106.72
245.218,True,109.11,-105.47
245.311,True,103.77,-104.19
245.405,True,102.01,-103.88
245.517,True,101.14,-101.39
245.617,True,101.49,-99.50
245.723,True,100.49,-100.30
245.814,True,100.37,-101.47
245.906,True,98.94,-102.69
246.016,True,99.14,-105.73
246.113,True,98.58,-107.27
246.209,True,97.35,-110.12
246.315,True,96.41,-113.46
246.417,True,96.70,-114.69
246.517,True,95.66,-114.87
246.623,True,95.84,-116.74
246.708,True,90.11,-120.82
246.822,True,82.66,-121.90
246.911,True,79.06,-119.45
247.011,True,73.34,-120.70
247.116,True,60.66,-129.48
247.214,True,58.46,-132.36
247.309,True,56.51,-132.87
247.408,True,55.00,-130.90
247.514,True,55.24,-128.56
247.611,True,80.13,-118.82
247.708,True,88.99,-113.44
247.813,True,93.97,-108.13
247.913,True,97.14,-104.15
248.009,True,95.32,-106.42
248.106,True,91.41,-108.65
248.210,True,89.67,-108.77
248.305,True,90.36,-108.27
248.411,True,91.22,-107.34
248.517,True,91.86,-106.88
248.612,True,92.48,-106.90
248.709,True,93.26,-106.97
248.819,True,91.50,-107.69
248.906,True,92.16,-107.63
249.009,True,91.83,-108.87
249.114,True,90.10,-107.95
249.217,True,86.98,-106.61
249.309,True,86.07,-102.28
249.405,True,86.89,-102.58
249.518,True,97.85,-102.91
249.613,True,101.90,-103.89
249.706,True,102.20,-102.34
249.821,True,102.36,-101.51
249.907,True,98.65,-100.76
250.005,True,85.59,-99.09
250.114,True,78.00,-99.10
250.205,True,75.35,-99.81
250.314,True,73.77,-100.33
250.417,True,77.32,-97.29
250.507,True,79.17,-146.91
250.608,True,120.19,-146.43
250.710,True,101.43,-98.78
250.807,True,95.51,-97.68
250.907,True,92.43,-102.10
251.016,True,88.51,-114.22
251.116,True,87.40,-121.85
251.212,True,86.66,-120.70
251.309,True,86.85,-117.67
251.410,True,88.00,-116.13
251.512,True,88.47,-113.67
251.614,True,90.77,-111.76
251.718,True,92.49,-111.77
251.816,True,92.99,-112.28
251.916,True,94.08,-115.56
252.010,True,94.44,-114.23
252.107,True,94.92,-111.40
252.218,True,97.94,-109.86
252.307,True,98.86,-106.21
252.412,True,95.92,-105.14
252.516,True,92.50,-101.99
252.621,True,91.80,-98.74
252.716,True,92.26,-95.40
252.817,True,94.26,-92.51
252.906,True,96.21,-92.46
253.009,True,95.41,-92.19
253.109,True,93.33,-93.47
253.208,True,92.69,-96.07
253.306,True,92.84,-97.97
253.416,True,93.50,-97.49
253.510,True,92.68,-99.94
253.614,True,92.98,-101.78
253.706,True,94.92,-103.50
253.817,True,95.96,-107.98
253.911,True,94.42,-107.18
254.017,True,92.73,-101.48
254.114,True,93.60,-95.31
254.212,True,95.28,-93.56
254.315,True,37.49,-138.88
254.416,True,29.39,-150.65
254.508,True,95.42,-122.54
254.607,True,100.96,-118.13
254.712,True,103.99,-116.34
254.818,True,111.55,-110.06
254.918,True,112.36,-109.50
255.014,True,112.65,-110.06
255.105,True,114.80,-108.95
255.212,True,114.95,-109.53
255.319,True,114.89,-110.29
255.413,True,115.16,-111.54
255.515,True,116.86,-111.47
255.607,True,117.34,-112.35
255.708,True,118.23,-112.69
255.815,True,118.24,-112.82
255.912,True,113.22,-109.66
256.016,True,108.79,-106.99
256.107,True,109.08,-107.83
256.216,True,110.25,-106.74
256.313,True,111.00,-105.34
256.407,True,110.24,-105.48
256.507,True,109.43,-103.07
256.612,True,107.48,-102.15
256.718,True,107.95,-104.23
256.808,True,201.92,-105.11
256.912,True,352.84,-123.57
257.011,True,356.27,-134.46
257.105,True,141.15,-123.20
257.212,True,136.54,-116.63
257.315,True,137.52,-115.74
257.405,True,130.81,-115.19
257.507,True,124.22,-114.39
257.612,True,120.91,-114.12
257.713,True,119.49,-118.35
257.812,True,303.26,-122.19
257.905,True,378.27,-140.18
258.016,True,383.97,-142.08
258.108,True,385.73,-144.62
258.209,True,389.32,-147.38
258.317,True,391.18,-141.59
258.415,True,344.79,-139.54
258.513,True,242.74,-135.29
258.612,True,136.61,-121.03
258.714,True,132.47,-120.30
258.809,True,131.61,-117.44
258.906,True,133.05,-118.74
259.009,True,132.78,-116.89
259.114,True,132.54,-117.11
259.205,True,132.05,-116.30
259.313,True,124.18,-113.61
259.415,True,114.76,-112.50
259.508,True,118.26,-111.50
259.620,True,111.43,-107.07
259.714,True,102.14,-102.33
259.816,True,107.56,-101.51
259.916,True,152.24,-103.13
260.009,True,157.60,-104.15
260.106,True,338.57,-117.06
260.214,True,372.24,-132.30
260.312,True,374.11,-129.34
260.407,True,379.60,-123.84
260.515,True,240.42,-121.85
260.611,True,232.61,-120.54
260.713,True,232.57,-119.83
260.809,True,149.35,-117.95
260.911,True,121.99,-111.79
261.018,True,233.02,-109.83
261.110,True,358.25,-132.40
261.205,True,361.78,-134.60
261.306,True,363.48,-136.85
261.405,True,184.11,-131.38
261.511,True,129.83,-123.20
261.613,True,129.68,-119.02
261.714,True,129.74,-118.45
261.817,True,133.45,-119.39
261.906,True,130.92,-118.53
262.015,True,124.05,-117.26
262.111,True,120.39,-115.11
262.209,True,117.61,-115.23
262.312,True,110.44,-114.81
262.411,True,106.68,-112.60
262.514,True,107.29,-111.07
262.609,True,106.66,-109.41
262.718,True,105.71,-106.37
262.809,True,104.30,-106.70
262.905,True,104.05,-106.27
263.009,True,103.90,-106.16
263.115,True,104.06,-106.60
263.217,True,105.90,-107.62
263.308,True,109.51,-110.02
263.416,True,-48.06,-173.34
263.513,True,-56.05,-179.58
263.613,True,61.65,-175.40
263.714,True,98.47,-153.85
263.808,False,930.47,5340.93
263.916,True,157.12,-172.92
264.011,True,142.76,-87.90
264.112,True,134.43,-67.08
264.216,True,120.24,-131.87
264.305,True,113.94,-93.30
264.410,True,95.16,-81.15
264.506,True,95.13,-87.38
264.620,True,94.47,-93.33
264.715,True,92.65,-94.11
264.811,True,90.06,-91.55
264.912,True,93.76,-89.18
265.009,True,105.53,-86.78
265.114,True,117.73,-91.07
265.206,True,115.71,-99.10
265.316,True,110.80,-101.37
265.407,True,109.57,-101.56
265.509,True,109.24,-101.47
265.609,True,107.85,-102.74
265.718,True,105.42,-104.37
265.807,True,105.48,-103.67
265.913,True,104.73,-104.42
266.017,True,104.80,-106.66
266.118,True,101.28,-102.21
266.217,True,99.80,-93.22
266.314,True,97.22,-87.19
266.411,True,96.68,-88.42
266.518,True,98.80,-88.69
266.615,True,99.51,-97.02
266.712,True,95.55,-109.34
266.813,True,93.19,-113.76
266.907,True,92.85,-113.68
267.005,True,93.14,-114.24
267.112,True,92.86,-113.38
267.214,True,96.27,-111.00
267.307,True,97.07,-106.93
267.414,True,99.33,-99.48
267.514,True,104.85,-91.85
267.611,True,109.58,-91.88
267.720,True,108.80,-92.95
267.816,True,101.97,-95.86
267.921,True,99.40,-98.50
268.017,True,95.96,-99.61
268.111,True,97.97,-100.30
268.207,True,101.68,-101.90
268.308,True,104.70,-102.64
268.412,True,104.29,-104.41
268.514,True,103.78,-105.54
268.611,True,103.32,-106.32
268.707,True,101.02,-109.99
268.808,True,98.97,-112.35
268.906,True,98.75,-113.05
269.016,True,99.90,-114.25
269.108,True,100.35,-115.34
269.205,True,104.23,-117.09
269.305,True,108.17,-116.45
269.408,True,106.06,-116.81
269.512,True,99.11,-117.36
269.608,True,96.92,-117.75
269.720,True,94.83,-117.33
269.815,True,93.85,-117.68
269.915,True,94.46,-118.45
270.011,True,93.94,-117.52
270.107,True,100.80,-110.76
270.217,True,107.09,-105.92
270.311,True,112.55,-107.42
270.417,True,114.30,-110.62
270.517,True,114.96,-111.00
270.612,True,114.39,-113.16
270.717,True,115.76,-117.77
270.806,True,116.22,-117.90
270.917,True,116.15,-118.82
271.017,True,118.08,-121.10
271.114,True,119.57,-119.20
271.215,True,120.03,-115.19
271.312,True,117.15,-111.07
271.409,True,112.65,-102.17
271.515,True,120.36,-103.38
271.614,True,116.51,-109.89
271.717,True,107.39,-112.12
271.809,True,109.22,-111.31
271.912,True,112.89,-107.95
272.014,True,114.14,-104.31
272.116,True,116.07,-104.14
272.209,True,118.14,-104.82
272.317,True,109.73,-107.94
272.406,True,954.15,5436.50
272.515,True,114.20,-144.89
272.608,True,137.57,-73.77
272.718,True,121.49,-54.11
272.817,True,111.65,-45.88
272.912,True,108.43,-43.48
273.013,True,111.39,-66.26
273.110,True,116.65,-79.10
273.217,True,113.64,-96.31
273.317,True,113.58,-97.25
273.407,True,-25.60,-150.67
273.505,True,-34.97,-159.76
273.607,True,-2.31,-121.34
273.711,True,40.23,-90.40
273.805,True,43.66,-92.33
273.912,True,77.50,-81.63
274.011,True,84.96,-80.61
274.108,True,56.92,-83.75
274.221,True,19.77,-100.89
274.316,True,19.52,-104.97
274.406,True,62.95,-99.65
274.506,True,69.36,-95.96
274.606,True,71.53,-96.95
274.713,True,73.70,-96.80
274.809,True,74.67,-97.22
274.918,True,75.59,-100.01
275.011,True,82.17,-103.10
275.106,True,92.79,-100.19
275.213,True,95.50,-98.65
275.306,True,99.58,-100.51
275.409,True,104.35,-101.10
275.509,True,104.48,-100.89
275.620,True,103.66,-100.77
275.707,True,105.97,-98.19
275.807,True,109.52,-95.30
275.908,True,109.91,-94.75
276.006,True,104.18,-94.64
276.111,True,100.38,-94.74
276.213,True,99.11,-95.71
276.306,True,96.38,-95.24
276.417,True,94.93,-89.06
276.510,True,94.79,-85.74
276.614,True,96.77,-83.51
276.717,True,97.71,-82.77
276.809,True,101.47,-81.98
276.919,True,106.77,-80.56
277.009,True,103.53,-83.42
277.114,True,100.53,-85.34
277.208,True,99.83,-86.34
277.307,True,97.44,-85.41
277.415,True,96.49,-83.92
277.510,True,95.48,-83.19
277.616,True,92.56,-83.50
277.714,True,89.70,-86.61
277.808,True,89.33,-86.11
277.917,True,95.68,-81.24
278.008,True,102.46,-83.63
278.113,True,104.02,-86.70
278.208,True,104.23,-88.46
278.322,True,103.41,-89.50
278.416,True,101.69,-90.03
278.510,True,101.68,-91.49
278.612,True,103.32,-92.29
278.713,True,102.51,-94.13
278.807,True,102.23,-94.40
278.911,True,106.06,-95.93
279.012,True,110.22,-93.89
279.108,True,108.12,-93.06
279.213,True,105.94,-91.47
279.313,True,106.10,-89.66
279.413,True,104.65,-88.94
279.515,True,102.40,-89.85
279.611,True,102.27,-91.30
279.717,True,101.81,-91.81
279.812,True,100.32,-91.29
279.915,True,101.72,-84.34
280.008,True,105.37,-78.82
280.117,True,106.17,-77.62
280.209,True,107.47,-80.00
280.311,True,108.96,-83.24
280.406,True,107.57,-83.51
280.505,True,106.16,-86.88
280.607,True,106.45,-90.69
280.705,True,107.76,-95.00
280.808,True,107.93,-100.33
280.913,True,107.53,-102.76
281.014,True,106.46,-102.92
281.118,True,105.97,-100.76
281.216,True,105.04,-98.79
281.306,True,105.50,-96.83
281.420,True,107.16,-96.10
281.516,True,106.61,-95.60
281.611,True,106.20,-95.75
281.705,True,105.93,-95.84
281.806,True,106.89,-95.27
281.918,True,107.95,-95.14
282.014,True,109.29,-94.95
282.109,True,111.56,-94.73
282.218,True,111.80,-98.39
282.305,True,112.74,-101.66
282.405,True,113.07,-101.81
282.505,True,109.61,-102.04
282.607,True,105.76,-103.23
282.705,True,106.63,-106.03
282.810,True,107.46,-107.67
282.907,True,105.78,-107.22
283.009,True,102.67,-105.19
283.114,True,101.72,-102.24
283.211,True,102.09,-102.92
283.313,True,103.11,-106.02
283.410,True,103.50,-106.29
283.509,True,105.21,-106.76
283.608,True,104.90,-109.37
283.705,True,105.29,-111.20
283.808,True,106.01,-112.81
283.908,True,104.81,-112.07
284.010,True,102.93,-110.75
284.105,True,102.57,-110.61
284.207,True,101.87,-109.19
284.316,True,100.65,-109.33
284.409,True,100.71,-110.82
284.518,True,100.87,-108.59
284.609,True,100.91,-107.07
284.709,True,100.48,-107.38
284.814,True,101.67,-106.69
284.916,True,102.68,-104.66
285.007,True,101.79,-102.71
285.105,True,100.54,-101.85
285.214,True,99.63,-102.75
285.307,True,99.01,-103.39
285.409,True,98.45,-103.89
285.511,True,99.50,-103.17
285.606,True,100.82,-102.70
285.705,True,99.73,-105.78
285.813,True,97.74,-106.81
285.910,True,94.18,-108.58
286.016,True,90.43,-108.91
286.113,True,89.36,-109.61
286.219,True,89.46,-110.78
286.310,True,89.22,-111.79
286.407,True,87.30,-111.67
286.508,True,83.30,-106.85
286.608,True,83.24,-98.38
286.706,True,83.25,-93.11
286.813,True,84.16,-97.01
286.907,True,96.19,-95.66
287.017,True,111.77,-89.82
287.111,True,116.19,-90.34
287.217,True,107.16,-93.21
287.310,True,91.72,-98.49
287.423,True,91.34,-99.46
287.507,True,103.24,-102.07
287.610,True,109.07,-103.11
287.705,True,112.01,-104.04
287.820,True,111.57,-103.89
287.908,True,110.94,-104.80
288.014,True,111.36,-106.33
288.105,True,112.10,-107.52
288.208,True,110.08,-108.29
288.316,True,108.14,-108.05
288.405,True,107.95,-106.74
288.508,True,108.91,-107.50
288.612,True,110.14,-106.87
288.717,True,107.58,-106.06
288.812,True,119.34,-100.53
288.917,True,123.88,-104.01
289.007,True,124.59,-108.08
289.114,True,125.88,-111.47
289.217,True,157.83,-121.24
289.313,True,131.20,-126.23
289.408,True,97.81,-129.45
289.517,True,96.16,-130.87
289.607,True,93.75,-132.34
289.714,True,91.19,-133.75
289.811,True,89.89,-133.73
289.907,True,88.93,-133.76
290.015,True,87.05,-133.37
290.110,True,90.14,-127.59
290.211,True,91.29,-123.80
290.313,True,85.19,-114.88
290.408,True,83.50,-111.37
290.513,True,84.11,-111.63
290.607,True,82.56,-110.30
290.706,True,80.99,-110.04
290.807,True,76.45,-110.01
290.906,True,73.81,-110.71
291.018,True,69.52,-109.85
291.109,True,70.13,-109.84
291.213,True,82.05,-109.28
291.309,True,86.29,-110.46
291.406,True,86.22,-111.52
291.515,True,85.58,-110.84
291.611,True,81.82,-108.89
291.714,True,76.26,-107.21
291.811,True,76.68,-106.14
291.912,True,87.82,-103.99
292.011,True,90.15,-102.46
292.115,True,86.95,-100.39
292.207,True,88.57,-99.13
292.316,True,93.25,-98.98
292.417,True,101.00,-100.36
292.510,True,103.52,-101.49
292.607,True,105.67,-103.09
292.716,True,108.55,-102.06
292.807,True,108.75,-98.23
292.914,True,109.26,-95.00
293.008,True,110.24,-92.22
293.119,True,111.30,-90.66
293.210,True,105.47,-92.53
293.314,True,99.19,-96.94
293.411,True,96.15,-100.24
293.507,True,94.33,-104.40
293.618,True,96.81,-109.01
293.710,True,98.00,-112.00
293.806,True,97.84,-114.37
293.913,True,97.80,-117.74
294.020,True,98.42,-119.24
294.119,True,96.05,-119.85
294.207,True,93.16,-119.63
294.317,True,92.91,-118.34
294.410,True,94.17,-114.93
294.510,True,95.61,-111.17
294.612,True,95.98,-111.32
294.715,True,96.65,-111.40
294.812,True,97.61,-112.23
294.914,True,97.69,-113.97
295.006,True,97.61,-113.02
295.112,True,97.97,-109.79
295.207,True,97.12,-110.00
295.314,True,97.85,-110.94
295.409,True,98.36,-109.36
295.514,True,99.16,-109.30
295.611,True,316.56,-113.85
295.707,True,351.62,-125.23
295.811,True,214.52,-123.82
295.914,True,118.67,-115.97
296.009,True,117.99,-114.74
296.105,True,118.27,-114.96
296.214,True,120.12,-116.98
296.310,True,107.32,-117.75
296.418,True,99.72,-117.60
296.514,True,97.54,-117.45
296.610,True,340.32,-126.61
296.713,True,346.57,-130.75
296.822,True,200.40,-131.83
296.918,True,130.82,-128.75
297.010,True,129.31,-128.56
297.109,True,129.51,-129.61
297.214,True,130.66,-129.09
297.318,True,129.21,-128.70
297.413,True,127.69,-128.80
297.508,True,127.49,-127.77
297.614,True,128.22,-126.92
297.716,True,98.04,-125.66
297.810,True,89.85,-122.45
297.906,True,88.42,-118.16
298.009,True,87.33,-117.46
298.110,True,85.69,-118.79
298.208,True,85.63,-119.63
298.306,True,84.05,-113.32
298.406,True,81.38,-106.89
298.510,True,90.45,-104.61
298.606,True,107.70,-102.42
298.708,True,109.41,-100.17
298.806,True,109.05,-104.36
298.911,True,108.98,-107.28
299.006,True,281.08,-105.46
299.120,True,322.14,-107.21
299.208,True,115.46,-106.63
299.316,True,97.22,-105.81
299.409,True,96.54,-105.08
299.520,True,96.70,-104.60
299.618,True,97.77,-104.80
299.713,True,308.09,-110.81
299.817,True,323.82,-121.61
299.906,True,327.75,-121.47
300.010,True,330.91,-119.55
300.110,True,331.64,-118.45
300.215,True,332.32,-119.06
300.308,True,332.15,-122.23
300.413,True,331.03,-124.59
300.517,True,339.04,-126.08
300.613,True,345.68,-126.20
300.705,True,349.43,-123.71
300.806,True,350.41,-120.80
300.910,True,351.33,-120.35
301.015,True,351.20,-119.88
301.110,True,350.31,-118.88
301.206,True,349.96,-119.71
301.312,True,349.88,-122.62
301.409,True,350.20,-124.57
301.516,True,351.00,-124.47
301.611,True,351.16,-124.98
301.706,True,83.61,-127.46
301.810,True,78.17,-132.97
301.910,True,75.89,-137.12
302.010,True,74.74,-139.76
302.109,True,74.07,-141.31
302.206,True,357.37,-145.48
302.319,True,369.38,-160.21
302.407,True,308.81,-155.15
302.508,True,129.79,-144.21
302.608,True,124.78,-142.68
302.719,True,120.12,-140.61
302.807,True,119.70,-141.20
302.909,True,114.57,-130.52
303.005,True,111.54,-119.83
303.108,True,103.65,-118.51
303.213,True,97.05,-117.25
303.313,True,95.78,-117.01
303.417,True,95.56,-118.76
303.517,True,94.95,-119.20
303.610,True,96.26,-118.64
303.717,True,98.77,-117.86
303.813,True,120.75,-117.60
303.908,True,128.08,-117.17
304.018,True,110.31,-115.65
304.111,True,103.50,-115.20
304.216,True,99.72,-114.18
304.310,True,98.00,-115.49
304.405,True,97.19,-117.12
304.513,True,97.38,-115.98
304.606,True,99.15,-115.61
304.716,True,100.16,-115.63
304.809,True,103.91,-113.42
304.922,True,104.71,-108.06
305.016,True,101.64,-108.69
305.114,True,97.16,-108.58
305.210,True,302.02,-133.11
305.311,True,309.63,-143.60
305.405,True,314.06,-143.87
305.512,True,141.14,-140.48
305.606,True,271.85,-133.15
305.709,True,366.57,-133.82
305.812,True,376.68,-141.46
305.905,True,135.53,-110.33
306.018,True,132.44,-103.41
306.113,True,133.84,-102.01
306.215,True,129.20,-101.44
306.307,True,117.10,-100.81
306.407,False,973.31,5475.59
306.510,True,113.11,-139.37
306.606,True,120.27,-89.87
306.716,True,117.57,-82.70
306.816,True,111.00,-83.37
306.909,True,106.35,-142.46
307.017,True,153.92,-73.19
307.112,True,146.43,-58.47
307.218,True,142.96,-56.91
307.313,True,124.24,-73.86
307.416,True,113.78,-79.36
307.512,True,111.13,-78.93
307.607,True,111.31,-84.95
307.712,True,110.38,-89.77
307.809,True,108.24,-89.96
307.910,True,106.31,-93.45
308.012,True,106.29,-95.11
308.105,True,104.90,-98.61
308.206,True,104.05,-101.18
308.310,True,104.93,-102.17
308.409,True,105.91,-102.72
308.508,True,105.69,-101.13
308.611,True,109.48,-102.73
308.715,True,114.78,-103.45
308.809,True,60.99,-105.23
308.911,True,55.72,-104.93
309.009,True,61.24,-88.76
309.105,True,76.96,-73.27
309.211,True,78.51,-70.32
309.308,True,86.69,-80.85
309.420,True,97.89,-85.72
309.508,True,102.91,-86.52
309.613,True,100.82,-89.28
309.716,True,59.43,-101.83
309.817,True,58.65,-120.05
309.909,True,76.30,-122.71
310.014,True,76.88,-84.99
310.109,True,75.52,-85.72
310.211,True,48.90,-110.79
310.306,True,-46.17,-186.75
310.416,True,-51.96,-191.13
310.515,True,-37.45,-194.30
310.605,True,-27.29,-193.26
310.705,True,-21.97,-188.24
310.805,True,-9.92,-188.75
310.916,True,-36.97,-189.67
311.015,True,-44.00,-191.21
311.114,True,-44.05,-192.14
311.215,True,-46.63,-192.66
311.306,True,-45.25,-191.48
311.416,True,46.47,-137.52
311.512,True,93.85,-94.96
311.605,True,97.95,-93.51
311.707,True,98.82,-94.58
311.805,True,96.90,-93.40
311.915,True,96.09,-94.28
312.008,True,92.28,-95.23
312.120,True,91.64,-95.00
312.206,True,92.01,-95.93
312.314,True,4.16,-150.80
312.408,True,-9.11,-147.74
312.513,True,3.85,-147.17
312.615,True,87.45,-114.22
312.716,True,95.16,-112.24
312.813,True,97.06,-111.84
312.911,True,98.12,-110.41
313.011,True,93.06,-105.30
313.105,True,88.85,-102.75
313.214,True,86.79,-108.63
313.308,True,92.88,-103.44
313.405,True,99.62,-97.55
313.517,True,102.98,-92.72
313.621,True,102.33,-87.09
313.715,True,100.46,-84.33
313.807,True,98.56,-77.86
313.912,True,99.66,-72.54
314.016,True,96.30,-69.92
314.113,True,93.59,-64.19
314.212,True,95.27,-62.64
314.306,True,96.67,-57.57
314.410,True,97.31,-55.14
314.511,True,97.40,-55.51
314.615,True,98.92,-55.71
314.713,True,100.84,-57.09
314.809,True,100.66,-57.69
314.917,True,102.40,-59.64
315.005,True,104.57,-60.88
315.117,True,104.28,-62.86
315.214,True,105.09,-67.44
315.313,True,106.98,-68.23
315.406,True,99.05,-59.29
315.511,True,82.43,-53.63
315.617,True,78.81,-54.32
315.713,True,78.96,-55.70
315.816,True,75.82,-57.57
315.906,True,68.52,-61.14
316.005,True,67.17,-64.76
316.108,True,68.57,-66.17
316.219,True,72.44,-71.77
316.314,True,71.39,-74.52
316.415,True,67.24,-72.91
316.516,True,62.84,-72.03
316.610,True,62.29,-71.39
316.717,True,62.72,-69.77
316.813,True,63.89,-70.08
316.914,True,64.38,-69.03
317.015,True,75.79,-78.30
317.111,True,90.22,-85.23
317.207,True,93.89,-88.94
317.305,True,96.81,-91.23
317.408,True,89.72,-90.45
317.505,True,85.31,-88.45
317.615,True,88.59,-105.92
317.712,True,963.04,5415.89
317.811,True,130.94,-115.26
317.910,True,129.00,-73.90
318.009,True,121.66,-72.84
318.117,True,115.46,-71.60
318.207,True,113.13,-68.85
318.309,True,110.18,-73.61
318.408,True,110.14,-76.75
318.516,True,109.99,-79.01
318.609,True,105.51,-80.70
318.711,True,102.92,-79.83
318.806,True,99.82,-82.77
318.910,True,96.77,-73.55
319.008,True,96.04,-62.50
319.111,True,97.10,-61.17
319.205,True,97.19,-60.12
319.311,True,96.42,-60.68
319.411,True,99.34,-62.63
319.507,True,103.41,-68.27
319.607,True,105.37,-81.09
319.708,True,105.18,-89.93
319.811,True,105.08,-93.37
319.906,True,106.54,-98.72
320.008,True,108.08,-104.86
320.107,True,110.27,-103.52
320.216,True,111.83,-102.72
320.317,True,111.91,-104.49
320.410,True,110.17,-105.63
320.516,True,107.77,-103.32
320.607,True,106.43,-99.06
320.719,True,95.76,-93.67
320.814,True,90.07,-94.88
320.910,True,87.27,-96.57
321.017,True,86.66,-96.10
321.110,True,91.36,-96.54
321.206,True,96.42,-96.73
321.315,True,97.17,-97.14
321.408,True,95.81,-97.44
321.519,True,94.96,-97.36
321.611,True,95.02,-97.53
321.718,True,118.66,-95.77
321.812,True,147.03,-89.30
321.919,True,155.02,-83.15
322.012,True,157.47,-78.41
322.110,True,94.65,-80.65
322.221,True,87.59,-83.56
322.313,True,94.14,-91.65
322.408,True,102.12,-100.58
322.510,True,105.53,-105.59
322.612,True,109.26,-108.91
322.707,True,108.68,-109.38
322.810,True,110.51,-111.95
322.919,True,114.84,-111.50
323.011,True,114.88,-110.06
323.114,True,113.63,-107.79
323.208,True,112.32,-104.94
323.316,True,111.55,-101.79
323.408,True,110.36,-98.38
323.513,True,109.73,-98.09
323.606,True,111.07,-96.11
323.709,True,112.79,-96.37
323.809,True,112.13,-98.48
323.914,True,112.22,-101.97
324.005,True,112.11,-101.50
324.111,True,112.56,-101.73
324.206,True,109.07,-99.71
324.313,True,107.82,-99.73
324.411,True,106.84,-95.94
324.506,True,107.30,-95.29
324.611,True,109.20,-94.12
324.707,True,109.62,-91.21
324.808,True,102.12,-95.45
324.909,True,97.48,-101.67
325.006,True,95.66,-104.14
325.117,True,94.07,-105.41
325.206,True,330.98,-113.93
325.316,True,339.74,-119.30
325.407,True,132.77,-110.61
325.515,True,128.89,-108.92
325.608,True,122.32,-106.85
325.711,True,110.56,-106.77
325.811,True,105.83,-108.82
325.910,True,104.11,-110.16
326.006,True,103.16,-110.44
326.106,True,101.64,-110.67
326.208,True,103.00,-110.65
326.312,True,111.39,-103.81
326.407,True,110.53,-93.16
326.517,True,108.32,-87.15
326.616,True,112.71,-82.74
326.712,True,115.43,-79.72
326.812,True,114.92,-73.37
326.913,True,110.69,-67.24
327.017,True,114.14,-66.98
327.107,True,122.64,-67.19
327.215,True,126.20,-69.56
327.311,True,124.47,-69.33
327.418,True,111.42,-72.79
327.512,True,107.42,-78.19
327.605,True,103.59,-80.39
327.712,True,101.36,-80.08
327.812,True,101.37,-80.80
327.906,True,101.37,-82.41
328.010,True,101.79,-84.46
328.118,True,101.22,-87.95
328.214,True,95.22,-88.42
328.322,True,88.52,-90.69
328.413,True,87.37,-90.06
328.513,True,87.16,-91.28
328.616,True,87.13,-95.23
328.711,True,88.21,-98.60
328.821,True,89.64,-102.39
328.917,True,91.40,-104.07
329.011,True,92.38,-104.51
329.120,True,94.01,-104.58
329.213,True,96.25,-104.62
329.306,True,97.23,-105.05
329.417,True,98.02,-107.06
329.508,True,99.03,-107.73
329.623,True,100.14,-108.53
329.716,True,100.46,-109.32
329.816,True,103.15,-109.68
329.908,True,95.88,-108.36
330.009,True,89.00,-109.08
330.112,True,91.48,-108.42
330.216,True,94.01,-108.33
330.310,True,95.89,-107.60
330.414,True,86.47,-108.45
330.507,True,81.09,-110.02
330.613,True,78.77,-109.01
330.712,True,82.48,-108.54
330.813,True,86.97,-108.11
330.910,True,92.09,-107.00
331.009,True,94.80,-99.64
331.105,True,91.74,-100.19
331.208,True,88.20,-103.06
331.311,True,86.25,-105.33
331.411,True,82.81,-107.77
331.516,True,83.20,-110.75
331.619,True,85.12,-110.40
331.706,True,87.16,-111.07
331.811,True,80.86,-101.67
331.905,True,67.92,-92.31
332.017,True,66.90,-91.61
332.113,True,69.77,-86.06
332.209,True,82.62,-81.80
332.309,True,88.21,-83.30
332.415,True,89.28,-85.28
332.517,True,89.10,-88.69
332.605,True,87.97,-88.23
332.713,True,90.53,-89.25
332.805,True,77.04,-93.93
332.911,True,63.28,-98.39
333.014,True,61.58,-102.45
333.108,True,57.19,-103.65
333.216,True,55.92,-103.09
333.319,True,55.59,-103.42
333.407,True,56.48,-106.94
333.505,True,58.03,-109.03
333.614,True,59.01,-107.14
333.706,True,58.60,-106.49
333.811,True,58.13,-105.78
333.907,True,58.68,-105.72
334.016,True,59.46,-105.69
334.110,True,60.89,-106.09
