=== 数据记录开始于 2026-01-05 12:12:22 ===
22.354,True,106.60,-160.99
22.450,True,109.43,-160.72
22.546,True,109.35,-160.93
22.652,True,63.13,-137.48
22.755,True,51.35,-127.13
22.848,True,51.65,-206.88
22.954,True,49.26,-253.29
23.053,True,342.81,-187.30
23.148,True,363.53,-164.13
23.245,True,363.48,-170.80
23.356,False,631.92,-158.21
23.448,False,962.54,-121.51
23.546,False,958.96,-125.34
23.645,True,-6.97,-65.60
23.744,True,4.86,-80.19
23.856,True,47.69,-103.87
23.953,True,60.03,-113.85
24.050,True,60.75,-117.27
24.158,True,59.49,-118.80
24.254,True,173.19,-125.78
24.348,True,238.03,-136.62
24.445,True,240.15,-140.87
24.547,True,238.74,-138.80
24.650,True,137.68,-118.41
24.752,True,129.56,-113.38
24.851,True,126.51,-112.63
24.957,True,124.76,-115.40
25.055,True,124.01,-116.67
25.149,True,122.76,-115.79
25.249,True,121.17,-112.97
25.344,True,122.13,-120.01
25.451,True,124.14,-124.04
25.545,True,125.89,-125.56
25.654,True,126.60,-126.04
25.753,True,125.98,-125.16
25.849,True,125.90,-126.93
25.947,True,127.38,-128.35
26.046,True,127.91,-128.40
26.152,True,114.98,-126.88
26.252,True,83.48,-125.82
26.348,True,79.99,-124.06
26.447,True,78.76,-120.93
26.553,True,77.86,-120.25
26.648,True,79.91,-120.53
26.749,True,82.04,-120.30
26.846,True,82.89,-118.74
26.952,True,85.25,-118.04
27.046,True,86.58,-114.57
27.155,True,85.44,-112.72
27.255,True,86.70,-112.43
27.352,True,87.83,-113.47
27.448,True,87.83,-204.00
27.548,True,89.83,-178.86
27.656,True,76.36,-130.12
27.744,True,75.43,-128.63
27.854,True,73.28,-129.41
27.948,True,72.71,-130.02
28.046,True,390.89,-131.10
28.152,True,406.92,-139.30
28.251,True,181.97,-105.53
28.350,True,175.94,-94.55
28.445,True,88.87,-91.13
28.556,True,80.71,-90.56
28.655,True,79.40,-91.46
28.744,True,79.35,-92.54
28.846,True,80.12,-91.07
28.955,True,55.09,47.01
29.051,True,31.84,105.89
29.150,True,-208.29,117.54
29.247,True,-218.20,119.49
29.348,True,112.76,90.67
29.454,True,121.67,62.10
29.547,True,119.77,57.60
29.657,True,114.72,41.69
29.744,False,-1688.44,12387.24
29.855,True,48.11,-185.36
29.949,True,42.08,-130.82
30.045,True,43.17,-117.19
30.154,True,81.92,-119.32
30.250,True,84.44,-119.83
30.344,True,84.48,-119.12
30.455,True,84.83,-118.00
30.553,True,84.89,-117.05
30.648,True,85.39,-119.47
30.755,True,84.88,-119.41
30.851,True,84.65,-116.38
30.944,True,84.02,-115.77
31.052,True,80.00,-121.76
31.148,True,75.03,-124.46
31.247,True,73.31,-125.61
31.355,True,72.35,-125.67
31.451,True,69.53,-125.50
31.546,True,69.37,-124.39
31.656,True,70.90,-122.47
31.755,True,70.10,-122.03
31.849,True,70.09,-123.19
31.945,True,70.50,-122.00
32.045,True,69.69,-123.94
32.157,True,69.90,-126.37
32.254,True,69.36,-122.91
32.355,True,68.33,-119.43
32.451,True,68.83,-117.74
32.546,True,68.60,-115.20
32.651,True,69.38,-111.21
32.750,True,66.45,-102.89
32.844,True,68.56,-109.34
32.953,True,74.88,-112.91
33.052,True,77.97,-115.26
33.153,True,79.42,-117.14
33.246,True,79.79,-119.03
33.352,True,80.95,-119.35
33.450,True,81.48,-125.22
33.549,True,83.87,-131.89
33.648,True,87.28,-133.96
33.749,True,90.31,-134.27
33.848,True,93.18,-132.05
33.954,True,92.84,-130.41
34.051,True,90.11,-127.53
34.145,True,94.19,-133.63
34.253,True,97.52,-134.77
34.350,True,98.92,-132.43
34.449,True,61.94,-121.14
34.545,True,54.40,-113.53
34.657,True,53.97,-110.77
34.744,True,53.09,-108.63
34.851,True,52.99,-107.32
34.950,True,53.01,-107.54
35.047,True,78.87,-106.40
35.157,True,138.87,-107.40
35.257,True,142.63,-109.48
35.355,True,100.32,-108.80
35.450,True,86.42,-107.75
35.549,True,84.00,-106.29
35.648,True,82.89,-105.91
35.750,True,82.52,-106.42
35.854,True,81.42,-106.89
35.946,True,82.11,-106.50
36.054,True,82.64,-107.93
36.149,True,81.96,-108.81
36.255,True,80.85,-107.64
36.353,True,80.15,-107.51
36.448,True,79.33,-107.54
36.547,True,78.63,-107.20
36.645,True,77.34,-106.78
36.744,True,75.74,-102.56
36.848,True,75.75,-103.04
36.950,True,75.81,-103.00
37.046,False,-1583.55,11624.99
37.145,True,87.01,-219.45
37.255,True,81.72,-128.08
37.356,True,74.62,-118.65
37.455,True,75.24,-119.56
37.550,True,77.58,-121.45
37.648,True,78.52,-123.61
37.748,True,79.35,-124.32
37.847,True,83.93,-156.03
37.948,False,-1534.84,11264.54
38.050,True,109.20,-189.20
38.148,True,100.55,-127.11
38.250,True,94.56,-124.32
38.347,True,93.82,-122.30
38.455,True,91.80,-123.97
38.549,True,90.98,-126.35
38.646,True,90.30,-130.00
38.752,True,88.24,-129.28
38.853,True,88.52,-126.56
38.947,True,87.83,-124.68
39.055,True,81.97,-117.56
39.150,True,78.37,-114.92
39.247,True,75.36,-114.88
39.352,True,74.26,-113.73
39.452,True,73.13,-113.70
39.547,True,70.48,-114.70
39.656,True,68.57,-114.27
39.753,True,67.48,-115.45
39.856,True,66.88,-115.82
39.952,True,66.97,-117.95
40.047,True,68.07,-118.34
40.146,True,69.93,-118.68
40.256,True,72.49,-118.75
40.354,True,73.27,-119.95
40.446,True,80.49,-193.96
40.557,True,91.09,-133.18
40.649,True,81.23,-109.56
40.756,True,76.05,-106.73
40.849,True,75.63,-109.46
40.950,True,74.60,-113.16
41.049,True,74.58,-116.76
41.146,True,75.32,-114.32
41.244,True,74.76,-114.29
41.353,True,73.15,-115.84
41.448,True,72.77,-115.46
41.550,True,73.38,-115.13
41.649,True,76.22,-115.20
41.754,True,93.24,-112.01
41.848,True,100.68,-113.05
41.957,True,91.94,-112.32
42.047,True,81.28,-114.31
42.145,True,78.85,-116.17
42.244,True,76.70,-117.43
42.344,True,76.11,-117.21
42.451,True,76.39,-118.56
42.550,True,76.35,-119.06
42.651,True,75.89,-117.63
42.754,True,73.92,-118.11
42.851,True,73.29,-119.37
42.948,True,73.77,-119.77
43.054,True,73.39,-121.42
43.153,True,73.86,-120.87
43.253,True,75.39,-118.98
43.350,True,75.04,-118.73
43.444,True,74.86,-114.21
43.555,True,74.80,-112.23
43.653,True,74.79,-111.25
43.755,True,77.96,-122.20
43.852,True,79.68,-130.99
43.947,True,78.91,-131.57
44.055,True,75.76,-120.63
44.144,True,73.95,-113.53
44.249,True,74.41,-106.90
44.347,True,73.23,-105.96
44.453,True,74.02,-106.83
44.548,False,-1402.02,9678.95
44.646,True,106.19,-235.96
44.745,True,90.73,-143.13
44.851,True,79.00,-137.53
44.949,True,75.85,-137.20
45.051,True,76.76,-134.36
45.148,True,78.68,-136.71
45.250,True,81.58,-137.09
45.345,True,80.37,-143.34
45.452,True,73.39,-147.01
45.546,True,71.32,-139.10
45.654,True,56.51,-131.94
45.745,True,56.98,-134.27
45.857,True,64.90,-140.47
45.952,True,69.34,-138.87
46.046,True,72.92,-143.98
46.151,True,75.01,-146.48
46.253,True,73.25,-144.32
46.351,True,67.80,-137.42
46.451,True,65.95,-138.14
46.545,True,67.13,-139.88
46.656,True,70.01,-145.11
46.754,True,69.09,-147.57
46.848,True,68.37,-146.86
46.954,True,68.77,-144.26
47.049,True,66.29,-134.92
47.156,True,63.85,-130.35
47.254,True,64.12,-129.13
47.347,True,63.84,-128.27
47.451,True,62.37,-126.36
47.551,True,60.97,-116.25
47.649,True,59.36,-113.85
47.751,True,62.43,-115.89
47.850,True,86.23,-118.96
47.945,False,-1105.94,8880.77
48.055,True,99.50,-216.56
48.152,True,95.55,-182.29
48.251,True,85.36,-152.46
48.345,True,79.93,-140.12
48.454,True,73.24,-124.79
48.550,True,68.96,-126.33
48.650,True,68.96,-132.02
48.750,True,68.60,-135.71
48.844,True,69.93,-136.84
48.946,True,70.00,-132.89
49.056,True,68.27,-129.85
49.152,True,67.18,-129.46
49.254,True,65.34,-126.22
49.349,True,66.63,-126.69
49.445,True,67.48,-132.74
49.554,True,-1126.77,8989.44
49.648,True,-1132.44,9044.55
49.746,True,-1128.86,9075.68
49.850,True,-1143.01,9091.47
49.944,True,-1144.34,9102.87
50.055,True,-1152.62,9102.41
50.155,True,-1143.70,9038.88
50.257,True,-1150.77,9020.56
50.351,True,-1145.94,8983.12
50.451,True,635.13,-1205.65
50.553,True,661.62,-1139.16
50.651,True,682.93,-1096.81
50.754,True,764.88,-1100.06
50.847,True,897.07,-1234.38
50.950,True,973.96,-1347.41
51.048,True,668.73,-340.89
51.153,True,23.43,-202.08
51.251,True,11.74,-202.73
51.349,True,11.68,-204.55
51.445,True,18.27,-207.65
51.552,True,87.28,-139.76
51.650,True,89.92,-132.40
51.752,True,91.14,-130.30
51.849,True,93.52,-133.18
51.954,True,95.72,-134.60
52.051,True,96.76,-132.37
52.145,True,97.14,-130.92
52.254,True,94.05,-161.32
52.348,True,113.92,-171.72
52.456,True,117.56,-136.66
52.553,True,113.47,-125.42
52.650,True,109.91,-124.75
52.745,True,108.32,-123.43
52.844,True,106.92,-124.40
52.954,True,94.43,-124.29
53.050,True,89.99,-122.11
53.146,True,87.94,-119.41
53.254,True,86.08,-116.94
53.351,True,83.31,-115.60
53.448,True,81.37,-115.20
53.553,True,81.22,-114.58
53.653,True,82.78,-115.16
53.751,True,82.98,-116.31
53.853,True,82.16,-118.00
53.948,True,82.04,-123.13
54.045,True,83.48,-123.23
54.150,True,-1123.77,8665.48
54.253,True,88.35,-171.16
54.353,True,102.58,-214.42
54.447,True,107.15,-141.91
54.553,True,104.05,-114.54
54.647,True,100.50,-109.71
54.750,True,101.11,-116.87
54.855,True,101.81,-119.20
54.952,True,98.32,-122.80
55.050,True,97.05,-116.09
55.153,True,99.69,-114.95
55.254,True,101.47,-114.21
55.350,True,101.66,-112.20
55.456,True,102.20,-110.72
55.550,True,102.29,-110.66
55.647,True,80.81,-99.80
55.747,True,54.66,-77.61
55.853,True,50.28,-75.42
55.950,True,84.29,-91.70
56.046,True,97.47,-103.48
56.151,True,100.38,-106.33
56.246,True,101.46,-108.32
56.355,True,100.32,-108.83
56.450,True,99.02,-108.83
56.549,True,101.40,-111.50
56.656,True,101.52,-111.92
56.755,True,101.91,-113.32
56.854,True,101.37,-114.81
56.954,True,101.89,-118.97
57.046,True,103.14,-118.66
57.147,True,105.77,-119.88
57.255,True,104.18,-121.12
57.345,True,103.10,-123.30
57.454,True,103.35,-124.00
57.551,True,104.14,-125.06
57.649,True,104.76,-123.93
57.754,True,105.80,-125.64
57.851,True,104.87,-128.98
57.948,False,-1092.63,8808.69
58.045,True,104.89,-224.80
58.154,True,101.92,-144.40
58.249,True,98.20,-131.78
58.345,True,96.39,-125.38
58.448,True,98.71,-127.59
58.546,True,101.06,-130.17
58.657,True,99.99,-127.75
58.756,True,98.51,-124.52
58.844,True,96.32,-122.70
58.945,True,104.29,-121.45
59.051,True,110.90,-119.17
59.148,True,114.91,-116.50
59.245,True,111.76,-115.82
59.352,True,105.81,-116.48
59.450,True,101.10,-117.40
59.550,True,100.47,-117.54
59.651,True,102.20,-119.56
59.751,True,103.18,-121.24
59.854,True,102.72,-122.03
59.950,True,102.16,-122.16
60.048,True,102.20,-124.17
60.153,True,103.53,-124.03
60.253,True,105.01,-122.96
60.351,True,106.27,-123.52
60.453,True,107.26,-125.57
60.549,True,106.61,-124.96
60.657,True,106.81,-125.80
60.751,True,-1075.92,8623.75
60.846,True,109.73,-154.35
60.954,True,117.88,-150.57
61.050,True,121.24,-124.55
61.146,True,114.17,-122.04
61.254,True,101.27,-125.78
61.351,True,98.60,-124.30
61.452,True,100.52,-133.86
61.553,True,95.96,-130.37
61.648,True,94.47,-128.61
61.745,True,95.00,-125.34
61.845,True,96.95,-128.39
61.953,True,100.81,-134.26
62.051,False,-1071.18,8575.44
62.145,False,-1061.89,8577.82
62.252,True,100.34,-178.14
62.345,True,101.82,-144.49
62.455,True,101.46,-134.81
62.548,True,102.06,-135.75
62.654,False,-1069.31,8733.42
62.749,False,-1071.03,8784.38
62.846,True,129.50,-182.93
62.954,True,136.69,-130.82
63.049,True,134.82,-126.74
63.150,True,134.76,-127.45
63.246,True,134.85,-131.80
63.347,True,135.02,-133.95
63.454,True,131.98,-139.97
63.552,True,120.53,-142.11
63.652,True,114.98,-139.85
63.749,True,110.37,-138.11
63.848,True,108.41,-136.08
63.956,True,105.41,-129.79
64.049,True,104.37,-129.60
64.150,True,103.52,-127.86
64.248,True,101.48,-129.81
64.348,True,101.00,-135.06
64.446,True,101.70,-134.54
64.547,True,102.23,-137.84
64.648,True,101.51,-142.91
64.745,True,100.01,-140.46
64.849,True,98.36,-137.21
64.955,True,97.13,-136.40
65.053,True,95.49,-134.90
65.152,True,93.57,-131.40
65.252,True,93.52,-128.63
65.347,True,93.09,-125.38
65.444,True,93.93,-123.68
65.553,False,-1092.64,8729.87
65.651,True,93.59,-237.70
65.756,True,94.88,-140.96
65.849,True,92.79,-134.58
65.945,True,92.34,-135.58
66.054,True,94.98,-137.48
66.149,True,113.29,-129.19
66.245,True,117.83,-125.54
66.352,True,112.30,-126.01
66.448,True,108.77,-127.01
66.544,True,99.38,-134.56
66.652,True,67.88,-156.06
66.748,True,82.98,-149.57
66.847,True,97.74,-142.36
66.950,True,102.69,-141.34
67.050,True,104.62,-142.82
67.147,True,105.33,-141.28
67.255,True,105.77,-140.98
67.347,True,106.32,-139.87
67.445,True,-1031.66,8382.65
67.555,True,107.52,-168.27
67.648,True,-1029.60,8417.73
67.754,True,-1024.95,8418.16
67.845,True,92.57,-284.35
67.952,True,87.23,-174.97
68.046,True,87.06,-144.78
68.145,True,86.44,-138.24
68.245,True,96.37,-138.01
68.353,True,97.85,-140.20
68.451,True,101.62,-148.60
68.555,True,108.33,-150.82
68.650,True,109.04,-150.12
68.747,True,106.79,-146.00
68.845,True,103.38,-139.52
68.953,False,-1051.59,8598.86
69.051,False,-1059.98,8605.59
69.144,True,102.26,-230.05
69.251,True,102.22,-128.54
69.347,True,99.21,-118.40
69.455,True,96.63,-107.85
69.551,True,99.41,-119.62
69.656,True,104.80,-135.54
69.756,True,104.07,-139.26
69.853,True,104.46,-138.78
69.951,True,105.92,-138.42
70.046,True,106.20,-137.70
70.154,True,106.96,-135.23
70.254,True,105.46,-132.04
70.349,True,103.96,-129.64
70.456,True,104.88,-133.90
70.554,True,106.03,-135.79
70.655,True,105.86,-138.23
70.747,True,105.00,-140.06
70.849,True,104.95,-141.09
70.948,True,104.99,-142.40
71.053,True,105.30,-142.82
71.145,True,105.61,-142.54
71.245,True,105.23,-141.44
71.355,True,106.59,-144.53
71.453,True,103.01,-143.75
71.550,True,100.13,-143.36
71.653,True,100.09,-144.20
71.755,True,99.84,-144.31
71.845,True,97.31,-142.99
71.952,False,-1035.58,8372.79
72.046,True,95.91,-228.83
72.154,True,99.76,-153.90
72.247,True,97.84,-132.88
72.345,True,97.70,-135.62
72.455,True,98.73,-138.50
72.552,True,98.54,-139.94
72.650,True,98.42,-140.38
72.750,True,99.28,-142.07
72.848,True,101.40,-146.88
72.955,True,101.75,-148.26
73.051,True,102.83,-147.48
73.149,True,105.12,-147.19
73.248,True,105.62,-145.85
73.353,True,105.15,-143.77
73.451,True,102.32,-140.72
73.549,True,101.52,-141.44
73.648,True,100.95,-141.33
73.747,True,100.75,-143.65
73.851,True,97.82,-143.70
73.955,True,94.86,-142.40
74.056,True,95.37,-142.41
74.150,True,97.23,-141.49
74.249,True,102.92,-137.93
74.354,True,-979.48,7994.80
74.449,True,103.02,-277.64
74.546,True,106.96,-156.45
74.656,True,105.32,-142.43
74.753,True,101.07,-136.15
74.853,True,97.26,-136.73
74.949,True,95.59,-135.81
75.049,True,95.15,-134.74
75.148,True,95.03,-133.99
75.246,True,95.75,-129.01
75.348,True,95.99,-127.85
75.458,True,96.17,-127.01
75.555,True,97.72,-125.94
75.655,True,100.04,-125.49
75.749,True,100.23,-125.52
75.850,True,99.04,-126.14
75.956,True,64.94,-136.47
76.052,True,48.52,-145.50
76.156,True,77.20,-142.04
76.252,True,100.45,-133.94
76.345,True,104.96,-129.44
76.448,True,105.88,-128.37
76.549,False,-1002.18,8115.81
76.653,False,-999.74,8114.16
76.752,True,100.71,-203.43
76.845,True,101.79,-154.17
76.954,True,100.92,-143.37
77.050,True,98.99,-141.48
77.152,True,98.72,-144.38
77.247,True,98.08,-144.66
77.345,True,97.45,-146.48
77.445,True,98.52,-147.79
77.553,True,99.56,-147.78
77.652,True,97.83,-147.74
77.750,True,93.95,-146.64
77.846,True,93.40,-145.58
77.955,True,-1015.17,8394.45
78.050,True,-1021.09,8400.05
78.145,True,-1016.49,8403.99
78.244,True,-1015.22,8415.66
78.352,True,-1012.30,8400.86
78.448,True,-1007.25,8383.17
78.554,True,-994.84,8290.70
78.651,True,-991.84,8266.60
78.747,True,-992.23,8254.06
78.850,True,-982.10,8212.59
78.955,True,-978.50,8185.89
79.048,True,-986.65,8183.69
79.144,True,29.07,34.74
79.251,True,56.12,-137.46
79.348,True,55.45,-137.21
79.447,True,62.04,-132.17
79.550,True,55.99,-144.17
79.647,True,53.01,-153.75
79.747,True,55.40,-152.77
79.852,True,88.71,-131.54
79.947,True,97.59,-125.22
80.056,True,114.48,-114.33
80.145,True,120.58,-109.29
80.245,False,-997.42,8199.36
80.352,True,96.11,-169.29
80.445,True,96.22,-166.35
80.554,True,94.77,-139.29
80.650,True,86.59,-135.66
80.745,True,82.89,-128.16
80.845,True,92.70,-109.20
80.948,True,96.09,-104.74
81.044,True,97.61,-101.84
81.148,True,97.21,-102.76
81.245,True,93.46,-110.98
81.349,True,94.95,-123.44
81.456,True,95.92,-125.98
81.552,True,96.07,-126.55
81.648,True,96.20,-126.92
81.754,True,95.73,-128.67
81.850,True,95.11,-131.10
81.955,True,70.09,-132.43
82.050,True,24.05,-133.64
82.148,True,20.42,-135.05
82.253,True,17.91,-135.04
82.348,True,16.92,-135.42
82.447,True,98.90,-134.99
82.545,True,-1046.12,8445.17
82.653,True,114.85,-231.00
82.748,True,119.18,-154.59
82.845,True,115.84,-137.47
82.952,True,110.98,-123.60
83.052,True,109.22,-122.08
83.150,True,107.22,-122.30
83.245,True,106.13,-128.60
83.353,True,106.65,-138.11
83.450,True,112.36,-146.00
83.549,True,103.95,-137.16
83.646,True,99.67,-131.01
83.744,True,99.41,-129.38
83.850,True,97.60,-128.63
83.949,True,95.73,-127.10
84.046,True,95.57,-124.66
84.155,True,95.83,-122.14
84.250,True,96.31,-120.62
84.351,True,95.67,-116.57
84.450,True,95.64,-117.35
84.544,True,97.00,-123.77
84.652,True,97.39,-131.29
84.749,True,95.62,-126.59
84.849,True,95.69,-123.02
84.947,True,95.29,-119.83
85.053,True,97.20,-116.76
85.150,True,115.21,-117.61
85.250,True,121.04,-124.96
85.348,True,121.58,-245.61
85.447,True,102.53,-265.20
85.549,True,94.10,-169.25
85.644,True,89.82,-162.35
85.744,True,90.24,-157.09
85.851,True,91.97,-152.39
85.950,True,90.03,-152.85
86.052,True,87.19,-154.74
86.158,True,87.66,-152.80
86.253,True,84.15,-149.69
86.350,True,81.19,-147.96
86.447,True,81.42,-142.02
86.554,True,79.64,-135.65
86.649,True,97.44,-137.00
86.755,True,106.76,-136.16
86.847,True,96.34,-138.07
86.946,True,89.09,-139.05
87.051,False,-987.89,7428.09
87.147,True,106.05,-252.09
87.246,True,134.24,-159.53
87.352,True,132.81,-135.36
87.447,True,110.04,-140.22
87.544,True,105.33,-148.42
87.650,True,100.27,-154.20
87.756,True,97.50,-143.89
87.852,True,96.30,-140.62
87.953,True,-57.42,-235.66
88.054,True,-65.23,-250.72
88.155,True,-77.04,-249.42
88.252,False,-1034.79,7442.84
88.351,False,-1029.74,7386.17
88.448,True,144.95,-180.07
88.547,True,132.51,-134.77
88.647,True,121.22,-135.05
88.747,True,121.59,-136.27
88.847,True,99.46,-133.60
88.956,True,91.94,-129.56
89.050,True,91.80,-128.96
89.154,True,91.53,-128.52
89.252,True,100.78,-135.62
89.346,True,114.38,-140.72
89.453,True,117.38,-145.30
89.549,True,115.21,-146.37
89.645,True,111.82,-146.63
89.757,True,97.65,-141.68
89.855,True,68.64,-119.50
89.949,True,65.07,-112.41
90.047,True,65.23,-118.46
90.146,True,66.63,-124.16
90.246,True,70.39,-124.84
90.346,True,69.65,-126.60
90.455,True,-20.49,-177.20
90.553,True,-26.15,-180.23
90.650,True,66.66,-161.45
90.745,True,95.18,-144.57
90.853,True,96.28,-140.16
90.952,True,96.28,-139.75
91.050,True,95.94,-139.18
91.156,True,96.24,-137.94
91.246,True,97.88,-136.77
91.345,True,98.25,-136.63
91.456,True,95.09,-136.40
91.552,True,95.04,-135.90
91.649,True,95.80,-135.63
91.752,False,-1005.89,7337.07
91.848,True,98.18,-209.19
91.957,True,115.04,-168.10
92.052,True,115.57,-150.51
92.147,True,112.32,-149.00
92.247,True,86.88,-132.69
92.350,True,67.45,-86.17
92.449,True,59.24,-78.42
92.549,True,59.70,-82.33
92.654,True,63.38,-78.86
92.749,True,83.83,-99.75
92.846,True,105.88,-115.39
92.945,True,110.22,-118.04
93.054,True,108.68,-119.15
93.150,True,109.46,-122.95
93.254,True,109.46,-124.60
93.350,True,288.22,-145.72
93.447,True,293.79,-147.46
93.545,True,72.08,-123.67
93.649,True,72.13,-117.99
93.748,True,72.29,-113.21
93.855,False,-1059.02,7532.55
93.952,True,102.47,-194.06
94.051,True,104.56,-146.86
94.153,True,102.86,-141.36
94.246,True,100.36,-129.46
94.345,True,98.85,-124.76
94.451,True,97.35,-125.79
94.550,True,95.97,-127.55
94.644,True,98.00,-137.75
94.752,True,98.87,-141.12
94.847,True,99.32,-139.84
94.944,True,98.01,-138.93
95.048,True,95.34,-137.28
95.149,True,94.64,-136.10
95.247,True,95.64,-135.41
95.358,True,95.19,-135.40
95.452,True,93.47,-135.10
95.547,True,93.07,-134.10
95.655,True,94.09,-133.23
95.752,True,94.90,-133.25
95.848,True,95.65,-133.87
95.952,True,-1045.70,7629.26
96.048,True,92.18,-195.02
96.144,True,92.27,-180.78
96.245,True,93.62,-131.39
96.352,True,95.04,-125.99
96.453,True,97.99,-124.90
96.554,True,96.72,-127.67
96.647,True,95.75,-121.72
96.746,True,97.28,-123.38
96.854,True,99.20,-129.72
96.950,True,100.32,-133.41
97.052,True,103.33,-135.75
97.147,True,104.29,-135.72
97.255,True,104.29,-133.55
97.352,True,105.45,-134.09
97.448,True,106.28,-137.07
97.554,True,105.81,-138.16
97.644,True,106.04,-137.63
97.744,True,107.64,-136.77
97.855,True,107.35,-130.80
97.949,True,108.59,-139.76
98.044,False,-1060.27,7531.82
98.150,True,132.35,-177.24
98.250,True,144.20,-150.40
98.344,True,143.50,-142.24
98.444,True,141.65,-140.59
98.549,True,127.63,-141.51
98.647,True,110.33,-139.94
98.753,True,106.72,-139.14
98.844,True,103.87,-139.37
98.949,True,102.42,-137.59
99.049,True,103.60,-135.50
99.149,True,104.28,-134.91
99.253,True,104.11,-131.50
99.346,True,103.33,-126.35
99.444,True,103.19,-123.88
99.547,True,102.14,-123.02
99.648,True,98.58,-122.04
99.754,True,97.61,-121.84
99.849,True,98.19,-122.36
99.946,True,97.28,-123.18
100.053,True,96.69,-125.14
100.149,False,-1083.46,7698.35
100.247,True,103.59,-177.06
100.344,True,137.35,-162.90
100.448,True,137.65,-131.31
100.545,True,111.79,-133.00
100.650,True,100.61,-132.62
100.750,True,97.05,-133.37
100.855,True,98.71,-136.06
100.951,True,103.78,-139.93
101.049,True,105.32,-142.16
101.148,True,105.01,-139.64
101.249,True,104.71,-134.43
101.350,True,104.52,-131.43
101.445,True,104.75,-131.95
101.555,True,106.09,-130.89
101.653,True,105.84,-131.25
101.751,True,104.66,-132.76
101.855,True,104.70,-133.24
101.949,True,104.49,-133.31
102.050,True,103.88,-133.43
102.155,True,103.05,-133.67
102.255,True,102.96,-133.10
102.352,True,103.01,-134.43
102.445,True,103.02,-134.51
102.553,True,103.72,-135.39
102.649,True,104.00,-134.69
102.748,True,101.81,-134.11
102.853,True,98.50,-132.89
102.951,True,98.06,-131.80
103.045,True,102.82,-129.44
103.152,True,106.49,-128.59
103.247,True,105.91,-128.72
103.345,True,104.52,-126.57
103.455,True,104.47,-126.30
103.547,True,105.15,-125.84
103.644,True,106.60,-123.42
103.753,True,107.92,-122.25
103.846,True,109.16,-121.71
103.953,True,108.84,-121.99
104.055,True,109.30,-122.07
104.151,True,110.92,-150.30
104.249,False,-1056.66,7425.20
104.352,True,76.85,-189.13
104.448,True,94.44,-161.93
104.544,True,104.68,-117.36
104.650,True,107.41,-122.99
104.749,True,106.86,-126.71
104.849,True,104.95,-127.96
104.948,True,102.29,-129.02
105.047,True,100.67,-129.36
105.156,True,100.89,-128.66
105.244,True,100.94,-128.22
105.356,True,101.16,-128.88
105.445,True,100.31,-130.01
105.555,True,100.41,-128.19
105.651,True,100.73,-126.72
105.749,True,100.30,-126.12
105.849,True,100.83,-127.21
105.948,True,102.75,-129.89
106.046,True,103.09,-130.85
106.150,True,101.64,-129.14
106.247,True,99.92,-127.85
106.346,True,98.01,-127.82
106.457,True,98.13,-129.78
106.551,True,98.03,-132.38
106.647,False,-1070.59,7569.81
106.756,False,-1060.97,7510.48
106.852,True,133.59,-122.21
106.947,True,153.62,-188.73
107.054,True,151.35,-97.87
107.147,True,106.49,-112.40
107.244,True,97.76,-118.09
107.350,True,-26.63,-212.25
107.452,True,-31.61,-214.86
107.545,True,-4.45,-210.49
107.654,True,100.75,-136.75
107.751,True,102.00,-133.57
107.857,True,101.62,-131.25
107.950,True,101.27,-130.80
108.055,True,96.55,-129.17
108.151,True,102.73,-131.54
108.253,True,117.46,-136.62
108.353,True,117.12,-135.21
108.449,True,115.89,-124.84
108.549,True,114.54,-129.04
108.645,True,114.27,-126.71
108.744,True,112.10,-125.85
108.855,True,110.09,-125.21
108.950,True,109.51,-122.92
109.054,True,108.80,-129.94
109.152,True,-1065.62,7532.59
109.253,True,81.37,-194.36
109.353,True,93.52,-143.19
109.449,True,97.92,-126.63
109.548,True,96.40,-118.05
109.647,True,108.95,-119.11
109.750,True,-1049.38,7427.20
109.855,True,122.43,-210.28
109.949,True,110.08,-187.97
110.047,True,104.35,-133.51
110.153,True,96.89,-131.41
110.253,True,93.47,-132.19
110.354,True,94.08,-132.23
110.450,True,94.54,-130.97
110.544,True,92.94,-129.09
110.652,True,93.80,-129.57
110.750,True,97.37,-129.30
110.852,True,99.81,-129.07
110.954,True,99.37,-128.63
111.054,True,97.58,-123.38
111.154,True,95.84,-118.84
111.251,True,93.35,-116.92
111.344,True,93.51,-121.09
111.453,False,-1064.00,7452.15
111.550,True,115.15,-149.69
111.644,True,119.21,-123.28
111.751,True,117.19,-121.13
111.853,True,117.47,-121.36
111.952,True,115.59,-121.30
112.048,True,94.25,-121.46
112.144,True,86.07,-120.61
112.253,True,84.61,-120.59
112.355,True,84.19,-122.95
112.447,True,98.77,-126.20
112.553,True,155.80,-126.64
112.651,True,161.55,-123.86
112.744,True,161.13,-124.27
112.851,True,159.21,-127.67
112.945,True,159.84,-128.70
113.053,True,124.96,-128.61
113.148,True,116.61,-134.32
113.252,True,-1046.45,7456.57
113.349,True,-1044.94,7446.95
113.448,True,-1045.73,7437.00
113.545,True,-1054.06,7424.39
113.652,True,-1059.06,7434.80
113.753,True,-1050.24,7438.33
113.849,True,-1045.88,7435.72
113.956,True,-1048.38,7456.64
114.053,True,225.62,59.13
114.148,True,165.28,-173.60
114.244,True,146.64,-167.14
114.351,True,144.28,-160.41
114.448,True,143.30,-157.78
114.552,True,140.90,-159.89
114.648,True,130.27,-153.18
114.747,True,104.66,-119.41
114.854,True,101.32,-113.75
114.947,False,-1060.17,7511.09
115.057,False,-1059.55,7526.76
115.151,True,100.59,-164.93
115.246,True,107.75,-140.76
115.353,True,109.17,-137.62
115.447,True,109.17,-133.11
115.552,True,107.57,-124.54
115.649,True,106.47,-124.99
115.748,True,105.32,-124.99
115.845,True,104.83,-123.99
115.944,True,104.89,-124.18
116.044,True,103.87,-125.57
116.147,True,101.03,-126.92
116.253,True,101.62,-129.96
116.344,True,104.26,-135.80
116.451,True,105.67,-138.59
116.548,True,105.33,-137.58
116.652,True,104.65,-136.85
116.748,True,104.11,-137.57
116.853,True,104.10,-138.05
116.952,True,103.57,-137.58
117.045,True,101.37,-137.25
117.150,True,95.36,-137.82
117.246,True,92.36,-138.14
117.353,True,92.40,-137.53
117.444,True,95.19,-137.77
117.552,True,106.84,-139.92
117.648,True,107.32,-139.37
117.747,True,108.12,-140.34
117.847,True,109.17,-142.92
117.952,True,109.20,-143.62
118.047,True,110.13,-144.54
118.146,True,110.89,-146.47
118.250,True,108.04,-142.91
118.348,True,106.99,-135.41
118.445,True,106.35,-128.18
118.549,False,-1078.74,7540.62
118.646,True,95.37,-149.33
118.748,True,132.04,-157.28
118.850,True,141.20,-110.85
118.945,True,122.56,-115.88
119.052,True,112.28,-120.65
119.147,True,110.56,-123.71
119.257,True,109.34,-126.10
119.351,True,198.72,-138.18
119.452,True,200.95,-147.18
119.548,True,91.15,-109.85
119.646,True,85.89,-99.38
119.748,True,82.39,-95.28
119.844,True,79.26,-93.61
119.950,True,79.62,-92.61
120.055,True,99.39,-107.79
120.151,True,106.19,-112.83
120.250,True,98.75,-119.27
120.355,True,83.72,-124.63
120.458,True,80.56,-126.66
120.548,True,80.64,-127.62
120.644,True,80.32,-129.81
120.755,True,80.02,-130.89
120.848,True,79.66,-131.03
120.944,True,79.43,-131.94
121.053,True,79.91,-132.82
121.149,True,79.10,-133.16
121.246,True,79.19,-131.93
121.349,True,79.81,-130.81
121.454,True,79.81,-131.81
121.550,False,-1087.35,7421.46
121.648,True,95.62,-207.62
121.751,True,98.77,-158.83
121.849,True,98.47,-159.17
121.948,True,97.94,-151.51
122.045,True,100.04,-132.23
122.155,True,102.20,-126.10
122.253,True,105.39,-126.39
122.356,True,101.32,-126.28
122.444,True,97.75,-124.53
122.544,True,95.96,-124.49
122.648,True,94.50,-125.05
122.750,True,93.69,-125.94
122.845,True,94.78,-129.32
122.945,True,95.53,-132.60
123.052,True,96.53,-135.25
123.156,True,96.47,-134.91
123.252,True,96.93,-136.09
123.351,True,97.43,-138.21
123.445,True,96.93,-139.44
123.549,True,97.35,-137.68
123.651,True,96.24,-136.65
123.749,True,92.62,-137.33
123.855,True,90.91,-190.10
123.952,True,94.88,-195.64
124.047,True,98.98,-145.73
124.153,True,101.03,-141.16
124.247,True,107.21,-137.78
124.344,True,110.55,-139.09
124.446,True,112.23,-140.46
124.553,True,110.27,-139.88
124.648,True,107.34,-139.12
124.747,True,106.50,-147.92
124.854,False,-1087.82,7349.75
124.951,True,62.67,-156.26
125.044,True,54.50,-177.42
125.154,True,52.88,-162.89
125.248,True,62.04,-156.38
125.355,True,92.92,-134.66
125.447,True,95.19,-134.71
125.555,True,98.88,-134.05
125.648,True,102.66,-133.95
125.744,True,104.84,-134.58
125.851,True,104.47,-135.08
125.944,True,101.76,-133.94
126.057,True,100.77,-131.42
126.145,True,101.60,-129.87
126.256,False,-1048.42,7190.91
126.352,True,106.35,-178.26
126.452,True,114.14,-168.97
126.551,True,113.19,-132.39
126.649,True,110.28,-126.20
126.748,True,110.03,-125.52
126.846,True,109.86,-127.08
126.952,True,107.64,-129.00
127.053,True,106.34,-129.37
127.148,True,106.28,-129.76
127.249,True,105.60,-128.96
127.349,True,105.33,-128.10
127.449,True,104.84,-128.30
127.548,True,104.88,-127.30
127.647,True,105.31,-130.31
127.746,True,103.95,-132.09
127.854,True,72.11,-136.79
127.950,True,59.02,-138.96
128.050,True,62.22,-137.60
128.147,True,84.85,-133.64
128.252,True,90.72,-129.16
128.346,True,12.13,-201.21
128.451,True,-10.31,-230.91
128.548,True,85.21,-155.09
128.646,True,104.36,-129.65
128.756,True,105.68,-129.75
128.852,True,105.51,-129.58
128.945,False,-1057.77,7164.63
129.054,True,99.65,-205.54
129.151,True,99.13,-228.33
129.244,True,106.43,-179.37
129.355,True,100.86,-174.48
129.448,True,85.54,-172.71
129.544,True,84.83,-168.25
129.650,True,88.75,-158.15
129.754,True,98.82,-149.09
129.849,True,104.73,-149.09
129.951,True,103.74,-144.20
130.048,True,103.67,-136.75
130.147,True,102.68,-136.59
130.244,True,98.93,-137.05
130.345,True,96.53,-135.48
130.445,True,97.60,-130.26
130.556,True,99.73,-139.79
130.652,True,-1056.97,7145.11
130.755,True,98.99,-225.02
130.844,True,99.52,-164.73
130.954,True,94.20,-153.47
131.048,True,92.00,-149.49
131.147,True,91.01,-149.83
131.255,True,89.14,-153.63
131.355,True,86.29,-157.84
131.451,True,86.49,-154.60
131.547,True,86.30,-150.45
131.653,True,86.32,-146.08
131.752,True,86.88,-144.00
131.846,True,87.34,-142.82
131.954,True,87.85,-140.96
132.048,True,88.71,-138.66
132.144,True,89.71,-139.78
132.254,True,90.53,-144.52
132.351,False,-1043.63,7103.82
132.448,True,114.55,-198.13
132.556,True,118.86,-140.71
132.650,True,117.68,-136.55
132.753,True,114.82,-133.84
132.849,True,112.67,-133.43
132.944,True,111.75,-133.08
133.051,True,112.30,-133.82
133.145,True,112.68,-136.15
133.245,True,111.30,-138.96
133.351,True,111.39,-140.88
133.450,True,111.21,-143.15
133.553,True,110.93,-144.08
133.652,True,111.04,-143.97
133.756,True,109.62,-144.20
133.847,True,108.76,-142.95
133.948,True,109.18,-142.83
134.046,True,108.72,-142.32
134.149,True,108.78,-144.03
134.247,True,109.69,-145.94
134.345,True,108.48,-144.85
134.446,True,105.30,-141.78
134.545,True,104.71,-139.50
134.646,True,105.15,-137.06
134.745,False,-1066.13,7269.76
134.852,True,109.04,-180.88
134.947,True,109.21,-174.82
135.055,True,106.39,-134.05
135.145,True,105.74,-133.65
135.244,True,111.79,-137.68
135.352,True,114.16,-140.62
135.451,True,235.94,-130.17
135.556,True,247.26,-121.83
135.652,True,168.37,-125.14
135.747,True,162.68,-124.97
135.845,True,159.91,-125.22
135.948,True,155.60,-126.37
136.047,False,-1042.21,7134.43
136.153,True,123.10,-207.25
136.252,True,117.14,-203.29
136.348,True,116.38,-150.78
136.446,True,111.28,-148.60
136.544,True,108.87,-143.71
136.652,True,108.61,-143.76
136.755,True,109.54,-144.83
136.849,True,110.07,-145.08
136.955,True,111.08,-143.20
137.045,True,110.88,-141.82
137.151,True,110.23,-140.20
137.246,True,108.16,-141.51
137.355,True,-1037.96,7044.31
137.450,True,-1055.28,7078.52
137.547,True,109.61,-197.77
137.653,True,116.33,-148.14
137.751,True,122.56,-122.85
137.847,True,125.53,-121.37
137.955,True,125.57,-120.64
138.055,True,123.88,-121.25
138.151,True,124.41,-124.97
138.248,True,125.07,-127.27
138.352,True,126.45,-128.44
138.451,True,126.96,-126.41
138.544,True,102.62,-130.85
138.650,False,-1033.03,6956.92
138.755,True,97.31,-210.86
138.855,True,106.15,-146.42
138.955,True,108.73,-132.20
139.052,True,109.67,-134.02
139.149,True,109.45,-134.33
139.245,True,110.04,-133.60
139.350,True,110.34,-133.64
139.451,True,107.76,-134.10
139.551,True,107.42,-133.17
139.645,True,106.92,-132.71
139.745,True,105.08,-130.12
139.855,True,102.19,-135.71
139.955,True,101.77,-136.57
140.049,True,102.60,-135.46
140.145,True,101.39,-136.36
140.255,True,98.65,-136.45
140.350,True,97.22,-136.72
140.459,True,95.48,-139.80
140.546,True,95.43,-141.22
140.648,True,95.29,-141.51
140.746,True,94.40,-143.10
140.853,False,-1025.21,6916.13
140.953,True,89.86,-264.46
141.048,True,94.04,-212.72
141.155,True,101.50,-159.04
141.254,True,102.02,-154.53
141.348,True,101.62,-152.27
141.448,True,102.93,-151.62
141.547,True,102.33,-148.43
141.647,True,101.20,-147.19
141.746,True,101.00,-147.40
141.855,True,103.98,-143.42
141.950,True,105.75,-138.52
142.046,True,111.49,-175.77
142.149,True,117.44,-231.25
142.248,True,128.16,-166.89
142.353,True,129.41,-128.84
142.449,True,129.28,-112.79
142.553,True,119.35,-129.93
142.649,True,116.16,-137.37
142.750,True,113.27,-133.18
142.847,True,106.15,-129.26
142.958,True,101.98,-125.98
143.054,True,101.42,-124.63
143.155,True,51.50,-139.35
143.249,True,28.35,-146.89
143.348,True,85.50,-143.55
143.456,True,107.84,-137.24
143.554,True,109.57,-138.31
143.653,True,108.98,-138.83
143.755,True,109.06,-161.79
143.850,True,109.23,-198.49
143.949,True,98.94,-222.56
144.054,True,98.88,-129.21
144.149,True,99.53,-119.44
144.244,True,99.27,-118.31
144.352,True,96.87,-117.28
144.447,True,98.54,-126.11
144.555,True,100.85,-137.07
144.651,True,105.38,-143.50
144.749,True,107.79,-143.81
144.844,True,109.78,-143.23
144.952,True,108.12,-142.85
145.048,False,-1012.15,6784.34
145.146,False,-1021.99,6791.60
145.253,True,35.24,-216.87
145.349,True,39.34,-206.43
145.446,True,35.54,-197.10
145.554,True,67.11,-150.73
145.652,True,85.53,-131.19
145.748,True,87.62,-127.43
145.856,True,88.54,-126.07
145.951,False,-1034.74,6879.37
146.046,False,-1036.59,6896.17
146.145,False,-1038.99,6909.23
146.253,True,110.51,-135.16
146.351,True,120.36,-108.62
146.446,True,117.98,-97.87
146.545,True,129.44,-105.65
146.644,True,79.37,-139.20
146.749,True,54.17,-151.78
146.844,True,60.86,-162.26
146.953,True,80.77,-152.96
147.047,True,86.05,-140.81
147.154,True,92.35,-136.47
147.253,True,100.19,-137.23
147.355,True,101.06,-142.43
147.455,True,100.84,-144.25
147.548,True,100.95,-140.47
147.646,True,100.25,-140.53
147.751,True,97.84,-141.14
147.852,True,97.75,-146.65
147.948,True,100.11,-152.03
148.048,True,100.42,-157.71
148.154,True,102.70,-156.61
148.250,True,103.41,-150.92
148.352,False,-1057.23,6945.30
148.447,True,89.51,-257.97
148.552,True,40.51,-254.60
148.648,True,45.44,-220.90
148.745,True,45.20,-226.04
148.855,True,42.60,-224.76
148.945,True,97.42,-181.27
149.054,True,140.31,-116.21
149.150,True,132.98,-113.14
149.246,True,125.83,-112.67
149.350,True,106.08,-118.87
149.446,True,100.61,-121.18
149.550,True,100.36,-129.39
149.645,True,103.85,-131.83
149.753,True,107.45,-138.60
149.849,True,111.05,-212.55
149.944,True,99.76,-204.83
150.050,True,90.71,-149.31
150.146,True,86.98,-141.89
150.244,True,86.07,-137.93
150.349,True,85.34,-134.62
150.453,True,84.52,-135.20
150.547,True,84.96,-135.99
150.654,True,93.14,-134.02
150.748,True,108.20,-136.30
150.854,True,-1064.74,7061.07
150.948,True,114.44,-218.71
151.054,True,112.53,-195.45
151.146,True,109.28,-159.03
151.251,True,100.40,-152.05
151.352,True,100.03,-150.13
151.451,True,97.98,-150.46
151.555,True,95.51,-153.32
151.655,True,92.13,-155.82
151.753,True,93.34,-155.38
151.849,True,95.32,-153.26
151.951,True,95.20,-149.83
152.046,False,-1095.89,7126.25
152.144,False,-1109.96,7169.75
152.251,True,132.49,-101.68
152.348,True,129.46,-83.81
152.451,True,112.85,-101.43
152.552,True,109.64,-113.68
152.654,True,106.92,-115.42
152.751,True,105.88,-114.52
152.845,True,104.05,-115.85
152.952,True,102.48,-125.42
153.045,True,102.02,-128.48
153.156,False,-1093.66,7086.17
153.251,True,103.11,-225.21
153.345,True,110.15,-158.13
153.446,True,108.78,-135.75
153.552,True,106.63,-131.89
153.647,True,108.07,-127.48
153.747,True,108.19,-126.19
153.856,True,107.35,-129.99
153.946,True,108.01,-133.00
154.055,True,107.32,-133.33
154.151,True,106.87,-134.02
154.247,True,107.81,-134.96
154.355,True,108.89,-135.47
154.449,True,107.83,-133.70
154.546,True,105.41,-131.05
154.647,True,103.78,-131.36
154.746,True,102.65,-137.86
154.853,False,-1067.10,7000.60
154.944,False,-1074.77,7018.43
155.050,True,112.97,-167.90
155.157,True,117.36,-122.56
155.254,True,116.06,-118.04
155.349,True,121.60,-114.44
155.452,True,240.55,-124.46
155.547,True,134.09,-140.50
155.646,True,99.57,-146.90
155.745,True,97.81,-144.46
155.858,True,94.79,-141.53
155.955,True,92.29,-138.06
156.052,True,101.84,-135.73
156.147,True,105.70,-136.20
156.248,True,104.75,-131.54
156.349,True,105.53,-133.38
156.451,True,108.82,-132.98
156.545,True,110.20,-133.57
156.646,True,109.69,-134.51
156.753,True,111.63,-134.05
156.849,True,112.06,-133.39
156.946,True,112.54,-133.23
157.055,True,111.41,-131.78
157.151,True,110.40,-128.89
157.255,True,110.59,-127.99
157.351,True,109.75,-128.83
157.446,True,108.75,-132.60
157.549,True,-1073.67,7017.01
157.648,True,95.88,-184.63
157.754,True,99.62,-113.47
157.848,True,98.99,-100.25
157.946,True,101.19,-103.50
158.055,True,110.21,-114.06
158.150,True,112.76,-115.71
158.259,True,112.31,-124.39
158.355,True,110.83,-133.76
158.449,True,109.27,-136.74
158.544,True,108.49,-139.47
158.651,True,108.33,-140.78
158.747,True,106.57,-137.66
158.855,True,107.15,-133.88
158.948,True,365.43,-136.89
159.045,True,371.54,-136.18
159.152,True,376.19,-131.55
159.254,True,107.43,-113.02
159.354,True,93.84,-112.28
159.448,True,94.70,-110.92
159.544,True,96.51,-109.93
159.653,False,-1068.01,6916.38
159.754,True,97.91,-170.36
159.849,True,93.14,-137.07
159.949,True,87.92,-123.88
160.054,True,82.74,-125.72
160.154,True,81.73,-133.42
160.252,True,79.50,-136.14
160.351,True,80.99,-133.92
160.449,True,80.66,-132.05
160.553,True,77.93,-130.20
160.647,True,76.75,-127.74
160.752,True,74.11,-126.70
160.851,True,73.14,-125.17
160.952,True,79.12,-121.85
161.048,True,81.39,-119.02
161.153,True,81.09,-117.56
161.248,True,82.69,-118.76
161.345,True,89.12,-127.13
161.451,False,-1054.31,6914.78
161.550,True,106.37,-229.13
161.645,True,93.72,-147.52
161.756,True,78.40,-128.00
161.853,True,78.64,-131.80
161.948,True,76.41,-132.60
162.046,True,76.87,-130.82
162.153,True,77.64,-128.69
162.251,True,78.76,-129.97
162.347,True,78.73,-129.87
162.455,True,81.11,-130.57
162.547,True,82.09,-128.99
162.644,True,79.55,-125.16
162.753,True,79.52,-122.31
162.849,True,79.63,-120.37
162.946,True,76.10,-121.07
163.044,True,73.82,-121.49
163.153,True,75.65,-124.11
163.250,False,-1057.36,6888.99
163.350,True,118.04,-224.19
163.448,True,125.35,-140.38
163.547,True,97.45,-126.59
163.647,True,85.46,-121.75
163.744,True,85.79,-122.68
163.852,True,85.50,-124.20
163.949,True,1.60,-140.88
164.046,True,-6.53,-145.34
164.144,True,-9.65,-144.72
164.249,True,59.55,-141.37
164.350,True,66.90,-142.40
164.446,True,-1049.16,6815.84
164.550,True,-1045.62,6829.41
164.647,True,97.85,-190.14
164.750,True,101.67,-189.06
164.849,True,105.77,-142.43
164.951,True,106.80,-140.79
165.051,True,105.35,-139.60
165.149,True,104.22,-140.15
165.248,True,105.02,-140.64
165.345,True,104.83,-141.24
165.457,True,101.26,-138.53
165.553,True,91.99,-124.23
165.645,True,89.21,-119.99
165.745,True,93.85,-117.68
165.852,True,97.67,-116.35
165.948,False,-1060.20,6860.10
166.055,True,97.57,-168.36
166.155,True,108.60,-146.71
166.254,True,111.18,-123.53
166.349,True,110.99,-123.45
166.446,True,107.67,-125.32
166.549,True,103.67,-125.89
166.647,True,102.56,-124.06
166.744,True,102.94,-123.84
166.850,True,101.00,-122.12
166.947,True,100.57,-120.19
167.049,True,100.34,-120.90
167.145,True,102.69,-124.83
167.255,True,102.54,-126.45
167.345,True,102.69,-128.32
167.451,True,104.88,-130.73
167.555,True,105.19,-136.22
167.653,True,106.12,-136.91
167.751,True,107.12,-139.92
167.847,True,107.66,-142.06
167.948,True,109.55,-141.91
168.053,True,109.68,-141.35
168.148,False,-1036.13,6808.69
168.251,False,-1033.25,6811.51
168.346,True,76.75,-194.64
168.447,True,94.34,-163.75
168.547,True,99.94,-152.15
168.647,True,99.68,-145.80
168.746,True,98.89,-141.72
168.851,True,99.94,-142.17
168.951,True,100.19,-144.37
169.053,True,128.34,-143.84
169.154,True,285.39,-137.46
169.248,True,288.42,-130.95
169.347,True,288.42,-130.27
169.448,True,141.81,-121.85
169.546,True,136.21,-117.74
169.647,True,133.71,-117.65
169.757,True,104.75,-120.41
169.852,True,94.00,-122.25
169.945,True,90.69,-120.94
170.046,True,91.46,-122.33
170.153,True,89.85,-122.47
170.255,True,88.15,-121.59
170.347,True,88.80,-122.29
170.445,True,89.66,-125.21
170.553,True,89.41,-126.25
170.651,True,-1044.84,6856.72
170.754,True,-1050.15,6835.41
170.846,True,84.90,-204.82
170.947,True,92.14,-156.01
171.049,True,115.35,-141.04
171.156,True,120.23,-132.46
171.250,True,120.35,-131.38
171.358,True,123.74,-131.08
171.445,True,126.18,-132.41
171.551,True,126.68,-137.95
171.653,True,129.34,-141.06
171.744,True,131.35,-139.14
171.847,True,131.52,-134.32
171.954,True,132.46,-130.78
172.047,True,97.67,-128.77
172.152,True,97.59,-124.99
172.250,True,172.83,-127.16
172.348,True,172.02,-127.04
172.444,True,173.50,-126.34
172.552,True,119.89,-123.20
172.653,True,87.20,-117.18
172.754,False,-1056.71,6914.94
172.855,True,98.48,-215.24
172.950,True,98.54,-154.46
173.045,True,80.99,-134.13
173.147,True,76.58,-130.05
173.255,True,77.67,-131.60
173.351,True,79.34,-136.63
173.449,True,80.56,-142.97
173.550,True,85.43,-145.72
173.645,True,88.38,-147.93
173.744,True,89.37,-150.26
173.853,True,87.62,-151.72
173.946,True,87.74,-151.55
174.055,True,87.61,-151.98
174.146,True,87.39,-151.81
174.257,True,86.71,-152.30
174.353,True,83.93,-167.42
174.449,False,-1039.40,6798.50
174.547,True,113.27,-233.65
174.655,True,117.93,-158.00
174.745,True,108.68,-132.99
174.851,True,104.87,-129.40
174.949,True,104.74,-125.93
175.045,True,102.81,-123.99
175.154,True,103.63,-120.57
175.250,True,327.05,-147.78
175.352,True,338.71,-157.54
175.449,True,327.42,-155.94
175.549,True,115.88,-134.01
175.645,True,111.95,-128.37
175.754,True,110.05,-127.30
175.851,True,107.35,-126.15
175.949,True,106.47,-124.66
176.057,True,106.94,-123.96
176.155,True,104.14,-124.16
176.249,True,103.21,-123.78
176.347,True,104.14,-123.03
176.447,True,104.85,-122.16
176.555,True,106.64,-122.00
176.654,True,106.47,-122.57
176.746,True,104.54,-121.08
176.845,True,102.42,-120.99
176.955,True,98.89,-122.21
177.049,True,90.48,-131.25
177.145,True,-1067.15,6930.86
177.244,True,122.92,-308.29
177.351,True,126.49,-210.99
177.450,True,135.63,-169.95
177.549,True,136.61,-155.72
177.649,True,133.80,-151.09
177.746,True,132.53,-153.01
177.856,True,130.40,-151.88
177.950,True,130.67,-154.44
178.045,True,131.50,-157.02
178.153,True,135.82,-160.43
178.254,True,139.81,-157.55
178.349,True,139.06,-151.08
178.449,True,138.16,-150.59
178.555,True,138.14,-149.48
178.646,True,147.28,-145.89
178.745,True,349.57,-148.25
178.848,True,307.56,-154.12
178.946,True,83.91,-114.92
179.045,True,75.28,-125.95
179.151,False,-1053.99,6943.88
179.252,True,119.49,-223.47
179.349,True,141.94,-207.94
179.457,True,143.61,-137.46
179.553,True,138.64,-126.40
179.646,True,120.23,-124.69
179.746,True,115.25,-129.16
179.856,True,112.70,-132.57
179.957,True,111.08,-133.45
180.052,True,109.98,-130.40
180.149,True,109.50,-128.80
180.254,True,108.64,-128.14
180.355,True,107.72,-127.71
180.444,True,108.30,-128.91
180.558,True,108.74,-130.21
180.646,True,107.58,-130.56
180.747,True,107.96,-132.33
180.852,True,108.92,-137.19
180.948,False,-1049.01,6954.02
181.045,False,-1050.25,6941.96
181.145,True,65.36,-205.50
181.247,True,60.18,-158.91
181.346,True,72.95,-151.33
181.448,True,93.79,-145.37
181.553,True,101.67,-145.34
181.652,True,105.52,-147.08
181.749,True,145.16,-146.87
181.846,True,341.48,-159.00
181.955,True,347.49,-161.39
182.051,True,333.35,-160.14
182.148,True,102.90,-130.38
182.247,True,96.80,-124.44
182.345,True,97.52,-122.69
182.450,False,-1068.08,7043.50
182.546,True,112.53,-264.88
182.651,True,125.11,-196.36
182.756,True,139.52,-172.10
182.849,True,139.16,-148.84
182.957,True,134.18,-136.29
183.051,True,114.56,-131.32
183.157,True,109.35,-126.15
183.254,True,107.67,-127.44
183.346,True,106.95,-125.62
183.454,True,106.42,-127.27
183.551,True,107.41,-127.76
183.649,True,107.81,-132.54
183.748,True,-1075.13,7039.60
183.845,True,-1078.69,7042.05
183.953,True,147.92,-157.28
184.051,True,165.68,-148.99
184.146,True,156.73,-92.42
184.255,True,155.28,-84.27
184.353,True,156.12,-78.62
184.449,True,105.45,-115.45
184.545,True,87.61,-137.00
184.654,True,85.86,-139.87
184.746,True,85.43,-139.31
184.844,True,86.98,-137.88
184.951,True,89.92,-135.56
185.051,True,92.44,-135.10
185.146,False,-1083.45,7020.17
185.252,True,93.26,-169.38
185.344,True,98.92,-152.19
185.454,True,99.28,-101.96
185.552,True,100.72,-99.51
185.649,True,104.29,-100.63
185.751,True,107.44,-105.73
185.845,True,111.64,-111.64
185.957,True,116.46,-114.47
186.044,True,115.41,-150.39
186.152,False,-1112.55,7153.31
186.251,True,119.33,-220.17
186.346,True,113.22,-140.56
186.457,True,113.26,-134.51
186.551,True,112.86,-132.02
186.646,True,112.02,-130.19
186.746,True,112.02,-129.88
186.853,True,115.34,-130.46
186.947,True,97.04,-141.48
187.058,True,74.60,-146.44
187.145,True,70.88,-148.11
187.255,True,92.23,-140.83
187.352,True,-162.86,-145.29
187.451,True,-204.75,-159.50
187.549,True,-209.87,-167.94
187.652,False,-1082.40,7013.35
187.749,True,105.28,-297.94
187.848,True,111.74,-141.23
187.944,True,106.57,-112.96
188.050,True,-35.68,-192.39
188.148,True,-38.29,-194.66
188.256,True,84.20,-58.99
188.354,True,96.79,-81.08
188.445,True,104.96,-111.53
188.554,True,108.12,-142.76
188.646,True,109.64,-146.48
188.756,True,109.78,-142.51
188.851,True,107.71,-138.90
188.948,True,105.46,-134.78
189.054,True,104.79,-133.68
189.153,True,104.31,-133.49
189.249,True,102.50,-132.30
189.352,True,101.26,-130.55
189.446,True,101.17,-131.45
189.552,True,99.85,-134.38
189.646,True,99.38,-134.61
189.751,True,29.81,-145.04
189.853,True,15.67,-151.62
189.954,True,94.39,-148.54
190.049,True,102.30,-140.28
190.153,True,104.32,-139.79
190.255,True,107.83,-136.53
190.351,True,-1096.58,7174.67
190.447,True,-1087.78,7174.04
190.547,True,106.33,-198.57
190.654,True,110.12,-198.50
190.753,True,109.89,-152.47
190.849,True,110.42,-135.49
190.956,True,102.05,-132.13
191.047,True,96.15,-134.07
191.145,True,99.29,-142.68
191.254,True,110.90,-151.47
191.345,True,112.97,-151.04
191.445,True,112.36,-142.70
191.552,True,110.81,-133.68
191.650,True,102.28,-133.30
191.750,False,-1107.89,7269.84
191.845,True,94.47,-145.13
191.948,True,70.80,-176.24
192.049,True,72.44,-125.76
192.145,True,68.47,-126.28
192.254,True,66.05,-126.42
192.351,True,65.62,-128.13
192.454,True,64.62,-131.52
192.548,True,63.04,-134.20
192.654,True,62.62,-136.45
192.750,True,99.98,-128.42
192.852,True,109.57,-123.45
192.951,True,110.93,-122.24
193.047,True,112.98,-121.84
193.146,True,114.31,-120.61
193.248,True,113.66,-124.49
193.346,True,113.23,-126.42
193.456,True,112.39,-125.68
193.549,True,111.13,-124.66
193.654,True,110.70,-123.71
193.756,True,109.52,-125.86
193.846,True,108.74,-127.02
193.954,True,108.26,-126.89
194.055,True,107.55,-126.10
194.152,True,107.86,-130.42
194.253,True,108.63,-133.71
194.345,True,108.28,-135.80
194.453,True,96.17,-132.68
194.552,True,89.80,-130.64
194.649,True,88.02,-128.65
194.752,True,96.48,-126.13
194.849,False,-1116.59,7277.25
194.946,True,101.48,-234.74
195.052,True,112.17,-155.36
195.151,True,112.29,-135.77
195.246,True,110.70,-126.56
195.345,True,110.32,-126.41
195.454,True,110.47,-127.62
195.554,True,108.01,-128.06
195.654,True,105.07,-129.26
195.754,True,131.71,-131.61
195.849,True,144.07,-131.09
195.949,True,148.28,-129.22
196.056,True,124.72,-127.50
196.144,True,117.64,-127.91
196.253,True,113.49,-127.84
196.352,True,110.92,-126.89
196.446,True,111.58,-128.39
196.546,True,111.39,-131.18
196.647,True,117.71,-134.05
196.745,True,166.97,-133.17
196.851,True,158.59,-132.48
196.948,True,-1083.71,7180.05
197.055,True,-1094.42,7192.49
197.151,True,-1100.21,7200.73
197.248,True,63.18,-335.60
197.353,True,80.89,-172.36
197.448,True,83.31,-140.57
197.546,True,103.17,-143.65
197.645,True,109.69,-142.95
197.745,True,113.56,-147.63
197.856,True,117.11,-149.69
197.949,True,117.13,-146.32
198.048,True,114.19,-137.42
198.152,True,113.05,-129.71
198.254,True,113.21,-124.09
198.345,True,114.53,-122.22
198.453,True,116.83,-121.13
198.551,True,119.38,-121.35
198.653,True,191.11,-122.82
198.754,True,323.59,-129.52
198.850,True,328.47,-133.12
198.946,True,157.95,-131.74
199.048,True,147.23,-124.36
199.154,True,144.28,-119.18
199.248,True,142.82,-117.36
199.345,True,142.24,-116.61
199.448,True,92.75,-118.48
199.554,False,-1094.80,7094.33
199.649,True,94.57,-196.21
199.747,True,82.02,-132.98
199.856,True,72.74,-119.56
199.950,True,76.46,-120.51
200.045,True,84.43,-121.60
200.146,True,87.82,-122.15
200.258,True,91.60,-122.14
200.347,True,91.50,-121.26
200.453,True,90.62,-120.80
200.554,True,90.21,-120.46
200.652,True,88.34,-121.48
200.744,True,87.49,-123.01
200.854,True,88.08,-127.37
200.951,True,88.24,-128.38
201.048,True,88.92,-125.66
201.145,True,89.56,-122.82
201.256,True,72.91,-120.82
201.355,True,65.83,-118.35
201.448,True,65.26,-117.89
201.554,True,72.48,-123.72
201.652,False,-1108.43,7190.32
201.750,True,79.05,-199.20
201.844,True,94.68,-192.88
201.947,True,89.89,-121.25
202.056,True,80.04,-113.11
202.153,True,78.53,-116.79
202.251,True,78.96,-123.74
202.354,True,78.26,-127.23
202.451,True,77.71,-128.13
202.550,True,78.35,-128.87
202.647,True,78.39,-129.95
202.745,True,61.98,-133.14
202.846,True,21.38,-134.73
202.948,True,34.60,-129.15
203.055,True,61.41,-119.22
203.153,True,65.60,-119.38
203.251,True,70.85,-122.26
203.350,True,74.09,-125.13
203.448,True,72.03,-122.03
203.553,True,68.90,-116.73
203.652,True,72.08,-113.56
203.754,True,84.22,-114.97
203.855,True,86.71,-117.47
203.950,True,82.51,-125.62
204.046,True,79.60,-129.47
204.151,True,78.32,-131.79
204.251,True,77.13,-132.49
204.348,True,75.50,-132.49
204.445,True,74.24,-135.77
204.553,True,74.24,-140.32
204.655,True,74.58,-147.72
204.754,True,77.73,-150.85
204.852,True,80.53,-152.84
204.949,True,82.12,-154.30
205.048,True,82.27,-154.47
205.155,True,83.56,-153.11
205.255,True,84.87,-150.50
205.345,True,85.56,-146.98
205.444,True,85.49,-143.72
205.552,False,-1119.33,7152.94
205.652,False,-1111.38,7156.48
205.756,True,101.68,-148.74
205.853,True,92.50,-94.81
205.953,True,90.15,-86.28
206.049,True,81.06,-80.35
206.147,True,82.52,-90.65
206.249,True,83.62,-106.50
206.350,True,83.58,-112.24
206.454,True,81.77,-112.91
206.551,True,82.68,-113.89
206.652,True,82.79,-112.88
206.751,True,83.57,-111.52
206.851,True,77.52,-110.28
206.953,True,73.56,-109.95
207.051,True,72.89,-110.81
207.156,True,71.98,-112.95
207.246,True,71.07,-117.37
207.351,True,72.40,-120.65
207.458,True,77.18,-128.46
207.546,True,80.57,-134.17
207.653,False,-1110.09,7087.96
207.745,False,-1116.95,7102.01
207.853,True,47.27,-259.23
207.953,True,68.71,-225.13
208.048,True,75.23,-183.31
208.152,True,96.68,-155.18
208.247,True,101.90,-145.99
208.356,True,104.48,-143.10
208.445,True,105.85,-142.58
208.544,True,108.86,-141.75
208.650,True,111.25,-142.37
208.755,True,110.91,-142.30
208.849,True,111.25,-141.40
208.945,True,112.17,-140.86
209.050,True,111.18,-139.54
209.148,True,109.48,-136.83
209.246,True,109.00,-134.19
209.347,True,108.33,-132.84
209.456,True,107.96,-133.96
209.553,True,411.77,-166.67
209.652,True,422.71,-186.60
209.753,True,253.99,-152.17
209.858,False,-1118.64,7184.20
209.954,True,-12.04,-129.59
210.052,True,69.87,-208.96
210.147,True,77.11,-161.72
210.246,True,54.41,-144.47
210.354,True,68.95,-142.26
210.454,True,84.34,-154.12
210.548,True,90.05,-158.48
210.648,True,104.82,-152.93
210.746,True,102.19,-149.48
210.845,True,98.84,-147.99
210.945,True,97.84,-144.94
211.054,True,111.84,-153.78
211.154,True,117.79,-160.50
211.257,True,119.46,-164.22
211.346,True,119.35,-165.31
211.455,True,118.80,-167.30
211.549,True,120.49,-165.25
211.651,True,122.53,-160.05
211.750,True,121.02,-154.66
211.848,True,334.06,-140.10
211.956,True,344.71,-131.26
212.052,True,346.64,-127.90
212.145,False,-1103.20,6996.14
212.244,True,70.02,-155.24
212.349,True,76.43,-175.26
212.446,True,58.77,-148.52
212.555,True,62.52,-120.69
212.650,True,74.13,-127.47
212.746,True,80.24,-131.86
212.847,True,250.76,-132.83
212.950,True,368.75,-157.47
213.045,True,137.30,-146.25
213.153,True,122.29,-133.96
213.249,True,114.44,-134.33
213.346,True,96.15,-136.33
213.453,True,87.36,-139.85
213.552,True,80.94,-142.37
213.648,True,98.89,-144.09
213.748,True,105.65,-145.26
213.850,True,106.54,-145.99
213.951,True,105.64,-144.24
214.048,True,105.25,-146.65
214.150,True,106.61,-152.71
214.247,True,106.45,-156.28
214.344,True,105.46,-158.83
214.453,True,103.75,-157.40
214.548,True,98.55,-153.26
214.645,True,93.86,-148.12
214.744,True,82.60,-145.84
214.852,True,60.00,-152.64
214.955,True,54.34,-159.02
215.055,True,49.21,-164.11
215.153,True,30.20,-167.82
215.251,True,76.80,-173.15
215.345,True,86.85,-171.37
215.451,True,-34.25,-249.00
215.552,False,-1114.63,7121.24
215.649,False,-1120.17,7167.81
215.748,True,72.15,-233.05
215.846,True,77.24,-260.05
215.956,True,70.93,-205.68
216.053,True,62.31,-198.73
216.147,True,64.30,-160.23
216.254,True,65.28,-174.28
216.350,True,65.25,-174.89
216.449,True,66.18,-175.71
216.555,True,67.33,-178.17
216.653,True,80.64,-174.44
216.752,True,95.79,-165.57
216.852,True,98.15,-161.22
216.948,True,98.49,-159.48
217.044,True,-1092.95,7095.21
217.148,True,-1095.35,7114.62
217.247,True,104.04,-214.06
217.351,True,97.97,-200.01
217.448,True,104.02,-130.54
217.554,True,104.88,-130.27
217.653,True,103.38,-132.22
217.753,True,104.28,-142.70
217.848,True,103.97,-147.41
217.955,True,94.16,-153.42
218.051,True,91.94,-160.63
218.154,True,93.72,-159.47
218.251,True,94.15,-152.99
218.347,True,92.95,-146.57
218.449,True,92.07,-143.05
218.546,False,-1102.14,7174.93
218.648,True,98.82,-158.61
218.747,True,139.19,-158.21
218.847,True,141.45,-107.20
218.954,True,119.05,-118.75
219.052,True,110.34,-130.89
219.147,True,106.84,-132.95
219.248,True,104.82,-133.07
219.351,True,103.32,-132.42
219.450,False,-1108.55,7221.55
219.545,False,-1101.84,7193.35
219.653,True,103.69,-203.62
219.751,True,103.57,-128.03
219.850,True,102.37,-127.70
219.953,True,102.73,-131.05
220.054,True,104.20,-132.51
220.145,True,104.52,-135.38
220.253,True,102.58,-138.74
220.354,True,104.71,-141.24
220.454,True,106.67,-144.57
220.544,True,106.66,-146.81
220.653,True,105.62,-147.96
220.754,True,102.74,-143.23
220.853,True,98.99,-134.74
220.951,True,94.37,-131.94
221.054,True,92.43,-138.53
221.154,True,93.71,-148.93
221.249,True,93.32,-152.64
221.348,False,-1095.51,7048.27
221.456,False,-1092.20,7046.11
221.552,False,-1096.11,7053.22
221.648,True,118.48,-392.87
221.749,True,98.40,-235.22
221.846,True,97.98,-182.73
221.944,True,99.86,-172.77
222.054,True,101.20,-164.21
222.154,True,98.21,-158.75
222.250,True,96.46,-151.70
222.350,True,95.90,-141.21
222.445,True,95.02,-138.28
222.545,True,99.65,-136.41
222.647,True,109.77,-136.21
222.750,True,112.44,-135.30
222.846,True,114.11,-133.83
222.952,True,199.56,-134.49
223.050,True,320.56,-148.71
223.148,True,315.80,-149.04
223.246,True,100.37,-120.35
223.354,True,95.63,-114.92
223.455,True,93.86,-113.66
223.556,True,93.07,-114.75
223.645,True,83.47,-122.08
223.744,True,76.40,-129.63
223.849,True,75.32,-134.54
223.946,True,76.65,-136.42
224.047,True,77.05,-135.57
224.154,True,76.00,-133.27
224.250,True,-1076.98,7084.94
224.356,True,91.50,-262.06
224.450,True,101.61,-231.03
224.547,True,105.48,-159.40
224.652,True,106.52,-157.81
224.749,True,105.43,-153.08
224.848,True,99.86,-151.59
224.944,True,98.69,-153.80
225.055,True,98.85,-156.80
225.151,True,98.35,-155.19
225.249,True,98.54,-148.37
225.351,True,231.53,-142.53
225.448,True,241.20,-138.72
225.546,True,242.07,-134.52
225.645,True,243.27,-131.21
225.745,True,84.80,-130.26
225.853,True,60.47,-131.59
225.948,True,57.67,-131.15
226.048,False,-1093.58,7116.96
226.146,True,70.17,-207.27
226.253,True,108.83,-183.41
226.350,True,105.08,-136.85
226.455,True,99.88,-129.53
226.544,True,98.78,-127.34
226.654,True,98.49,-129.17
226.746,True,100.58,-134.29
226.845,True,287.20,-149.86
226.951,True,325.77,-169.59
227.048,True,178.00,-171.77
227.144,True,111.12,-155.74
227.251,True,107.75,-149.44
227.348,True,93.56,-147.41
227.450,True,78.90,-146.71
227.547,True,76.01,-145.40
227.650,True,75.44,-141.02
227.750,True,75.76,-138.65
227.847,True,74.43,-138.57
227.946,True,73.13,-140.88
228.053,True,72.19,-143.99
228.152,False,-1083.35,7020.60
228.253,True,77.02,-188.59
228.353,True,69.17,-158.93
228.447,True,65.96,-113.54
228.544,True,58.93,-106.28
228.650,True,23.40,-157.66
228.750,True,-5.27,-191.24
228.847,True,-8.37,-193.03
228.955,True,62.29,-174.46
229.053,True,70.86,-167.02
229.150,True,74.39,-167.08
229.255,True,76.79,-168.21
229.350,True,79.06,-164.86
229.445,True,78.63,-163.08
229.551,True,78.65,-162.67
229.646,True,79.98,-162.41
229.747,True,47.24,-157.51
229.849,True,28.02,-148.15
229.945,False,-1066.49,7021.68
230.044,True,47.39,-195.89
230.155,True,91.27,-165.15
230.254,True,93.80,-124.68
230.351,True,92.39,-122.33
230.446,True,99.60,-135.69
230.555,True,102.99,-144.27
230.654,True,90.74,-146.69
230.753,True,82.91,-145.86
230.853,True,84.26,-140.66
230.944,True,87.42,-153.34
231.054,True,-1080.01,7079.00
231.145,True,-1082.56,7081.20
231.250,True,102.86,-174.99
231.346,True,115.46,-187.42
231.455,True,110.04,-180.84
231.550,True,102.66,-176.99
231.644,True,102.24,-172.23
231.748,True,104.28,-162.63
231.850,True,103.41,-168.99
231.952,True,100.92,-165.65
232.046,True,100.53,-147.79
232.144,True,97.55,-147.15
232.252,True,75.00,-139.31
232.347,True,6.87,-149.54
232.448,True,0.13,-155.24
232.544,True,-2.13,-158.38
232.651,True,-6.02,-159.67
232.751,True,88.26,-141.59
232.846,True,102.33,-126.69
232.955,True,104.95,-125.83
233.051,True,104.59,-124.70
233.151,True,104.05,-124.54
233.248,True,103.90,-124.35
233.345,True,103.22,-125.26
233.450,True,102.67,-125.66
233.550,True,102.19,-125.86
233.648,True,102.64,-124.57
233.749,True,128.71,-102.46
233.846,True,134.92,-99.91
233.944,False,-1100.32,7035.23
234.050,True,112.57,-179.15
234.151,True,112.41,-127.29
234.252,True,109.68,-110.12
234.347,True,109.68,-110.00
234.456,True,112.68,-110.99
234.552,True,112.63,-112.80
234.647,True,113.02,-113.85
234.750,True,113.13,-103.22
234.851,True,110.80,-103.66
234.947,True,108.36,-112.95
235.044,True,107.52,-118.54
235.154,True,90.74,-121.36
235.254,True,81.77,-123.01
235.355,True,78.41,-124.50
235.456,True,78.26,-124.40
235.546,True,78.34,-124.39
235.653,True,94.53,-123.98
235.755,True,107.96,-123.41
235.851,True,111.10,-124.85
235.950,True,111.28,-125.56
236.047,True,107.18,-128.89
236.149,True,105.06,-132.15
236.251,True,104.65,-134.76
236.345,True,104.91,-136.23
236.453,True,105.21,-139.01
236.547,True,106.10,-141.56
236.650,True,106.93,-144.36
236.753,True,106.58,-148.18
236.853,True,105.40,-148.37
236.947,True,105.46,-149.52
237.045,True,106.09,-152.51
237.152,True,105.07,-154.41
237.250,True,160.35,-153.19
237.354,True,181.22,-148.79
237.453,True,178.15,-148.20
237.546,True,135.21,-143.59
237.645,True,-1106.00,7100.92
237.755,True,-1103.48,7126.57
237.857,True,45.33,49.35
237.953,True,124.69,-255.94
238.048,True,119.81,-212.43
238.145,True,128.02,-193.34
238.247,True,129.31,-186.52
238.350,True,108.60,-189.54
238.453,True,102.17,-189.17
238.547,True,102.84,-182.20
238.645,True,104.41,-180.23
238.746,True,105.07,-171.46
238.855,True,235.39,-174.75
238.953,True,246.66,-176.21
239.050,True,249.24,-173.82
239.146,True,250.25,-169.62
239.248,True,167.20,-140.55
239.354,True,142.20,-129.82
239.444,True,139.89,-130.85
239.545,False,-1084.44,6980.19
239.653,False,-1082.36,6972.79
239.752,False,-1072.67,6952.46
239.848,True,173.11,-226.45
239.944,True,195.28,-134.48
240.052,True,215.30,-121.79
240.148,True,399.49,-159.94
240.255,True,407.49,-174.37
240.347,True,412.24,-183.20
240.449,True,126.34,-141.06
240.556,True,120.22,-131.03
240.654,True,119.45,-133.31
240.754,True,121.98,-130.74
240.844,False,-1092.84,6996.57
240.954,True,107.67,-171.96
241.055,True,102.86,-191.80
241.145,True,96.92,-141.08
241.244,True,98.39,-136.51
241.355,True,100.29,-133.64
241.445,True,100.22,-133.47
241.546,True,101.43,-137.41
241.647,True,101.16,-140.70
241.747,True,107.62,-145.06
241.851,True,232.03,-149.92
241.945,True,230.73,-139.33
242.052,True,168.50,-121.45
242.147,True,120.20,-117.26
242.244,True,80.84,-125.86
242.347,True,85.77,-131.50
242.446,True,353.21,-169.50
242.546,True,364.64,-173.69
242.654,True,412.23,-183.02
242.755,True,424.06,-185.57
242.852,True,183.15,-168.28
242.946,True,124.50,-149.29
243.044,True,119.21,-143.62
243.151,True,118.79,-146.14
243.250,False,-1079.10,6929.25
243.351,True,93.26,-248.39
243.454,True,85.00,-156.46
243.548,True,78.91,-150.16
243.650,True,70.86,-142.94
243.748,True,73.91,-135.53
243.850,True,88.88,-127.60
243.947,True,94.15,-128.04
244.054,True,102.10,-135.59
244.154,True,101.32,-134.55
244.254,True,50.49,-140.73
244.348,True,57.32,-142.52
244.447,True,-1086.47,7027.88
244.548,True,85.01,-196.95
244.651,True,88.22,-216.23
244.752,True,91.00,-142.75
244.852,True,90.45,-147.90
244.947,True,101.11,-156.04
245.046,True,107.92,-161.79
245.151,True,112.34,-161.24
245.255,True,113.26,-161.27
245.346,True,113.38,-160.63
245.445,True,113.87,-161.23
245.550,True,116.48,-158.13
245.645,True,389.58,-154.56
245.744,True,399.08,-148.78
245.854,True,399.34,-141.81
245.952,True,110.30,-121.84
246.045,True,104.96,-123.16
246.155,True,105.09,-128.21
246.250,True,102.66,-125.38
246.351,True,99.55,-122.99
246.450,True,98.35,-122.33
246.550,False,-1080.06,6961.36
246.649,True,96.67,-216.34
246.749,True,108.36,-166.39
246.845,True,111.54,-136.63
246.954,True,99.62,-140.94
247.053,True,91.60,-142.57
247.148,True,90.48,-143.06
247.246,True,88.82,-143.45
247.344,True,88.50,-145.46
247.451,True,88.42,-149.45
247.547,True,88.47,-150.64
247.646,True,89.08,-154.43
247.755,True,89.56,-157.01
247.851,True,89.34,-157.06
247.951,True,89.41,-157.74
248.048,True,89.85,-158.69
248.146,True,89.24,-162.21
248.244,True,90.26,-165.33
248.355,False,-1067.09,6920.27
248.449,False,-1067.76,6908.28
248.548,True,95.35,-208.98
248.649,True,115.45,-221.96
248.748,True,132.51,-190.94
248.853,True,302.00,-182.39
248.948,True,405.11,-198.29
249.044,True,409.68,-206.27
249.150,True,375.45,-197.15
249.254,True,147.16,-135.30
249.346,True,132.85,-137.21
249.445,True,136.73,-156.40
249.553,False,-1090.55,6992.37
249.645,True,134.12,-223.98
249.746,True,134.15,-236.56
249.849,True,135.88,-187.78
249.947,True,166.41,-160.88
250.044,True,175.04,-163.05
250.148,True,169.68,-173.19
250.247,True,107.84,-189.61
250.348,True,104.17,-173.55
250.445,True,143.70,-172.24
250.545,True,345.39,-260.59
250.645,True,310.08,-255.33
250.748,True,224.42,-194.70
250.846,True,214.52,-199.98
250.955,True,194.84,-214.22
251.053,True,169.60,-206.85
251.148,True,129.82,-177.64
251.253,True,116.34,-161.86
251.350,True,93.88,-168.58
251.445,True,99.40,-171.26
251.550,True,133.88,-160.66
251.648,True,140.87,-155.19
251.747,True,142.29,-159.16
251.846,True,142.58,-165.80
251.951,True,143.14,-174.95
252.053,True,384.99,-202.82
252.151,True,391.75,-200.56
252.251,True,305.92,-200.54
252.347,True,99.21,-183.44
252.444,True,93.40,-180.71
252.557,True,93.95,-177.24
252.647,True,94.06,-177.04
252.751,True,99.32,-179.28
252.857,False,-1110.11,7054.23
252.956,True,133.71,-261.14
253.053,True,139.29,-180.08
253.146,True,186.95,-170.16
253.245,True,291.03,-186.49
253.356,True,297.20,-192.67
253.451,True,99.74,-181.20
253.550,True,88.51,-171.20
253.653,True,89.48,-167.75
253.754,False,-1123.86,7154.45
253.848,True,107.87,-233.72
253.946,True,111.73,-174.74
254.053,True,111.16,-142.69
254.149,True,112.38,-146.88
254.245,True,115.64,-151.51
254.347,True,113.30,-152.35
254.456,True,111.41,-151.77
254.545,True,112.02,-152.11
254.655,True,110.96,-150.75
254.744,True,111.59,-150.91
254.856,True,112.41,-152.03
254.945,True,110.30,-151.34
255.056,True,108.44,-149.70
255.146,False,-1089.78,6999.98
255.244,True,129.97,-176.11
255.351,True,211.61,-169.21
255.448,True,216.54,-155.86
255.548,True,108.88,-142.66
255.655,True,81.47,-149.90
255.754,True,72.53,-151.60
255.851,True,72.11,-152.40
255.947,True,231.38,-156.87
256.046,True,248.45,-167.52
256.144,True,141.64,-160.81
256.251,True,89.36,-156.01
256.350,True,82.06,-157.83
256.445,True,87.49,-156.73
256.551,True,84.37,-156.85
256.652,True,81.83,-157.62
256.753,False,-1109.33,7110.31
256.850,True,127.31,-295.24
256.955,True,128.45,-179.64
257.053,True,131.99,-162.21
257.151,True,133.41,-163.33
257.252,True,120.32,-163.39
257.353,True,110.43,-163.79
257.447,True,103.84,-161.77
257.550,True,101.96,-155.36
257.647,True,102.20,-150.42
257.747,True,101.69,-139.69
257.853,True,99.40,-132.47
257.950,True,99.37,-127.98
258.050,True,100.06,-126.52
258.145,True,100.09,-128.22
258.244,True,109.00,-129.01
258.349,True,119.69,-128.67
258.444,True,121.27,-129.88
258.544,True,121.52,-131.43
258.652,True,122.41,-131.77
258.748,True,122.06,-134.10
258.850,True,120.02,-135.72
258.949,True,120.68,-131.49
259.044,True,121.05,-126.33
259.152,True,120.71,-125.67
259.250,True,141.43,-126.96
259.347,True,287.70,-130.92
259.446,True,296.27,-135.02
259.555,True,141.86,-131.17
259.650,True,125.55,-122.08
259.750,True,123.60,-122.82
259.846,True,124.02,-125.50
259.955,False,-1105.91,7020.78
260.050,True,142.82,-207.35
260.144,True,190.86,-233.68
260.253,True,192.58,-134.99
260.347,True,198.15,-127.90
260.445,True,198.41,-118.15
260.556,True,98.71,-135.58
260.651,True,88.99,-139.46
260.751,True,87.04,-138.05
260.847,True,87.84,-136.43
260.946,True,196.06,-153.36
261.054,True,205.78,-160.07
261.154,True,206.26,-159.93
261.256,True,206.54,-158.47
261.344,True,207.30,-156.59
261.451,True,203.60,-146.46
261.554,True,200.62,-135.57
261.651,True,197.90,-131.08
261.753,True,196.34,-129.48
261.847,True,168.28,-128.75
261.944,True,-1108.20,7056.58
262.047,True,105.20,-231.70
262.148,True,98.43,-192.64
262.249,True,109.78,-145.54
262.355,True,112.79,-148.62
262.453,True,113.45,-150.25
262.551,True,113.49,-153.44
262.647,True,114.91,-151.16
262.748,False,-1098.29,6986.42
262.848,False,-1084.78,6928.11
262.955,True,106.63,-230.54
263.048,True,178.72,-187.19
263.146,True,187.28,-176.43
263.255,True,187.39,-175.65
263.355,True,185.53,-170.79
263.450,True,183.82,-173.37
263.545,True,184.00,-180.39
263.652,True,124.77,-159.18
263.747,True,100.94,-143.31
263.852,True,115.81,-138.79
263.947,True,229.37,-149.16
264.055,True,235.29,-153.47
264.149,True,83.49,-150.77
264.245,True,77.31,-148.85
264.351,True,157.71,-150.13
264.447,True,239.90,-157.50
264.554,True,241.54,-159.42
264.649,True,139.64,-146.44
264.745,True,128.62,-139.04
264.854,True,96.96,-141.99
264.950,True,90.79,-144.80
265.047,True,105.64,-153.90
265.144,True,112.74,-162.15
265.250,True,-1118.72,7128.78
265.350,True,-1121.69,7170.71
265.446,True,-1114.15,7184.79
265.553,True,-1107.13,7159.94
265.650,True,121.36,-160.99
265.749,True,134.75,-192.12
265.847,True,152.38,-145.38
265.948,True,153.41,-134.52
266.046,True,124.35,-141.30
266.153,True,115.06,-154.08
266.252,True,108.41,-156.83
266.356,True,107.69,-160.82
266.447,True,107.63,-159.69
266.545,True,108.81,-157.86
266.652,True,111.39,-156.12
266.749,True,113.32,-151.78
266.846,False,-1079.06,7023.19
266.951,True,123.86,-173.65
267.051,True,224.00,-166.99
267.149,True,235.05,-150.70
267.246,True,242.17,-145.68
267.355,True,146.18,-134.05
267.454,True,139.72,-188.92
267.546,False,-1093.25,7084.57
267.656,True,87.47,-212.23
267.745,True,90.23,-150.37
267.850,True,99.27,-149.46
267.956,True,116.48,-180.82
268.050,True,118.58,-185.50
268.147,True,116.69,-207.72
268.255,True,115.57,-220.95
268.344,True,114.26,-222.76
268.448,True,113.73,-223.50
268.547,True,104.51,-155.68
268.650,True,99.79,-147.62
268.750,True,100.42,-141.52
268.847,True,101.61,-140.76
268.946,True,102.13,-140.87
269.056,True,103.77,-140.23
269.147,True,105.08,-143.05
269.254,True,104.27,-159.78
269.356,True,107.42,-183.49
269.451,False,-1080.13,6929.90
269.547,True,401.78,-259.72
269.651,True,379.44,-187.04
269.753,True,179.98,-158.54
269.849,True,155.87,-151.74
269.947,True,149.09,-150.49
270.056,True,114.96,-144.70
270.145,True,102.56,-142.03
270.255,True,100.65,-141.25
270.352,True,94.19,-145.39
270.446,True,84.27,-138.45
270.548,True,82.17,-136.24
270.644,True,82.05,-132.83
270.753,True,79.67,-130.22
270.848,True,78.62,-127.39
270.945,False,-1096.44,7126.30
271.052,True,118.85,-209.05
271.149,True,90.45,-185.20
271.247,True,66.45,-126.23
271.355,True,64.22,-124.45
271.450,True,140.08,-137.04
271.546,True,246.33,-154.86
271.654,True,158.57,-153.46
271.751,True,69.76,-144.77
271.850,True,64.42,-139.15
271.945,True,77.43,-132.14
272.049,True,78.48,-133.48
272.145,True,86.53,-136.32
272.252,True,-1084.17,7045.87
272.349,True,-1075.59,7037.79
272.444,True,176.09,-85.63
272.546,True,153.78,-175.85
272.656,True,152.62,-95.48
272.754,True,157.73,-104.38
272.855,True,159.71,-109.98
272.949,True,118.44,-127.33
273.047,True,104.26,-140.06
273.156,True,101.83,-145.57
273.251,True,100.28,-142.88
273.354,True,359.59,-165.99
273.454,True,370.61,-167.63
273.547,True,371.70,-163.35
273.644,True,125.26,-125.62
273.755,True,114.58,-113.53
273.851,True,109.79,-110.50
273.949,True,104.94,-108.32
274.045,True,88.23,-109.61
274.153,False,-1108.50,7205.09
274.244,False,-1107.10,7234.04
274.357,True,85.45,-192.94
274.445,True,81.66,-161.70
274.553,True,94.80,-142.47
274.650,True,97.03,-136.21
274.753,True,97.37,-147.03
274.853,True,99.10,-151.44
274.952,True,99.79,-153.73
275.051,True,99.16,-155.49
275.149,True,99.53,-156.40
275.245,True,100.27,-157.56
275.347,True,100.89,-159.11
275.444,True,103.68,-158.18
275.556,True,116.61,-152.22
275.644,True,121.50,-151.15
275.756,True,121.83,-153.79
275.852,True,122.24,-154.43
275.952,True,120.62,-147.70
276.047,True,120.26,-143.83
276.145,True,120.72,-145.54
276.248,False,-1066.61,7014.52
276.347,True,118.45,-171.86
276.445,True,82.37,-173.95
276.555,True,75.84,-118.40
276.649,True,73.99,-122.17
276.752,True,73.28,-121.90
276.844,True,93.96,-127.10
276.953,True,102.60,-132.20
277.052,True,105.03,-131.75
277.154,True,107.51,-131.94
277.250,True,109.37,-132.83
277.350,True,109.02,-134.35
277.445,True,109.85,-136.92
277.553,True,109.78,-142.74
277.654,True,109.54,-141.37
277.753,True,109.02,-140.10
277.847,True,384.24,-182.04
277.945,True,401.05,-198.60
278.054,True,398.37,-189.02
278.150,True,76.56,-157.88
278.245,True,60.20,-146.24
278.346,True,54.49,-144.62
278.447,True,64.60,-144.19
278.553,True,-1060.98,6999.84
278.649,True,93.52,-239.87
278.747,True,136.27,-290.36
278.845,True,146.77,-213.66
278.955,True,156.70,-203.15
279.044,True,156.65,-200.12
279.152,True,-1055.75,6999.03
279.247,True,151.45,-213.27
279.349,True,86.15,-257.17
279.450,True,92.13,-277.18
279.553,True,90.80,-270.89
279.647,True,105.21,-224.61
279.745,True,109.51,-204.85
279.854,True,370.13,-217.05
279.952,True,373.12,-226.07
280.048,True,122.82,-192.77
280.144,True,112.49,-179.57
280.244,True,108.83,-170.91
280.350,True,107.53,-158.28
280.447,True,106.84,-157.80
280.554,True,108.05,-158.91
280.650,True,109.17,-160.42
280.745,True,108.54,-162.65
280.851,True,109.34,-163.90
280.946,True,111.43,-166.56
281.054,True,245.21,-173.02
281.151,True,375.89,-201.72
281.247,True,383.00,-204.08
281.346,True,168.49,-163.71
281.453,True,144.44,-147.55
281.552,True,140.72,-151.82
281.653,False,-1069.84,7105.75
281.749,True,135.82,-237.32
281.848,True,146.56,-177.21
281.947,True,152.73,-169.90
282.055,True,152.38,-167.64
282.144,True,151.13,-160.96
282.257,True,150.19,-163.99
282.351,True,150.06,-155.79
282.446,True,149.39,-152.25
282.555,True,149.63,-146.29
282.646,True,150.06,-140.59
282.747,True,150.59,-137.77
282.847,True,150.01,-143.98
282.954,True,139.15,-154.93
283.047,True,101.85,-152.74
283.146,True,93.50,-136.78
283.253,True,-26.21,-224.92
283.350,True,-35.13,-233.88
283.445,True,-21.67,-230.76
283.551,True,79.24,-154.81
283.652,True,82.93,-149.22
283.745,True,83.24,-146.53
283.854,True,84.79,-144.43
283.952,True,86.63,-145.08
284.046,True,63.18,-145.56
284.145,True,-46.17,-155.70
284.252,True,-51.02,-157.24
284.349,True,86.68,-147.77
284.455,True,94.06,-145.30
284.552,False,-1039.15,7033.91
284.646,True,74.49,-280.83
284.755,True,81.54,-236.67
284.847,True,85.82,-214.42
284.945,True,86.54,-216.44
285.049,True,87.39,-154.44
285.147,True,87.78,-151.95
285.255,True,88.76,-145.06
285.355,True,86.40,-151.88
285.453,True,64.45,-182.28
285.547,True,55.74,-184.33
285.644,True,64.37,-173.50
285.744,True,88.49,-157.69
285.849,True,91.84,-155.42
285.952,True,101.71,-152.76
286.044,True,103.98,-152.58
286.149,True,95.11,-159.75
286.249,True,89.77,-158.67
286.347,True,85.79,-156.74
286.445,True,85.69,-157.50
286.551,True,84.98,-160.95
286.647,True,85.77,-161.99
286.750,True,51.94,-164.46
286.847,True,13.49,-176.66
286.950,True,7.34,-177.70
287.052,True,71.53,-170.81
287.148,True,92.89,-164.59
287.247,True,93.82,-165.93
287.355,False,-1061.23,7044.42
287.456,True,96.78,-192.58
287.555,True,130.45,-163.12
287.652,True,143.06,-134.30
287.752,True,138.48,-129.37
287.852,True,119.41,-128.00
287.947,True,-50.75,-190.93
288.045,True,-59.08,-203.76
288.154,True,-63.03,-203.91
288.250,True,-64.54,-203.06
288.356,True,-15.14,-196.12
288.458,True,86.38,-166.20
288.552,True,90.69,-162.65
288.651,True,92.88,-155.03
288.755,True,98.36,-146.69
288.852,True,102.79,-142.04
288.948,True,104.92,-137.71
289.046,True,105.41,-136.18
289.146,True,104.90,-134.24
289.245,True,102.93,-129.54
289.350,True,101.49,-129.96
289.445,True,101.31,-131.67
289.553,True,76.14,-146.45
289.647,True,49.44,-153.97
289.747,True,46.40,-156.57
289.854,True,-58.57,-194.15
289.946,True,-67.04,-200.50
290.047,True,-68.06,-201.76
290.153,True,-69.54,-202.32
290.246,True,-77.12,-190.74
290.345,True,62.52,-160.91
290.450,True,76.09,-153.33
290.548,True,77.68,-160.28
290.651,False,-1061.67,7117.88
290.746,True,146.76,-246.45
290.846,True,181.86,-229.39
290.952,True,187.19,-206.35
291.050,True,186.07,-198.19
291.151,True,91.50,-161.35
291.247,True,84.25,-157.49
291.347,True,81.40,-153.30
291.453,True,79.47,-152.88
291.552,True,84.95,-141.44
291.649,True,94.42,-132.71
291.755,True,98.27,-130.53
291.851,True,99.15,-130.87
291.950,True,98.88,-130.03
292.045,True,99.45,-127.98
292.156,True,101.72,-126.15
292.251,True,99.57,-125.71
292.347,True,97.21,-126.09
292.444,True,94.99,-126.45
292.550,True,92.81,-128.19
292.646,True,90.48,-130.63
292.744,True,88.18,-132.51
292.854,True,85.52,-135.34
292.952,True,85.14,-140.12
293.052,True,83.33,-141.62
293.149,True,82.19,-142.80
293.244,True,83.91,-141.37
293.355,True,84.56,-140.12
293.449,True,84.44,-139.21
293.545,True,84.70,-136.91
293.651,False,-1051.55,7145.64
293.750,True,88.31,-244.97
293.850,True,104.79,-173.55
293.944,True,109.98,-147.06
294.052,True,107.61,-146.73
294.152,True,105.49,-146.18
294.247,True,100.61,-144.18
294.355,False,-1054.60,7107.68
294.451,False,-1053.44,7106.83
294.545,False,-1058.56,7106.46
294.656,True,132.83,-167.46
294.746,True,131.35,-86.24
294.855,True,127.72,-76.79
294.952,True,120.66,-86.08
295.048,True,108.33,-131.35
295.157,True,105.18,-132.56
295.254,True,105.40,-132.60
295.350,True,104.07,-138.86
295.455,True,102.68,-143.41
295.553,True,100.89,-144.11
295.651,True,98.68,-139.83
295.752,True,95.56,-134.70
295.853,True,93.46,-133.67
295.945,True,92.58,-127.98
296.044,True,93.05,-131.58
296.154,True,94.54,-148.12
296.249,True,95.47,-150.43
296.355,True,53.57,-155.57
296.451,True,39.66,-158.01
296.547,True,76.58,-147.51
296.655,True,89.74,-175.93
296.756,False,-1043.46,7075.39
296.851,True,109.30,-236.82
296.947,True,111.79,-165.59
297.053,True,109.61,-140.00
297.147,True,109.53,-141.08
297.255,True,-17.88,-221.59
297.352,True,-29.11,-229.96
297.446,True,56.15,-203.27
297.554,True,88.71,-180.98
297.652,True,88.65,-181.61
297.749,True,88.38,-178.93
297.855,True,105.97,-164.32
297.957,True,110.17,-160.90
298.054,True,106.09,-158.46
298.152,True,106.31,-153.26
298.247,True,107.41,-150.63
298.345,True,107.27,-150.34
298.448,True,104.06,-150.76
298.545,True,103.57,-151.35
298.651,True,105.15,-152.73
298.746,True,105.26,-153.89
298.852,True,105.85,-156.68
298.950,True,108.57,-161.67
299.045,True,109.57,-160.66
299.156,True,-1054.10,7156.32
299.251,True,106.75,-219.93
299.356,True,80.86,-266.27
299.449,True,82.95,-196.11
299.557,True,86.46,-140.70
299.648,True,87.49,-123.11
299.747,True,88.00,-123.48
299.845,True,86.44,-121.91
299.944,True,83.68,-126.74
300.045,True,82.97,-137.89
300.152,True,82.66,-135.62
300.256,True,36.92,-131.02
300.352,True,21.98,-131.69
300.448,True,13.17,-152.39
300.545,True,11.27,-140.39
300.650,True,12.31,-123.86
300.746,True,15.47,-123.33
300.855,True,87.81,-125.49
300.949,True,92.52,-124.26
301.046,True,95.04,-120.69
301.153,False,-1044.89,7124.54
301.249,False,-1046.04,7131.24
301.355,False,-1052.75,7114.88
301.452,False,-1055.90,7152.86
301.547,True,92.18,-175.36
301.657,True,107.76,-192.93
301.744,True,117.91,-191.52
301.854,True,111.65,-190.25
301.949,True,100.01,-185.03
302.054,True,97.06,-172.99
302.148,True,99.17,-186.87
302.250,True,101.02,-186.63
302.344,True,100.06,-184.80
302.445,True,99.31,-177.64
302.544,True,98.73,-171.50
302.645,True,97.85,-168.32
302.747,True,96.96,-145.50
302.852,True,99.93,-140.45
302.949,True,101.70,-143.06
303.050,True,100.23,-151.33
303.147,True,95.27,-183.23
303.256,True,108.31,-167.64
303.352,True,105.42,-192.37
303.452,True,97.73,-179.70
303.546,True,93.97,-163.11
303.645,True,94.53,-157.63
303.753,True,96.80,-154.10
303.849,True,98.49,-130.83
303.947,False,-1039.40,7045.38
304.055,False,-1044.34,7066.91
304.150,True,82.36,-249.00
304.245,True,110.21,-187.51
304.354,True,110.63,-149.29
304.453,True,97.10,-145.73
304.551,True,88.63,-146.68
304.647,True,85.89,-150.52
304.750,True,87.79,-148.43
304.846,True,97.26,-149.29
304.944,True,132.05,-149.42
305.046,True,125.91,-148.88
305.153,True,114.37,-150.79
305.246,True,112.57,-153.31
305.346,True,109.80,-156.40
305.455,True,24.33,-161.19
305.547,True,18.23,-162.79
305.652,True,79.83,-153.23
305.750,True,-1058.63,7061.14
305.852,True,-1049.61,7080.27
305.946,True,134.98,-183.85
306.049,True,135.76,-113.58
306.145,True,120.12,-102.11
306.253,True,109.00,-136.29
306.349,True,105.64,-141.10
306.445,True,111.70,-149.01
306.554,True,123.35,-165.88
306.647,True,120.30,-164.04
306.744,True,124.43,-164.88
306.852,True,120.58,-164.27
306.953,True,115.65,-160.10
307.049,True,100.32,-141.94
307.147,True,96.16,-143.19
307.247,False,-1061.40,7185.72
307.346,True,92.06,-176.08
307.456,True,93.52,-108.34
307.553,True,97.47,-112.08
307.651,True,103.12,-123.11
307.753,True,106.07,-126.91
307.849,True,108.02,-129.28
307.944,True,109.38,-131.67
308.055,True,102.69,-130.22
308.156,True,101.01,-129.40
308.245,True,102.07,-130.82
308.353,True,103.69,-134.65
308.451,True,99.42,-138.15
308.549,True,89.23,-140.22
308.658,True,86.82,-140.39
308.748,True,86.00,-140.87
308.846,True,85.59,-142.13
308.954,True,85.09,-143.87
309.049,True,82.84,-143.61
309.149,True,82.97,-144.20
309.248,True,84.32,-144.54
309.346,True,85.03,-144.43
309.450,True,86.08,-144.40
309.546,True,85.65,-146.56
309.645,True,86.73,-144.90
309.755,True,87.49,-145.20
309.851,True,86.75,-144.05
309.953,True,87.24,-140.32
310.048,True,87.40,-138.85
310.145,True,86.28,-138.06
310.254,True,91.48,-140.60
310.348,True,98.13,-142.28
310.445,False,-1075.96,7213.66
310.551,True,103.68,-210.28
310.646,True,108.48,-204.63
310.745,True,110.79,-158.76
310.854,True,111.21,-158.31
310.953,True,112.57,-161.97
311.049,True,112.40,-163.64
311.150,True,107.42,-163.22
311.245,True,101.39,-161.29
311.354,True,100.00,-155.14
311.449,True,106.85,-154.69
311.546,True,104.18,-157.13
311.644,True,-17.29,-204.81
311.747,True,-24.85,-211.47
311.857,True,-28.53,-212.68
311.952,True,95.84,-173.74
312.045,True,102.96,-163.44
312.156,True,103.08,-161.44
312.254,True,104.48,-157.65
312.356,True,-1049.16,7078.20
312.451,True,104.93,-237.01
312.550,True,99.33,-232.54
312.647,True,95.88,-126.65
312.744,True,92.30,-133.28
312.850,True,106.79,-138.05
312.955,True,109.81,-141.92
313.049,True,108.88,-139.32
313.146,True,101.90,-141.46
313.244,True,98.73,-156.45
313.353,True,97.15,-158.54
313.446,True,97.64,-157.59
313.545,True,97.14,-151.64
313.654,False,-1063.74,7198.82
313.746,False,-1056.24,7157.33
313.854,True,108.31,-153.98
313.951,True,112.88,-105.48
314.046,True,110.95,-109.34
314.153,True,110.38,-129.42
314.248,True,109.02,-135.92
314.344,True,108.07,-136.76
314.445,True,100.23,-129.85
314.553,True,99.65,-127.37
314.647,True,95.23,-128.05
314.748,True,92.67,-127.90
314.847,True,92.67,-126.58
314.953,True,92.47,-126.84
315.050,True,92.92,-126.67
315.148,True,92.99,-122.78
315.246,True,92.34,-121.98
315.356,True,92.02,-122.40
315.449,True,92.05,-122.83
315.546,True,102.09,-124.15
315.654,True,105.39,-125.11
315.749,True,104.62,-125.70
315.846,True,104.07,-126.21
315.945,True,103.68,-126.31
316.053,True,103.97,-127.79
316.152,True,105.04,-140.12
316.254,True,107.69,-143.83
316.351,True,110.54,-144.56
316.447,True,95.48,-147.15
316.544,True,85.75,-151.62
316.650,True,83.65,-153.72
316.751,True,83.17,-154.10
316.847,True,81.95,-153.80
316.956,True,82.51,-152.77
317.052,True,83.27,-152.50
317.152,True,83.75,-151.97
317.257,True,104.86,-154.83
317.356,True,110.52,-154.51
317.456,True,112.01,-154.67
317.549,True,112.06,-155.30
317.648,True,111.86,-155.57
317.748,True,199.07,-155.98
317.844,True,230.92,-157.75
317.948,True,231.91,-152.74
318.053,True,229.54,-151.25
318.147,True,120.51,-151.68
318.256,False,-1062.86,7149.46
318.350,True,93.16,-232.79
318.445,True,102.63,-193.90
318.553,True,107.03,-143.96
318.655,True,106.60,-140.04
318.754,True,105.44,-140.06
318.849,True,105.45,-138.78
318.945,True,105.99,-138.79
319.054,True,-1087.18,7277.83
319.148,True,108.18,-233.65
319.256,True,93.67,-256.11
319.355,True,92.48,-164.21
319.454,True,92.42,-154.71
319.553,True,95.19,-154.01
319.646,True,106.26,-152.78
319.746,True,112.56,-159.06
319.845,True,113.44,-160.77
319.957,True,116.67,-160.00
320.054,True,120.56,-154.79
320.151,True,314.50,-151.74
320.247,True,364.93,-150.05
320.346,True,368.69,-145.84
320.447,True,323.82,-142.89
320.548,True,126.99,-119.71
320.654,True,119.67,-118.57
320.754,True,101.92,-120.08
320.854,True,90.36,-130.09
320.955,True,89.70,-139.48
321.050,True,83.59,-131.14
321.147,True,83.10,-124.50
321.255,True,83.73,-122.98
321.355,True,82.25,-122.59
321.453,True,82.05,-122.73
321.546,True,79.95,-125.83
321.646,True,78.49,-130.76
321.756,True,77.17,-129.63
321.852,True,75.49,-128.60
321.945,True,75.54,-129.39
322.055,True,74.85,-132.66
322.150,True,74.51,-137.21
322.253,True,74.94,-139.29
322.350,True,74.34,-142.59
322.453,True,70.17,-141.92
322.550,True,65.69,-141.56
322.649,True,67.44,-143.11
322.747,False,-1059.42,7159.94
322.846,False,-1049.49,7121.98
322.945,True,120.57,-192.09
323.045,True,84.27,-168.63
323.150,True,124.03,-160.67
323.248,True,323.52,-172.57
323.356,True,330.33,-179.46
323.454,True,337.43,-184.24
323.550,True,120.17,-166.19
323.647,True,83.41,-160.51
323.754,False,-1054.48,7127.85
323.852,True,80.67,-185.33
323.952,True,88.99,-180.64
324.045,True,101.29,-128.85
324.152,True,113.08,-124.23
324.249,True,130.74,-126.42
324.357,True,372.90,-179.08
324.452,True,386.53,-191.96
324.546,True,198.07,-169.43
324.653,True,116.00,-139.87
324.751,True,107.25,-139.10
324.846,True,101.51,-136.96
324.957,True,100.74,-136.62
325.053,True,100.77,-137.17
325.152,True,100.98,-137.24
325.254,True,100.88,-137.98
325.353,True,101.94,-139.00
325.450,True,103.46,-140.59
325.548,True,100.29,-143.03
325.646,True,97.52,-151.53
325.755,True,89.68,-147.68
325.849,True,-1052.57,7192.20
325.946,True,99.04,-264.66
326.055,True,109.16,-175.10
326.158,True,111.36,-162.48
326.248,True,112.07,-164.25
326.345,True,112.24,-156.12
326.455,True,111.98,-153.18
326.551,True,111.78,-152.39
326.654,True,114.33,-143.40
326.746,True,115.96,-135.13
326.853,True,303.40,-139.03
326.954,True,322.38,-147.42
327.048,True,322.73,-143.87
327.146,True,324.23,-133.90
327.254,True,85.41,-137.14
327.352,True,75.00,-139.92
327.450,True,81.31,-169.08
327.544,False,-1068.47,7253.32
327.653,True,65.13,-168.76
327.751,True,110.93,-175.79
327.852,True,130.78,-173.47
327.949,True,114.15,-143.85
328.049,True,-134.37,-129.64
328.154,True,-180.68,-125.86
328.251,True,-183.30,-123.61
328.348,False,-289.70,-132.16
328.447,False,-298.31,-134.95
328.552,True,84.52,-136.65
328.653,True,109.24,-144.21
328.756,True,94.35,-146.95
328.845,True,88.45,-147.44
328.952,True,87.27,-148.03
329.054,True,87.39,-149.04
329.153,True,87.98,-149.58
329.251,True,99.67,-150.32
329.355,True,105.05,-151.46
329.444,True,105.33,-152.31
329.549,True,105.01,-153.69
329.649,True,103.93,-154.95
329.745,True,103.94,-156.36
329.846,True,104.13,-165.61
329.955,False,-1050.01,7114.91
330.052,False,-1054.75,7114.41
330.150,True,97.13,-194.27
330.247,True,95.41,-217.83
330.345,True,94.57,-164.98
330.454,True,95.51,-150.82
330.548,True,95.52,-140.66
330.648,True,96.50,-140.31
330.755,True,380.77,-164.10
330.857,True,386.47,-161.83
330.954,True,201.65,-146.99
331.052,True,136.39,-122.43
331.151,True,132.80,-119.04
331.246,True,131.43,-117.66
331.345,True,82.49,-126.06
331.455,False,-1081.77,7295.60
331.548,False,-1082.88,7320.06
331.644,True,96.29,-231.22
331.748,True,106.71,-244.81
331.846,True,104.05,-206.46
331.944,True,102.70,-168.20
332.054,True,106.04,-173.25
332.150,True,106.56,-175.30
332.247,True,105.88,-175.52
332.352,True,106.71,-175.62
332.447,True,107.77,-172.84
332.549,True,104.68,-168.89
332.656,True,102.40,-172.38
332.745,True,101.37,-177.90
332.850,True,-1066.68,7192.11
332.956,True,88.83,-218.23
333.052,True,97.28,-294.20
333.148,True,105.38,-302.29
333.255,True,106.95,-262.69
333.354,True,110.62,-229.51
333.451,True,109.44,-211.47
333.555,True,109.44,-208.26
333.652,True,108.60,-207.09
333.752,True,108.03,-203.67
333.847,True,109.21,-186.34
333.947,True,112.70,-182.32
334.046,True,113.52,-175.66
334.146,False,-1060.84,7183.55
334.249,True,96.63,-199.77
334.357,True,106.48,-142.62
334.452,True,104.60,-139.21
334.546,True,103.85,-133.83
334.645,True,101.79,-133.94
334.744,True,102.28,-132.56
334.854,True,104.78,-127.82
334.948,True,104.36,-126.06
335.047,True,103.35,-123.99
335.156,True,98.57,-125.14
335.248,True,99.45,-126.80
335.348,True,100.95,-130.82
335.446,True,102.28,-131.37
335.552,True,103.07,-131.99
335.647,False,-1092.37,7293.77
335.747,True,107.79,-214.85
335.846,True,105.63,-161.80
335.951,True,113.65,-140.71
336.048,True,114.77,-139.54
336.155,True,104.68,-138.52
336.248,True,97.50,-141.63
336.346,True,96.31,-147.57
336.446,True,96.58,-137.82
336.556,True,95.98,-136.08
336.648,True,96.42,-136.17
336.754,True,97.17,-136.30
336.850,True,96.33,-134.68
336.946,True,95.40,-133.24
337.056,True,102.29,-136.57
337.147,False,-1076.07,7178.55
337.253,True,93.06,-200.67
337.348,True,83.38,-121.80
337.446,True,83.70,-127.10
337.553,True,83.23,-127.74
337.653,True,103.50,-130.49
337.755,True,111.34,-130.34
337.844,True,114.11,-130.63
337.954,True,114.46,-130.22
338.050,True,113.03,-129.13
338.146,True,109.29,-128.83
338.247,True,105.51,-129.26
338.352,True,105.53,-129.96
338.452,True,104.51,-130.13
338.546,True,103.99,-131.68
338.654,True,104.64,-136.19
338.751,True,104.71,-138.47
338.846,True,105.77,-139.34
338.952,True,312.01,-153.50
339.047,True,317.68,-156.85
339.145,True,118.22,-137.09
339.246,True,85.78,-128.64
339.345,True,79.63,-124.45
339.454,True,80.44,-140.26
339.550,True,-1082.68,7173.78
339.656,True,82.64,-195.98
339.745,True,117.78,-368.82
339.852,True,-1078.43,7165.95
339.945,True,125.36,-327.67
340.054,True,118.47,-338.95
340.152,True,116.81,-177.37
340.255,True,115.03,-126.28
340.353,True,115.03,-134.61
340.454,True,118.31,-138.86
340.554,True,116.62,-133.72
340.649,True,117.43,-123.71
340.746,True,287.42,-133.53
340.853,True,332.09,-147.80
340.946,True,332.45,-146.26
341.052,True,130.41,-133.79
341.150,True,123.33,-128.65
341.246,False,-1111.54,7383.76
341.354,False,-1099.17,7378.45
341.452,True,83.37,-175.98
341.551,True,100.27,-201.29
341.655,True,106.64,-170.07
341.755,True,112.55,-156.41
341.850,True,113.07,-145.63
341.947,True,109.29,-147.35
342.046,True,106.67,-149.53
342.146,True,105.13,-148.93
342.252,True,103.04,-147.71
342.352,True,100.62,-145.52
342.451,True,100.50,-142.11
342.552,True,100.39,-139.78
342.645,True,99.90,-138.02
342.744,True,99.25,-136.88
342.847,True,98.86,-134.47
342.954,True,99.12,-134.67
343.055,True,98.38,-135.12
343.156,True,98.94,-134.65
343.246,True,99.68,-133.65
343.345,True,98.75,-135.48
343.444,True,95.03,-136.00
343.554,True,94.51,-136.03
343.654,True,94.24,-135.26
343.754,True,93.60,-134.22
343.853,True,92.01,-132.07
343.946,True,90.49,-127.35
344.053,True,108.42,-124.61
344.152,True,118.91,-124.46
344.255,True,113.47,-130.08
344.350,True,107.84,-134.01
344.446,True,96.68,-141.10
344.554,True,87.24,-145.84
344.648,True,83.00,-155.93
344.747,True,82.83,-160.10
344.849,True,83.78,-158.77
344.953,False,-1089.49,7383.57
345.050,True,90.20,-261.02
345.145,True,91.93,-175.71
345.255,True,90.95,-160.90
345.344,True,92.28,-165.32
345.454,True,91.91,-156.83
345.548,True,91.97,-155.43
345.645,True,90.93,-154.13
345.744,True,90.01,-153.44
345.852,True,90.99,-150.10
345.948,True,90.95,-147.35
346.053,True,90.91,-144.63
346.148,True,-1085.26,7306.32
346.257,True,75.02,-208.86
346.348,True,78.54,-275.21
346.444,True,79.76,-141.58
346.552,True,79.62,-134.59
346.646,True,78.71,-131.27
346.750,True,81.27,-130.15
346.847,True,102.51,-134.30
346.954,True,107.12,-143.16
347.047,True,107.97,-146.61
347.144,True,108.98,-145.94
347.252,True,108.69,-137.64
347.344,True,104.75,-132.99
347.455,False,-1097.91,7513.16
347.557,True,63.33,-188.49
347.656,True,124.33,-188.18
347.745,True,91.09,-167.64
347.848,True,79.31,-146.78
347.945,True,80.33,-142.87
348.051,True,81.15,-146.19
348.148,True,82.10,-150.66
348.255,True,82.52,-153.21
348.356,True,83.89,-153.39
348.452,True,93.59,-153.90
348.547,True,98.63,-163.84
348.654,True,103.33,-259.71
348.744,True,99.47,-242.34
348.853,True,91.61,-134.39
348.952,True,91.07,-141.80
349.046,True,89.68,-145.02
349.146,True,89.04,-148.66
349.254,True,88.11,-150.95
349.352,True,91.47,-149.94
349.454,True,100.66,-149.87
349.554,True,104.32,-150.83
349.654,True,104.64,-150.50
349.756,True,104.18,-149.16
