=== 数据记录开始于 2026-01-05 18:17:34 ===
11.238,True,69.72,-123.94
11.336,True,60.97,-124.95
11.444,True,44.86,-110.63
11.535,True,57.11,-85.86
11.632,True,65.97,-79.11
11.731,True,72.36,-92.02
11.832,True,75.22,-92.08
11.941,True,66.70,-184.81
12.036,True,61.80,-191.21
12.136,True,60.16,-190.41
12.231,True,59.53,-190.91
12.341,True,59.97,-95.47
12.438,True,75.24,-90.14
12.535,True,74.52,-87.75
12.637,True,45.81,-78.25
12.737,True,22.25,-73.83
12.845,True,11.98,-69.46
12.931,True,57.98,-76.78
13.036,True,88.84,-100.75
13.140,True,91.02,-103.34
13.233,True,83.41,-112.00
13.337,True,68.87,-144.38
13.438,True,72.18,-149.68
13.538,True,77.97,-133.04
13.633,True,81.92,-108.12
13.741,True,79.87,-166.61
13.836,True,74.21,-201.89
13.936,True,65.97,-203.83
14.037,True,59.00,-203.90
14.142,True,57.59,-205.72
14.239,True,56.80,-206.86
14.334,True,55.80,-206.88
14.435,True,53.73,-204.25
14.539,True,54.63,-202.47
14.634,True,71.40,-167.14
14.737,True,84.63,-143.98
14.840,True,84.25,-141.76
14.944,True,85.46,-117.31
15.035,True,82.80,-105.44
15.137,True,83.51,-94.60
15.236,True,86.86,-90.44
15.337,True,88.64,-88.52
15.444,True,89.47,-87.43
15.534,True,88.85,-85.47
15.640,True,88.47,-85.33
15.733,True,87.59,-85.65
15.831,True,86.35,-89.78
15.941,True,86.68,-94.04
16.035,True,86.42,-96.82
16.138,True,85.33,-98.69
16.232,True,84.53,-99.83
16.332,True,84.75,-101.80
16.438,True,85.10,-101.31
16.532,True,85.15,-98.71
16.634,True,83.89,-96.31
16.734,True,81.64,-94.54
16.843,True,79.42,-91.86
16.932,True,77.33,-90.48
17.033,True,76.00,-90.63
17.144,True,75.55,-92.21
17.233,True,75.89,-94.45
17.337,True,76.53,-95.50
17.431,True,78.37,-97.24
17.541,True,79.14,-98.30
17.631,True,78.97,-98.85
17.731,True,78.30,-97.55
17.831,True,78.36,-96.66
17.941,True,78.88,-95.79
18.034,True,79.31,-91.51
18.139,True,78.99,-85.63
18.235,True,78.12,-84.19
18.335,True,79.08,-83.40
18.432,True,78.99,-83.99
18.533,True,79.48,-87.65
18.641,True,80.92,-91.56
18.736,True,81.98,-93.12
18.832,True,82.84,-95.07
18.938,True,82.09,-95.44
19.031,True,81.98,-97.65
19.137,True,80.45,-98.76
19.236,True,79.32,-98.48
19.337,True,80.05,-97.35
19.436,True,81.38,-95.43
19.542,True,84.93,-93.14
19.635,True,87.27,-91.18
19.740,True,87.57,-89.23
19.833,True,87.22,-89.14
19.931,True,85.76,-89.51
20.043,True,84.46,-89.44
20.140,True,83.40,-89.65
20.237,True,84.08,-90.29
20.339,True,84.16,-91.16
20.436,True,85.69,-91.55
20.537,True,86.73,-92.26
20.633,True,87.67,-91.88
20.735,True,85.96,-92.99
20.837,True,85.60,-94.25
20.945,True,85.02,-94.10
21.035,True,84.78,-94.11
21.144,True,85.64,-92.92
21.238,True,100.24,-64.30
21.342,True,102.01,-55.92
21.431,True,104.01,-49.08
21.543,True,103.30,-28.73
21.633,True,102.32,-23.70
21.733,True,102.14,-19.37
21.832,True,101.65,-10.00
21.940,True,101.88,-0.15
22.037,True,106.42,7.82
22.138,True,103.84,4.16
22.237,True,67.82,-35.39
22.334,True,52.14,-39.28
22.441,True,41.19,-50.01
22.540,True,46.30,-57.30
22.636,True,28.82,-63.34
22.738,False,-326.58,-76.19
22.832,False,-420.70,-49.18
22.942,False,-423.22,-34.06
23.034,True,-135.72,-31.34
23.133,True,-93.74,-23.41
23.236,True,-86.00,-21.91
23.345,True,-84.30,-23.56
23.436,True,-86.96,-38.85
23.532,True,-92.04,-45.20
23.634,True,-99.38,-50.31
23.734,True,-100.33,-50.10
23.842,True,-97.61,-46.31
23.940,True,-94.14,-36.43
24.039,True,-91.88,-34.14
24.135,True,-91.00,-29.41
24.242,True,-90.99,-27.76
24.335,True,-91.51,-27.86
24.443,True,-90.06,-28.35
24.533,True,-87.49,-28.97
24.632,True,-87.09,-29.70
24.735,True,-86.97,-35.06
24.836,True,-87.00,-36.92
24.939,True,-86.88,-38.15
25.034,True,-87.39,-25.92
25.141,True,-88.91,-5.08
25.237,True,-90.69,3.26
25.341,True,-89.39,13.48
25.441,True,-85.99,26.38
25.533,True,-85.68,27.99
25.645,True,-85.70,25.01
25.739,True,-84.80,24.32
25.834,True,-84.30,19.91
25.936,True,2.94,-31.42
26.037,True,30.43,-80.62
26.137,True,35.34,-98.77
26.235,True,46.10,-112.38
26.334,True,50.24,-116.50
26.444,True,52.17,-117.99
26.540,True,55.37,-116.99
26.645,True,58.24,-118.35
26.737,True,60.04,-119.40
26.842,True,58.88,-121.31
26.941,True,58.05,-120.37
27.035,True,56.98,-122.66
27.135,True,56.86,-123.94
27.240,True,56.45,-124.68
27.342,True,55.96,-124.42
27.437,True,56.43,-122.65
27.534,True,56.92,-121.28
27.647,True,58.32,-119.75
27.743,True,58.31,-118.90
27.833,True,58.14,-119.30
27.937,True,57.05,-117.83
28.032,True,55.35,-118.22
28.146,True,53.37,-120.63
28.244,True,50.76,-119.78
28.339,True,49.64,-120.20
28.433,True,48.57,-120.19
28.531,True,48.90,-116.40
28.646,True,48.48,-103.20
28.735,True,47.74,-96.18
28.837,True,46.68,-92.09
28.941,True,46.15,-91.34
29.032,True,46.62,-90.63
29.140,True,47.42,-91.10
29.237,True,48.40,-90.34
29.341,True,-83.55,-146.48
29.437,True,-99.26,-160.29
29.532,True,-102.19,-166.37
29.642,True,40.66,-148.99
29.733,True,48.25,-141.64
29.833,True,50.05,-138.57
29.932,True,50.40,-135.91
30.030,True,50.96,-133.29
30.136,True,51.93,-133.26
30.235,True,51.71,-133.28
30.341,True,51.85,-133.38
30.440,True,51.05,-133.64
30.537,True,50.38,-133.75
30.635,True,49.18,-133.69
30.732,True,48.07,-134.24
30.834,True,47.58,-133.48
30.946,True,46.87,-131.38
31.034,True,45.00,-128.91
31.133,True,42.68,-127.38
31.236,True,42.01,-124.75
31.344,True,40.34,-119.39
31.446,True,37.47,-112.31
31.537,True,-26.59,-103.07
31.634,True,-60.57,-95.08
31.743,True,-64.28,-93.98
31.840,True,-65.29,-96.41
31.932,True,-65.42,-98.31
32.038,True,-65.31,-101.83
32.136,True,-64.15,-103.09
32.231,True,-64.01,-104.69
32.336,True,-63.78,-105.10
32.435,True,-64.21,-106.41
32.536,True,-64.05,-108.54
32.645,True,-24.52,-109.32
32.740,True,-10.56,-110.00
32.841,True,-7.35,-114.60
32.939,True,-5.86,-116.99
33.039,True,-5.18,-119.59
33.134,True,-3.70,-120.23
33.240,True,-4.21,-121.20
33.336,True,-5.19,-120.91
33.440,True,-4.12,-121.53
33.535,True,-2.22,-120.28
33.635,True,-1.81,-120.46
33.743,True,-2.56,-116.64
33.836,True,23.38,-110.88
33.940,True,32.49,-110.47
34.031,True,35.30,-110.74
34.134,True,36.98,-111.49
34.239,True,36.64,-110.67
34.342,True,23.32,-113.00
34.435,True,-24.71,-122.54
34.536,True,-32.12,-123.85
34.635,True,-34.41,-125.88
34.740,True,-36.28,-123.89
34.831,True,-36.65,-116.77
34.941,True,-38.07,-103.46
35.035,True,-39.45,-95.99
35.133,True,-40.35,-89.35
35.233,True,-41.50,-89.74
35.334,True,-41.67,-90.48
35.435,True,-43.51,-90.88
35.539,True,-46.28,-91.52
35.646,True,-46.64,-92.69
35.740,True,-48.07,-92.40
35.841,True,-53.32,-32.81
35.942,True,-33.86,-46.53
36.037,True,-14.36,-57.76
36.134,True,1.71,-74.33
36.241,True,6.24,-79.22
36.333,True,7.35,-83.87
36.440,True,7.29,-84.86
36.539,True,6.30,-84.87
36.640,True,4.89,-85.29
36.731,True,3.36,-86.74
36.838,True,3.62,-89.60
36.940,True,3.18,-88.80
37.039,True,3.11,-90.60
37.137,True,2.62,-90.86
37.242,True,2.11,-92.12
37.334,True,2.35,-92.09
37.442,True,2.71,-90.77
37.536,True,2.17,-90.50
37.641,True,1.34,-90.11
37.734,True,0.35,-81.74
37.831,True,0.37,-77.09
37.940,True,21.90,-74.33
38.032,True,37.87,-75.33
38.132,True,38.48,-75.17
38.231,True,46.91,-86.87
38.342,True,54.68,-95.74
38.438,True,57.21,-99.42
38.535,True,8.54,-95.03
38.642,True,0.14,-86.00
38.737,True,4.52,-107.78
38.833,True,10.30,-114.21
38.931,True,11.49,-113.14
39.041,True,-68.22,-163.34
39.131,True,-76.36,-172.53
39.236,True,-79.46,-174.91
39.337,True,59.67,-129.39
39.443,True,69.08,-120.89
39.536,True,71.30,-115.61
39.635,True,73.14,-112.31
39.731,True,74.44,-111.15
39.841,True,40.38,-104.12
39.937,True,22.73,-94.92
40.042,True,18.69,-90.57
40.140,True,16.83,-88.80
40.248,True,15.81,-90.26
40.344,True,13.67,-90.44
40.434,True,46.68,-102.20
40.542,True,54.36,-107.06
40.633,True,56.66,-108.91
40.742,True,58.37,-110.97
40.842,True,27.35,-131.32
40.939,True,-8.66,-179.29
41.039,True,-20.88,-187.40
41.135,True,-36.67,-199.79
41.242,True,41.73,-120.19
41.341,True,61.45,-100.80
41.439,True,65.44,-93.74
41.533,True,65.35,-91.98
41.635,True,65.37,-89.82
41.743,True,66.18,-90.47
41.835,True,66.25,-92.73
41.932,True,64.90,-97.17
42.039,True,57.11,-101.80
42.134,True,51.11,-104.54
42.238,True,51.50,-110.84
42.342,True,51.67,-113.52
42.436,True,52.25,-113.72
42.537,True,51.53,-115.26
42.638,True,51.50,-115.84
42.739,True,58.44,-116.89
42.833,True,65.85,-119.32
42.948,True,68.50,-118.14
43.036,True,68.64,-120.13
43.136,True,69.78,-120.23
43.233,True,69.79,-119.98
43.343,True,68.81,-119.71
43.435,True,69.24,-118.48
43.536,True,68.91,-117.60
43.633,True,69.43,-116.42
43.742,True,70.40,-114.68
43.831,True,70.21,-114.32
43.943,True,69.72,-113.75
44.042,True,68.70,-107.52
44.136,True,68.25,-99.38
44.232,True,67.38,-93.69
44.331,True,67.03,-91.34
44.440,True,-53.60,-119.66
44.539,True,-60.33,-128.49
44.644,True,-61.05,-129.25
44.744,True,33.54,-118.42
44.842,True,41.36,-112.91
44.942,True,43.83,-113.47
45.033,True,44.04,-111.97
45.146,True,14.19,-134.35
45.237,True,-53.41,-180.29
45.334,True,-62.81,-186.54
45.440,True,-65.69,-187.53
45.534,True,10.73,-141.19
45.633,True,30.39,-118.48
45.739,True,33.95,-115.37
45.835,True,35.86,-112.46
45.939,True,36.49,-111.09
46.041,True,35.38,-111.88
46.143,True,33.60,-113.97
46.240,True,31.23,-117.11
46.336,True,36.36,-69.86
46.443,True,43.77,-53.34
46.532,True,37.21,-81.31
46.646,True,42.86,-81.56
46.737,True,69.05,-166.20
46.840,True,83.07,-68.40
46.940,True,58.46,-59.46
47.038,True,47.21,-86.24
47.138,True,49.71,-102.61
47.239,True,51.02,-105.66
47.343,True,50.99,-106.95
47.442,True,48.96,-104.94
47.535,True,44.91,-93.04
47.643,True,-31.91,-114.11
47.740,True,-40.21,-128.91
47.831,True,-1.87,-111.85
47.934,True,58.81,-76.30
48.033,True,62.74,-70.45
48.136,True,65.02,-71.07
48.240,True,56.81,-40.85
48.346,True,37.23,-17.70
48.443,True,28.05,-53.92
48.534,True,29.95,-70.56
48.633,True,16.14,-77.61
48.736,True,7.59,-77.00
48.844,True,4.35,-78.24
48.940,True,4.40,-78.22
49.036,True,3.52,-78.98
49.132,True,2.72,-78.01
49.234,True,1.71,-76.58
49.344,True,-37.73,-101.74
49.441,True,-55.00,-114.34
49.531,True,-58.45,-116.27
49.631,True,-8.81,-90.19
49.731,True,37.99,-55.43
49.845,True,43.08,-51.47
49.938,True,45.37,-49.31
50.032,True,47.01,-49.36
50.134,True,49.58,-47.55
50.233,True,50.27,-47.52
50.333,True,49.32,-49.04
50.434,True,49.01,-53.07
50.535,True,43.38,-49.10
50.643,True,41.40,-41.38
50.744,True,40.14,-35.58
50.841,True,47.85,-63.62
50.933,True,53.72,-75.35
51.040,True,23.58,-128.83
51.141,True,-51.26,-187.79
51.242,True,-56.97,-192.11
51.334,True,-55.93,-193.26
51.447,True,58.33,-91.87
51.541,True,52.68,-102.51
51.633,True,43.88,-90.58
51.739,True,41.14,-84.84
51.841,True,41.45,-84.25
51.936,True,41.36,-85.11
52.036,True,31.58,-90.84
52.130,True,12.37,-109.77
52.243,True,6.86,-108.95
52.333,True,3.97,-110.31
52.441,True,30.34,-107.28
52.539,True,48.98,-101.78
52.636,True,51.84,-101.68
52.742,True,54.12,-102.23
52.843,True,54.27,-102.73
52.940,True,53.99,-103.09
53.040,True,65.38,-103.55
53.136,True,72.52,-105.00
53.241,True,73.88,-96.43
53.342,True,37.14,-94.27
53.443,True,13.08,-106.12
53.537,True,-39.70,-168.70
53.647,True,-47.72,-170.89
53.737,True,-49.95,-170.32
53.836,True,-50.62,-170.11
53.941,True,-50.00,-166.95
54.037,True,51.06,-127.60
54.139,True,65.44,-111.00
54.244,True,62.37,-84.67
54.340,True,60.89,-78.97
54.440,True,61.19,-81.00
54.532,True,62.52,-87.09
54.642,True,57.93,-79.18
54.735,True,50.08,-84.90
54.837,True,42.95,-85.54
54.934,True,38.70,-88.81
55.041,True,39.98,-99.01
55.134,True,45.37,-100.68
55.237,True,55.70,-99.69
55.331,True,57.79,-95.26
55.436,True,49.14,-96.68
55.543,True,49.30,-106.32
55.631,True,50.43,-110.82
55.736,True,51.42,-114.05
55.837,True,50.80,-114.83
55.932,True,50.39,-115.76
56.037,True,50.73,-115.75
56.144,True,50.74,-114.84
56.236,True,51.13,-115.28
56.341,True,51.24,-114.44
56.441,True,51.08,-114.28
56.533,True,51.17,-114.67
56.641,True,50.15,-114.85
56.736,True,48.84,-116.96
56.838,True,49.22,-118.99
56.933,True,48.24,-120.40
57.040,True,47.36,-119.73
57.134,True,43.16,-111.26
57.245,True,41.79,-98.78
57.339,True,41.13,-94.90
57.443,True,174.11,-102.56
57.541,True,185.33,-107.01
57.632,True,100.90,-103.69
57.731,True,37.96,-118.95
57.836,True,28.50,-109.55
57.933,True,41.08,-112.52
58.035,True,41.12,-102.18
58.132,True,45.72,-104.64
58.239,True,47.92,-111.02
58.335,True,49.74,-114.93
58.433,True,53.99,-121.89
58.539,True,58.59,-123.90
58.644,True,60.77,-125.20
58.731,True,58.23,-129.09
58.834,True,48.76,-134.78
58.938,True,46.80,-136.72
59.031,True,47.25,-138.57
59.137,True,47.33,-139.87
59.231,True,47.84,-140.35
59.331,True,47.93,-139.63
59.442,True,47.18,-140.63
59.540,True,51.40,-132.17
59.636,True,57.83,-129.57
59.732,True,60.27,-127.11
59.838,True,61.74,-127.23
59.934,True,49.08,-129.99
60.038,True,41.95,-130.69
60.138,True,41.07,-131.07
60.241,True,40.31,-131.43
60.333,True,40.06,-130.73
60.433,True,40.03,-129.67
60.532,True,38.98,-128.38
60.642,True,34.47,-113.20
60.737,True,32.71,-99.40
60.846,True,34.68,-93.11
60.932,True,45.36,-91.16
61.031,True,139.43,-87.08
61.144,True,148.45,-87.51
61.237,True,150.58,-88.02
61.335,True,87.92,-98.24
61.436,True,65.76,-100.32
61.537,True,59.99,-104.69
61.644,True,57.01,-106.62
61.735,True,52.93,-103.92
61.838,True,48.77,-95.84
61.938,True,48.40,-96.16
62.042,True,48.20,-94.30
62.141,True,27.34,-93.82
62.251,True,28.04,-77.91
62.343,True,29.38,-76.69
62.433,True,49.65,-82.10
62.535,True,55.93,-84.69
62.634,True,41.70,-82.18
62.743,True,29.99,-75.98
62.832,True,28.42,-75.83
62.940,True,28.51,-77.83
63.037,True,26.66,-79.30
63.141,True,25.65,-80.76
63.245,True,24.29,-80.24
63.332,True,23.92,-78.19
63.438,True,24.27,-73.46
63.532,True,24.75,-69.27
63.641,True,24.76,-66.27
63.745,True,24.20,-65.62
63.832,True,24.45,-68.56
63.936,True,24.74,-75.06
64.032,True,24.33,-75.85
64.134,True,30.69,-80.43
64.234,True,36.23,-82.21
64.341,True,36.97,-83.87
64.433,True,37.28,-83.93
64.536,True,35.93,-83.47
64.632,True,89.06,-88.79
64.733,True,99.64,-92.25
64.835,True,102.30,-91.42
64.935,True,104.12,-91.53
65.036,True,51.01,-84.93
65.134,True,43.86,-82.91
65.236,True,40.45,-81.28
65.341,True,37.76,-79.97
65.440,True,36.69,-81.10
65.542,True,65.69,-82.26
65.634,True,74.20,-75.91
65.735,True,77.17,-72.22
65.843,True,73.11,-72.32
65.938,True,46.98,-78.91
66.038,True,49.41,-86.09
66.141,True,57.49,-88.12
66.237,True,34.28,-88.13
66.338,True,26.79,-88.94
66.442,True,22.22,-92.98
66.534,True,20.72,-96.08
66.644,True,17.50,-99.18
66.737,True,16.33,-101.15
66.833,True,11.31,-98.47
66.938,True,10.73,-79.47
67.031,True,36.25,-72.17
67.137,True,46.41,-68.45
67.240,True,47.46,-69.36
67.333,True,48.11,-69.95
67.439,True,49.16,-73.51
67.533,True,50.41,-78.96
67.634,True,51.21,-87.57
67.742,True,49.20,-96.19
67.843,True,46.55,-104.52
67.936,True,46.11,-106.31
68.035,True,45.60,-108.30
68.145,True,177.14,-127.75
68.239,True,217.78,-139.80
68.333,True,225.49,-141.92
68.436,True,89.43,-120.22
68.549,True,78.64,-109.54
68.646,True,77.08,-109.26
68.743,True,45.91,-110.35
68.839,True,35.85,-109.58
68.934,True,29.47,-108.88
69.049,True,23.99,-110.85
69.141,True,18.99,-111.86
69.242,True,14.79,-112.55
69.342,True,11.48,-112.26
69.433,True,10.07,-110.30
69.543,True,9.81,-109.63
69.642,True,8.54,-110.96
69.739,True,-42.34,-126.18
69.841,True,-83.61,-148.97
69.937,True,-62.20,-155.76
70.034,True,47.16,-116.25
70.136,True,54.49,-112.13
70.242,True,57.19,-111.57
70.341,True,55.37,-110.05
70.431,True,53.11,-106.81
70.541,True,52.24,-105.37
70.637,True,51.46,-106.17
70.732,True,51.21,-104.73
70.840,True,55.32,-107.50
70.931,True,58.19,-108.91
71.037,True,59.68,-114.84
71.133,True,60.90,-117.02
71.235,True,60.95,-118.55
71.343,True,61.27,-119.34
71.434,True,60.65,-118.92
71.535,True,60.36,-117.12
71.631,True,59.76,-116.53
71.734,True,59.52,-115.63
71.843,True,-8.48,-120.44
71.932,True,-26.86,-136.86
72.039,True,-33.52,-142.43
72.141,True,-33.27,-140.26
72.241,True,29.52,-119.20
72.338,True,37.44,-114.91
72.442,True,39.72,-113.93
72.536,True,40.67,-113.77
72.641,True,28.63,-132.52
72.741,True,31.12,-113.83
72.841,True,41.89,-96.34
72.934,True,-20.95,-154.15
73.042,True,-32.38,-165.88
73.142,True,-34.41,-167.75
73.235,True,-38.32,-162.44
73.344,True,31.39,-111.01
73.435,True,55.18,-91.70
73.538,True,59.67,-93.49
73.641,True,46.36,-78.84
73.731,True,41.82,-65.65
73.831,True,66.67,-42.28
73.932,True,69.83,-85.91
74.037,False,-366.06,3081.71
74.142,False,-365.83,3082.67
74.241,True,105.39,-23.67
74.341,True,103.13,-51.55
74.433,True,106.88,-59.23
74.536,True,102.38,-76.14
74.632,True,88.78,-82.39
74.735,True,74.51,-88.15
74.840,True,66.93,-93.11
74.933,True,63.43,-95.65
75.039,True,62.30,-97.46
75.141,True,63.42,-92.50
75.236,True,26.97,-94.00
75.341,True,15.05,-93.29
75.438,True,12.42,-90.94
75.540,True,10.90,-88.82
75.634,True,64.46,-66.48
75.731,True,68.69,-69.13
75.842,False,-366.20,3079.03
75.943,False,-367.33,3087.19
76.037,True,26.82,-96.82
76.140,False,-364.60,3084.66
76.234,True,-46.35,-222.42
76.343,True,-70.50,-223.16
76.431,False,-366.43,3080.15
76.535,False,-364.41,3068.64
76.636,True,-124.11,-290.00
76.739,False,-368.30,3082.73
76.835,False,-206.34,-264.17
76.940,True,-192.01,-227.99
77.035,True,-187.37,-212.73
77.143,True,15.51,-83.12
77.239,True,9.37,-89.50
77.341,True,-4.69,-103.93
77.435,True,-6.56,-77.00
77.534,True,-6.60,-62.82
77.631,True,-21.70,-81.52
77.736,True,30.42,-76.29
77.832,True,42.20,-76.55
77.941,True,40.83,-76.46
78.036,True,29.03,-74.46
78.138,True,20.08,-77.37
78.240,True,17.01,-81.38
78.332,True,18.56,-86.78
78.442,True,26.24,-81.82
78.535,True,33.99,-64.92
78.643,True,14.18,-74.38
78.736,True,-4.88,-98.31
78.844,True,-10.28,-101.58
78.936,True,-12.38,-102.41
79.039,True,-12.71,-103.98
79.140,True,42.78,-43.80
79.233,True,42.89,-43.23
79.335,True,43.32,-85.88
79.436,True,54.78,-99.60
79.535,True,57.50,-105.02
79.631,True,58.42,-108.60
79.735,True,59.53,-111.97
79.835,True,59.58,-112.44
79.938,True,58.60,-115.15
80.033,True,58.02,-115.46
80.135,True,56.89,-115.96
80.237,True,57.67,-116.65
80.342,True,59.25,-115.83
80.438,True,58.31,-88.73
80.542,True,59.07,-94.11
80.641,True,59.72,-88.00
80.737,True,58.64,-86.19
80.844,True,57.89,-83.59
80.934,True,57.37,-83.70
81.045,True,56.84,-87.15
81.133,True,58.12,-90.16
81.242,True,24.02,-117.91
81.343,True,-19.83,-141.08
81.438,True,-26.41,-147.18
81.533,True,-28.83,-146.71
81.641,True,-29.01,-145.38
81.738,True,-108.74,-235.71
81.841,True,-115.14,-246.84
81.935,True,-107.97,-237.75
82.040,True,-40.60,-214.01
82.136,True,69.48,-96.18
82.236,True,74.36,-90.52
82.333,True,74.56,-87.68
82.443,True,75.23,-83.05
82.532,True,71.73,-93.85
82.640,True,29.25,-93.65
82.731,True,41.11,-81.90
82.844,True,54.71,-68.88
82.931,True,54.98,-77.16
83.046,True,51.90,-94.85
83.143,True,50.36,-96.68
83.238,True,48.77,-99.08
83.340,True,45.83,-102.09
83.440,True,46.05,-103.16
83.536,True,44.64,-104.98
83.644,True,43.76,-102.71
83.731,True,40.37,-69.03
83.841,True,3.03,-61.50
83.932,True,-4.14,-59.31
84.038,True,13.11,-51.98
84.134,True,83.34,-30.52
84.246,True,91.15,-27.84
84.343,True,84.97,-31.26
84.433,True,78.18,-39.31
84.532,True,76.16,-46.43
84.636,True,75.70,-50.51
84.731,True,75.89,-54.41
84.840,True,76.64,-57.91
84.942,True,76.37,-60.48
85.035,True,77.16,-61.10
85.140,True,75.80,-63.98
85.237,True,33.99,-59.45
85.338,True,9.27,-73.80
85.431,True,45.38,-72.33
85.536,True,49.65,-50.22
85.641,True,27.06,-46.45
85.737,True,33.74,-52.22
85.838,True,22.55,-43.25
85.933,True,-23.75,-11.77
86.036,True,-39.43,23.38
86.134,True,71.36,4.94
86.234,True,102.19,-6.98
86.336,True,86.37,-7.99
86.433,True,121.62,2.46
86.541,True,143.58,-20.10
86.633,True,118.21,-32.01
86.733,True,85.18,-29.72
86.842,True,83.98,-40.69
86.945,True,66.86,-88.06
87.031,True,50.10,-95.41
87.142,True,44.34,-97.23
87.238,True,36.30,-93.41
87.338,True,-43.76,-111.59
87.432,True,-79.31,-136.40
87.532,True,-83.46,-145.26
87.636,True,-64.00,-145.47
87.734,True,51.25,-92.48
87.845,True,55.59,-89.68
87.942,True,56.83,-87.31
88.030,True,57.80,-86.24
88.140,True,58.32,-85.58
88.241,True,60.16,-85.28
88.341,True,61.17,-87.36
88.432,True,62.01,-89.92
88.532,True,62.26,-92.83
88.637,True,16.04,-80.32
88.743,True,7.56,-68.11
88.838,True,5.73,-65.43
88.938,True,31.95,-74.86
89.040,True,38.29,-80.26
89.134,True,39.57,-85.56
89.240,True,40.06,-89.10
89.336,True,41.18,-91.20
89.436,True,41.76,-93.96
89.536,True,41.84,-95.84
89.644,True,39.66,-96.90
89.737,True,39.63,-97.56
89.840,True,37.72,-96.14
89.940,True,37.25,-96.74
90.033,True,38.45,-93.20
90.146,True,40.18,-85.95
90.237,True,40.14,-84.42
90.332,True,40.45,-82.55
90.442,True,-39.47,-160.48
90.534,True,-48.57,-165.85
90.632,True,-46.07,-157.18
90.738,True,-41.56,-150.10
90.835,True,42.64,-119.96
90.940,True,86.37,-103.48
91.038,True,70.97,-99.21
91.142,True,56.32,-94.14
91.238,True,54.55,-93.03
91.331,True,55.21,-92.90
91.439,True,58.09,-103.12
91.540,True,57.86,-105.28
91.643,True,57.98,-108.66
91.735,True,58.55,-108.77
91.837,True,58.78,-108.61
91.930,True,58.71,-109.43
92.035,True,58.27,-109.41
92.136,True,58.33,-109.56
92.231,True,11.25,-124.67
92.342,True,-3.73,-113.31
92.435,True,19.99,-106.98
92.535,True,50.37,-105.99
92.637,True,54.41,-106.08
92.735,True,58.10,-107.66
92.845,True,58.00,-111.58
92.937,True,-28.40,-228.54
93.037,True,-44.34,-235.60
93.140,True,-48.21,-233.36
93.236,True,66.87,-178.63
93.336,True,86.60,-160.64
93.440,True,89.60,-154.35
93.540,True,89.30,-141.55
93.639,True,89.59,-133.22
93.731,True,89.68,-128.55
93.841,True,-84.70,-183.52
93.938,True,-109.82,-196.58
94.042,True,-105.51,-155.92
94.142,True,-49.72,-203.10
94.236,True,55.53,-59.38
94.333,True,49.66,-100.44
94.441,True,53.44,-105.59
94.541,True,54.00,-104.94
94.637,True,52.80,-105.49
94.739,True,51.87,-108.86
94.839,True,51.57,-111.52
94.932,True,50.66,-116.30
95.039,True,49.64,-117.18
95.135,True,49.79,-117.98
95.236,True,49.88,-118.94
95.344,True,50.61,-118.56
95.432,True,37.61,-132.46
95.538,True,48.33,-121.36
95.633,True,36.40,-134.94
95.745,True,33.31,-138.89
95.842,True,30.96,-141.32
95.935,True,31.98,-138.94
96.044,True,41.52,-128.25
96.141,True,46.93,-125.56
96.243,True,47.06,-127.36
96.333,True,-80.19,-162.50
96.435,True,-127.96,-184.98
96.535,True,-132.45,-184.73
96.637,True,-116.56,-231.73
96.739,True,-98.55,-259.64
96.841,True,-86.87,-244.55
96.940,True,-130.66,-249.37
97.039,True,-139.46,-252.13
97.143,True,24.80,-119.21
97.235,True,36.48,-96.16
97.337,True,36.39,-91.76
97.437,True,46.48,-94.29
97.540,True,51.68,-101.24
97.634,True,53.44,-106.23
97.742,True,54.86,-111.03
97.835,True,55.70,-113.52
97.931,True,56.00,-117.88
98.040,True,55.62,-119.83
98.135,True,53.00,-121.89
98.238,True,46.80,-126.04
98.332,True,40.51,-125.75
98.435,True,38.45,-125.33
98.539,True,37.08,-125.99
98.645,True,36.16,-126.99
98.737,True,36.57,-125.91
98.837,True,51.88,-122.69
98.939,True,61.84,-122.63
99.033,True,67.28,-122.00
99.140,True,12.57,-157.31
99.240,True,-8.12,-185.42
99.343,True,-12.32,-189.58
99.439,True,-13.91,-193.17
99.537,True,-15.69,-195.51
99.636,True,-10.66,-145.94
99.738,True,51.18,-80.06
99.839,True,49.55,-104.02
99.939,True,48.78,-97.42
100.042,True,49.21,-82.05
100.142,True,49.30,-76.82
100.231,True,49.86,-75.81
100.339,True,50.34,-75.88
100.439,True,50.65,-77.91
100.541,True,50.95,-83.97
100.643,True,51.26,-88.99
100.739,True,52.44,-90.21
100.834,True,25.98,-94.21
100.934,True,22.30,-51.74
101.040,True,52.20,-35.55
101.131,True,27.79,-5.41
101.243,True,12.17,-30.50
101.336,True,15.94,-66.59
101.445,True,20.17,-81.51
101.544,True,22.63,-84.95
101.640,True,25.69,-87.95
101.738,True,26.80,-89.27
101.835,True,28.74,-88.27
101.939,True,27.35,-84.92
102.034,True,24.92,-87.55
102.143,True,24.83,-66.20
102.244,True,25.82,-58.27
102.335,True,27.82,-54.34
102.438,True,31.21,-51.23
102.537,True,-4.79,-91.19
102.641,True,-14.67,-47.91
102.733,True,-20.00,-55.80
102.833,True,-79.82,-120.17
102.940,True,-87.93,-133.87
103.039,True,58.93,-99.97
103.145,True,75.67,-84.62
103.241,True,58.85,-94.25
103.338,True,60.89,-63.41
103.436,True,43.96,-101.39
103.540,True,33.99,-112.78
103.640,True,38.03,-102.32
103.740,True,41.94,-94.71
103.832,True,42.47,-94.65
103.945,True,40.08,-101.86
104.037,True,53.29,-109.78
104.137,True,63.20,-111.79
104.239,True,68.65,-113.67
104.335,True,63.50,-118.35
104.433,True,61.23,-119.97
104.542,True,49.72,-102.46
104.632,True,47.49,-96.86
104.740,True,46.43,-95.40
104.838,True,91.71,-86.63
104.933,True,115.66,-63.89
105.042,True,118.57,-55.93
105.137,True,70.59,-65.01
105.242,True,62.33,-76.23
105.346,True,81.35,-90.35
105.432,True,83.19,-93.34
105.531,True,82.91,-94.03
105.642,True,81.57,-96.82
105.735,True,80.54,-101.53
105.842,True,29.50,-113.45
105.935,True,13.52,-120.52
106.040,True,11.21,-123.77
106.134,True,10.60,-123.53
106.241,True,9.57,-113.08
106.340,True,7.96,-97.62
106.439,True,6.24,-88.96
106.538,True,37.26,-79.01
106.641,True,47.99,-70.36
106.733,True,52.67,-69.79
106.832,True,65.03,-67.46
106.936,True,69.19,-67.61
107.038,True,70.17,-71.29
107.142,True,69.73,-76.43
107.235,True,69.69,-78.96
107.332,True,33.60,-94.51
107.440,True,24.18,-100.67
107.541,True,22.13,-105.88
107.636,True,21.01,-107.90
107.743,True,20.27,-109.67
107.841,True,20.08,-110.01
107.935,True,19.32,-108.96
108.033,True,16.91,-107.54
108.140,True,15.56,-106.96
108.232,True,15.44,-104.95
108.337,True,14.56,-105.32
108.446,True,13.36,-105.25
108.540,True,13.78,-106.75
108.644,True,12.25,-108.21
108.739,True,11.00,-108.42
108.839,True,10.87,-108.59
108.942,True,10.01,-109.57
109.043,True,9.62,-105.78
109.143,True,9.62,-99.87
109.237,True,45.81,-84.56
109.339,True,65.49,-77.23
109.433,True,49.64,-78.36
109.540,True,44.01,-65.13
109.631,True,77.10,-15.03
109.735,True,84.16,-34.43
109.837,True,63.59,-41.13
109.933,True,56.32,-48.64
110.032,True,54.58,-58.81
110.131,True,44.56,-80.90
110.241,True,43.62,-115.02
110.339,True,51.87,-129.97
110.440,True,53.88,-130.34
110.542,True,56.74,-129.64
110.634,True,57.86,-128.59
110.735,True,58.97,-129.42
110.840,True,61.51,-128.81
110.941,True,30.22,-129.60
111.040,True,18.64,-117.96
111.141,True,16.25,-112.70
111.237,True,15.45,-112.77
111.339,True,-32.01,-130.91
111.442,True,-43.52,-137.31
111.537,True,14.35,-129.78
111.635,True,51.59,-114.14
111.741,True,57.90,-115.23
111.841,True,60.28,-114.88
111.943,True,60.14,-115.05
112.033,True,29.78,-129.06
112.136,True,-71.37,-194.39
112.244,True,-79.24,-198.82
112.331,True,-82.29,-201.24
112.444,True,-81.69,-200.38
112.542,True,-81.26,-198.03
112.636,True,38.82,-129.19
112.740,True,81.65,-82.46
112.834,True,80.25,-74.69
112.942,True,58.07,-77.40
113.041,True,50.88,-81.32
113.140,True,54.47,-89.72
113.239,True,58.24,-96.92
113.333,True,60.10,-103.00
113.442,True,60.36,-107.36
113.538,True,60.54,-110.25
113.643,True,60.23,-113.79
113.731,True,60.62,-117.21
113.833,True,52.66,-118.41
113.941,True,43.96,-121.87
114.038,True,41.62,-122.05
114.140,True,41.60,-122.65
114.237,True,40.54,-122.60
114.348,True,40.75,-123.38
114.433,True,40.18,-123.42
114.539,True,40.83,-123.06
114.639,True,40.38,-122.68
114.738,True,40.19,-123.68
114.845,True,40.83,-125.62
114.940,True,19.55,-127.18
115.036,True,-34.65,-119.70
115.137,True,-40.42,-114.32
115.235,True,-45.15,-112.90
115.333,True,-47.90,-109.26
115.444,True,-49.38,-105.88
115.541,True,-49.18,-98.16
115.637,True,43.18,-78.79
115.742,True,64.70,-74.48
115.843,True,60.14,-77.90
115.939,True,43.88,-84.71
116.033,True,39.92,-87.82
116.132,True,47.24,-99.32
116.241,True,53.92,-108.11
116.343,True,56.68,-110.48
116.436,True,50.97,-108.04
116.537,True,40.48,-99.57
116.634,True,36.93,-97.52
116.739,True,36.67,-96.63
116.836,True,36.61,-94.96
116.935,True,37.26,-94.98
117.041,True,36.52,-96.49
117.139,True,36.40,-96.06
117.236,True,53.29,-98.50
117.339,True,64.82,-110.16
117.438,True,71.35,-112.13
117.540,True,72.71,-114.25
117.639,True,71.08,-113.99
117.739,True,68.92,-112.62
117.839,True,64.83,-110.72
117.940,True,62.85,-108.86
118.031,True,62.71,-109.60
118.141,True,62.68,-110.76
118.239,True,62.27,-111.21
118.333,True,61.75,-113.00
118.436,True,30.34,-122.08
118.533,True,23.87,-132.95
118.632,True,22.39,-135.67
118.735,True,27.30,-114.66
118.842,True,3.42,-170.99
118.932,True,-1.71,-5.53
119.042,True,3.03,66.81
119.134,True,13.50,-51.57
119.237,True,31.07,-78.01
119.339,True,57.03,-83.58
119.435,True,65.01,-88.82
119.542,True,70.32,-90.32
119.637,True,56.34,-90.52
119.746,True,44.94,-90.44
119.842,True,41.93,-92.04
119.934,True,39.65,-93.81
120.042,True,37.86,-95.28
120.132,True,37.69,-97.32
120.245,True,38.63,-97.97
120.342,True,40.41,-100.77
120.442,True,40.25,-103.34
120.533,True,39.98,-105.78
120.634,True,40.21,-106.11
120.743,True,39.93,-106.68
120.838,True,40.04,-107.96
120.942,True,38.42,-109.52
121.035,True,37.30,-109.33
121.141,True,36.16,-109.96
121.239,True,35.74,-110.81
121.333,True,30.80,-113.47
121.432,True,-14.32,-107.18
121.540,True,-21.25,-101.32
121.633,True,-22.97,-99.58
121.743,True,-13.35,-99.83
121.838,True,43.79,-131.15
121.934,True,48.67,-134.88
122.039,True,268.46,-133.86
122.132,True,280.33,-132.63
122.238,True,66.60,-126.84
122.342,True,37.20,-122.00
122.444,True,35.10,-122.82
122.540,True,33.86,-123.79
122.636,True,33.64,-123.34
122.735,True,34.09,-123.90
122.833,True,41.52,-120.23
122.936,True,45.05,-117.00
123.040,True,46.34,-116.50
123.141,True,46.76,-116.44
123.241,True,47.05,-117.03
123.333,True,48.64,-119.08
123.444,True,121.98,-120.10
123.536,True,336.16,-147.73
123.632,True,344.43,-155.60
123.741,True,346.90,-156.14
123.839,True,346.79,-155.70
123.940,True,347.01,-154.91
124.035,True,341.39,-152.77
124.147,True,301.57,-146.76
124.235,True,69.00,-127.50
124.343,True,56.38,-121.07
124.437,True,53.21,-120.76
124.532,True,53.60,-120.90
124.645,True,53.12,-123.37
124.739,True,52.69,-125.35
124.836,True,52.43,-125.66
124.941,True,51.60,-122.16
125.044,True,51.61,-120.42
125.142,True,51.85,-119.28
125.237,True,50.71,-118.86
125.341,True,51.21,-111.66
125.433,True,52.77,-104.84
125.535,True,52.65,-96.23
125.635,True,52.92,-93.99
125.736,True,52.75,-93.53
125.843,True,48.47,-96.99
125.940,True,43.43,-95.44
126.039,True,43.23,-93.64
126.136,True,59.24,-92.50
126.238,True,46.29,-93.18
126.337,True,21.86,-89.61
126.442,True,38.82,-84.45
126.543,True,50.88,-81.75
126.635,True,53.44,-81.20
126.738,True,54.95,-86.06
126.838,True,55.76,-90.72
126.937,True,56.23,-91.32
127.037,True,56.34,-91.40
127.143,True,55.65,-91.00
127.237,True,54.87,-90.00
127.344,True,54.72,-89.66
127.436,True,54.79,-87.47
127.539,True,54.50,-87.82
127.639,True,54.78,-86.27
127.734,True,54.73,-86.78
127.831,True,53.54,-86.78
127.940,True,54.26,-86.74
128.041,True,82.78,-77.34
128.139,True,69.54,-14.98
128.238,True,0.43,-84.42
128.332,True,-7.18,-91.36
128.438,True,-9.32,-91.41
128.538,True,-10.17,-91.35
128.632,True,-13.10,-93.13
128.740,True,30.69,-58.50
128.845,True,59.39,-75.77
128.938,True,120.09,16.27
129.031,True,128.53,14.92
129.136,True,80.48,-42.02
129.234,True,68.20,-82.81
129.338,True,43.33,-95.99
129.435,True,32.45,-101.15
129.541,True,-18.79,-129.45
129.635,True,-6.41,-75.79
129.734,True,41.66,-64.37
129.835,True,20.31,-67.51
129.934,True,-3.20,-68.76
130.035,True,-13.14,-67.69
130.141,True,-17.43,-66.84
130.235,True,-37.69,-61.96
130.339,True,-46.75,-43.26
130.442,True,9.85,-32.73
130.540,True,21.37,-21.62
130.644,True,63.73,-25.52
130.733,True,118.38,-60.11
130.838,True,87.82,-70.22
130.931,True,76.79,-65.96
131.039,True,58.21,-59.88
131.135,True,40.45,-65.17
131.237,True,43.01,-73.84
131.331,True,31.59,-76.02
131.436,True,26.88,-83.51
131.534,True,24.68,-94.40
131.637,True,20.94,-80.48
131.731,True,19.26,-64.17
131.843,True,18.60,-54.13
131.932,True,18.97,-45.53
132.041,True,16.31,-38.30
132.134,True,16.26,-39.26
132.234,True,16.65,-40.59
132.342,True,21.21,-41.55
132.439,True,-36.07,-71.19
132.540,True,-47.34,-75.93
132.632,True,-49.96,-75.94
132.731,True,-49.93,-78.47
132.841,True,-50.27,-77.59
132.941,True,-51.28,-78.59
133.032,True,69.87,-54.44
133.136,True,96.54,-28.98
133.235,True,92.28,-48.56
133.341,True,53.33,-63.10
133.432,True,40.87,-84.20
133.540,True,46.89,-73.34
133.637,True,51.36,-71.63
133.733,True,51.82,-72.63
133.846,True,52.38,-74.27
133.937,True,50.16,-81.61
134.044,True,46.60,-83.56
134.134,True,38.10,-80.51
134.239,True,23.23,-58.25
134.339,True,17.67,-53.97
134.440,True,15.52,-52.56
134.539,True,13.67,-52.54
134.639,True,11.32,-49.37
134.731,True,9.78,-47.01
134.838,True,7.72,-43.50
134.945,True,6.83,-43.57
135.033,True,6.13,-44.56
135.134,True,2.38,-50.59
135.237,True,1.24,-56.77
135.340,True,0.77,-64.07
135.431,True,-0.40,-67.03
135.531,True,38.11,-41.17
135.637,True,51.88,-7.63
135.731,True,62.97,-44.12
135.833,True,62.53,-55.20
135.941,True,43.66,-49.25
136.035,True,25.30,-52.49
136.131,True,51.54,-74.66
136.234,True,6.67,-79.33
136.338,True,18.10,2.08
136.441,True,16.34,-27.77
136.534,True,8.43,-66.67
136.637,True,-41.92,-95.03
136.738,True,-82.03,-93.48
136.832,True,-122.93,-41.91
136.943,True,-38.71,17.30
137.035,True,-11.60,20.45
137.134,True,-4.09,-19.80
137.236,True,20.81,-36.78
137.341,True,41.69,-50.05
137.432,True,39.84,-40.30
137.535,True,73.40,40.07
137.643,True,72.51,-96.15
137.731,True,58.65,-160.55
137.833,True,28.94,-160.78
137.938,True,-21.24,-166.07
138.031,True,-57.18,-168.92
138.140,True,-43.23,-124.65
138.238,True,27.31,-83.59
138.346,True,32.74,-70.69
138.437,True,52.42,-71.98
138.533,True,58.55,-71.97
138.640,True,59.94,-71.92
138.733,True,59.26,-73.30
138.838,True,62.81,-53.92
138.931,True,65.91,-50.08
139.037,True,53.48,-85.51
139.139,True,47.44,-94.03
139.233,True,47.30,-95.72
139.332,True,48.06,-96.57
139.440,True,48.87,-96.96
139.533,True,50.44,-99.86
139.637,True,7.06,-120.16
139.733,True,-85.61,-183.18
139.838,True,-90.82,-182.45
139.935,True,-90.93,-170.73
140.031,True,-80.91,-163.65
140.140,True,42.63,-54.93
140.237,True,30.47,-83.15
140.340,True,33.03,-83.91
140.439,True,31.11,-86.44
140.541,True,28.59,-87.21
140.639,True,26.92,-86.77
140.733,True,27.62,-87.35
140.839,True,28.28,-89.64
140.936,True,26.79,-92.11
141.036,True,24.19,-94.37
141.136,True,23.09,-90.83
141.235,True,22.12,-82.21
141.339,True,21.45,-77.67
141.437,True,51.90,-66.23
141.537,True,76.71,-47.32
141.646,True,51.01,-36.70
141.731,True,53.68,-36.60
141.841,True,53.94,-37.41
141.933,True,52.88,-40.98
142.034,True,79.07,-52.96
142.141,True,81.75,-65.03
142.231,True,70.37,-83.90
142.336,True,54.67,-98.58
142.443,True,52.81,-101.55
142.537,True,51.68,-101.91
142.645,True,48.96,-103.08
142.742,True,46.31,-103.11
142.834,True,46.10,-103.18
142.941,True,4.26,-107.71
143.039,True,-9.15,-114.46
143.144,True,-12.37,-116.80
143.238,True,-13.87,-118.00
143.337,True,-15.28,-120.15
143.440,True,-16.88,-122.42
143.535,True,-8.09,-116.92
143.632,True,6.85,-106.74
143.737,True,27.51,-100.27
143.845,True,42.66,-93.81
143.932,True,46.99,-89.16
144.034,True,48.19,-88.00
144.140,True,1.31,-170.89
144.235,True,-1.80,-179.97
144.331,True,-2.49,-185.07
144.431,True,-0.42,-82.20
144.534,True,-1.12,-89.34
144.631,True,-0.41,-86.21
144.741,True,-29.27,-94.82
144.843,True,-50.90,-109.62
144.937,True,-42.38,-104.25
145.038,True,30.62,-70.80
145.135,True,36.87,-68.34
145.243,True,38.35,-69.21
145.336,True,29.54,-72.28
145.442,True,15.80,-77.05
145.533,True,-99.12,-168.08
145.645,True,-121.12,-187.00
145.734,True,-121.75,-183.98
145.837,True,12.28,-83.58
145.931,True,21.58,-78.67
146.034,True,24.19,-74.47
146.132,True,27.25,-70.29
146.234,True,28.99,-69.40
146.335,True,30.78,-70.03
146.435,True,31.42,-71.37
146.534,True,31.76,-75.35
146.640,True,31.41,-79.72
146.734,True,32.12,-83.66
146.835,True,33.61,-82.75
146.942,True,34.70,-83.73
147.039,True,35.39,-83.93
147.139,True,36.35,-82.66
147.235,True,37.07,-83.08
147.333,True,23.06,-76.58
147.441,True,15.72,-71.83
147.542,True,12.02,-70.01
147.634,True,-31.00,-51.93
147.746,True,-41.77,-49.14
147.842,True,-42.65,-68.84
147.943,True,-20.37,-87.09
148.039,True,-16.32,-79.77
148.132,True,7.45,-34.12
148.235,True,84.12,-64.53
148.338,True,79.21,-63.38
148.439,True,53.75,-61.07
148.541,True,-87.79,-125.09
148.633,True,-128.00,-146.08
148.745,True,-128.65,-123.95
148.838,True,-132.18,-90.77
148.933,True,-63.38,-89.90
149.034,True,32.58,-86.35
149.136,True,44.13,-124.53
149.242,True,43.54,-116.92
149.336,True,45.25,-107.02
149.441,True,49.46,-91.24
149.541,True,46.13,-70.00
149.642,True,-14.44,-63.94
149.743,True,-17.97,-35.85
149.833,True,-35.72,20.63
149.942,True,-43.88,63.13
150.035,True,-2.92,58.54
150.133,True,-1.10,-141.20
150.231,True,-7.10,-106.76
150.334,True,21.39,-66.12
150.431,True,27.49,37.25
150.541,True,38.89,21.20
150.634,True,50.55,14.64
150.731,True,80.07,13.84
150.834,True,64.69,-16.51
150.932,True,32.55,-21.09
151.034,True,28.88,-14.73
151.132,True,24.83,-10.64
151.239,True,33.96,-15.71
151.333,True,46.30,-8.37
151.443,True,42.71,-27.88
151.535,True,40.25,-41.31
151.634,True,29.64,-47.58
151.736,True,12.47,-62.89
151.837,True,1.04,-75.21
151.937,True,-23.29,-100.91
152.037,True,-31.07,-100.09
152.131,True,-34.30,-99.89
152.236,True,-35.82,-99.66
152.331,True,-36.93,-97.25
152.441,True,-18.79,-82.92
152.533,True,-3.23,-67.72
152.632,True,27.15,-61.06
152.735,True,28.84,-47.35
152.836,True,16.42,-17.77
152.932,True,18.29,-9.78
153.034,True,23.39,-9.50
153.142,True,24.26,-19.88
153.240,True,25.47,-28.33
153.343,True,27.95,-43.32
153.432,True,28.38,-46.41
153.536,True,28.07,-48.13
153.643,True,44.82,-50.99
153.735,True,53.50,-54.38
153.837,True,54.26,-56.79
153.933,True,53.47,-57.60
154.045,True,53.65,-57.37
154.133,True,53.24,-57.19
154.234,True,52.58,-57.10
154.338,True,53.07,-56.88
154.450,True,53.49,-57.99
154.545,True,52.34,-58.80
154.640,True,51.80,-60.40
154.734,True,51.00,-59.97
154.841,True,54.74,-55.32
154.937,True,58.12,-48.89
155.042,True,59.14,-46.27
155.132,True,59.96,-46.85
155.235,True,60.27,-47.89
155.335,True,60.73,-49.36
155.440,True,62.80,-54.68
155.532,True,63.46,-56.87
155.633,True,63.94,-57.55
155.735,True,-101.98,-39.36
155.837,True,-110.88,-28.62
155.940,True,-117.57,-23.49
156.031,True,-72.71,-24.90
156.133,True,-52.27,-29.54
156.231,True,24.77,-51.49
156.340,True,34.39,-59.83
156.431,True,63.34,-72.74
156.533,True,63.89,-84.14
156.640,True,74.98,-79.86
156.734,True,51.47,-82.62
156.837,True,34.77,-76.43
156.940,True,47.63,-67.70
157.033,True,39.81,-44.51
157.135,True,20.29,-27.73
157.234,True,57.85,-40.87
157.346,True,71.45,-56.42
157.439,True,31.05,-76.36
157.532,True,22.04,-74.13
157.641,True,62.90,-69.03
157.741,True,68.70,-58.70
157.844,True,67.77,-61.49
157.942,True,89.55,-93.94
158.034,True,97.33,-106.73
158.139,True,67.97,-113.62
158.240,True,40.62,-96.18
158.342,True,32.82,-82.97
158.443,True,188.05,-86.86
158.541,True,162.17,-63.73
158.634,True,-68.30,-18.75
158.739,True,-63.84,-22.22
158.841,True,16.74,-51.07
158.939,True,33.40,-62.41
159.031,True,62.77,-72.76
159.143,True,72.20,-74.74
159.238,True,73.11,-78.15
159.339,True,75.78,-80.62
159.435,True,73.69,-85.90
159.545,True,75.72,-89.75
159.635,True,78.32,-90.01
159.741,True,36.30,-89.71
159.837,True,17.26,-87.99
159.945,True,15.09,-84.15
160.036,True,23.95,-51.10
160.139,True,27.72,-62.07
160.241,True,26.05,-55.80
160.340,True,25.34,-56.59
160.434,True,24.89,-59.34
160.540,True,24.58,-62.64
160.634,True,24.35,-64.25
160.739,True,25.71,-66.50
160.834,True,27.06,-69.17
160.943,True,34.82,-64.85
161.038,True,34.10,-64.13
161.135,True,30.45,-64.82
161.241,True,53.20,-79.88
161.337,True,53.12,-80.02
161.437,True,251.05,-127.83
161.531,True,302.02,-121.44
161.635,True,-39.72,-51.41
161.736,True,-45.52,-46.15
161.841,True,-46.61,-44.15
161.944,True,-32.69,-52.17
162.037,True,41.65,-84.47
162.133,True,48.86,-87.76
162.243,True,50.93,-85.98
162.331,True,51.76,-82.19
162.438,True,52.09,-91.42
162.537,True,50.50,-105.17
162.644,True,47.18,-107.07
162.735,True,46.61,-107.10
162.832,True,46.49,-108.01
162.932,True,45.34,-108.88
163.034,True,44.36,-110.84
163.144,True,43.32,-111.77
163.240,True,148.81,-111.27
163.337,True,161.88,-112.48
163.441,True,9.00,-94.56
163.536,True,0.58,-88.08
163.636,True,-1.41,-85.97
163.738,True,18.15,-90.45
163.834,True,29.00,-94.19
163.944,True,32.75,-94.58
164.035,True,34.70,-94.87
164.132,True,36.26,-94.53
164.238,True,37.25,-95.75
164.337,True,38.74,-94.93
164.441,True,40.41,-95.35
164.535,True,43.03,-95.75
164.641,True,44.74,-95.76
164.736,True,45.83,-95.20
164.845,True,47.78,-87.61
164.933,True,50.60,-82.32
165.039,True,51.40,-76.38
165.138,True,47.75,-41.84
165.233,True,29.02,-11.16
165.346,True,42.58,-19.40
165.440,True,45.22,-61.38
165.532,True,50.11,-58.96
165.634,True,51.58,-60.82
165.738,True,51.24,-68.49
165.836,True,49.20,-73.84
165.939,True,48.49,-77.11
166.041,True,48.39,-80.28
166.133,True,54.70,-91.29
166.241,True,62.27,-110.34
166.342,True,64.93,-117.08
166.436,True,63.99,-119.07
166.537,True,39.44,-118.36
166.634,True,33.53,-115.16
166.739,True,32.95,-112.95
166.844,True,32.48,-112.21
166.942,True,33.21,-112.00
167.036,True,34.11,-113.19
167.139,True,21.49,-112.51
167.237,True,-60.77,-103.51
167.343,True,-70.03,-99.08
167.440,True,-76.10,-98.68
167.541,True,-77.41,-97.00
167.636,True,-79.30,-93.71
167.741,True,-81.41,-83.22
167.836,True,-79.94,-104.22
167.936,True,-82.77,-148.29
168.041,True,-0.58,-128.50
168.136,True,83.61,-72.00
168.234,True,88.57,-68.34
168.332,True,91.06,-68.67
168.436,True,52.13,-72.43
168.540,True,41.95,-75.70
168.631,True,38.81,-79.75
168.738,True,37.35,-85.98
168.835,True,36.84,-90.12
168.932,True,-44.77,-129.47
169.034,True,-62.08,-130.80
169.137,True,-64.29,-129.59
169.240,True,-23.84,-129.51
169.332,True,-18.39,-134.35
169.440,True,30.54,-120.64
169.538,True,41.47,-103.15
169.633,True,10.63,-59.00
169.741,True,-76.26,-192.88
169.832,True,-54.39,-228.11
169.943,True,-28.63,-148.17
170.037,True,4.33,-104.87
170.133,True,-51.03,-65.28
170.234,True,-47.33,-76.99
170.334,True,-920.17,3129.42
170.442,True,-10.32,-114.35
170.535,True,-25.37,-94.71
170.633,True,41.34,-44.97
170.735,True,-13.78,-78.81
170.839,True,-35.18,-92.80
170.938,True,8.72,-130.12
171.037,True,-1.99,-162.86
171.135,True,-118.08,-210.13
171.248,True,-109.23,-210.24
171.344,True,-106.05,-206.17
171.439,True,16.67,-120.34
171.541,True,52.42,-106.59
171.637,True,54.67,-100.75
171.737,True,55.69,-95.55
171.834,True,55.82,-91.73
171.935,True,55.37,-90.56
172.039,True,51.20,-91.43
172.134,True,-60.53,-132.36
172.238,True,-71.76,-147.39
172.338,True,-72.96,-148.21
172.442,True,-74.46,-151.62
172.542,True,96.35,-60.78
172.641,True,109.70,-59.41
172.735,True,55.65,-62.51
172.832,True,42.24,-68.51
172.932,True,38.99,-71.58
173.041,True,36.65,-74.05
173.139,True,36.65,-73.86
173.242,True,36.10,-72.35
173.341,True,37.09,-71.00
173.442,True,38.15,-69.67
173.540,True,18.70,-68.15
173.642,True,-93.59,-43.98
173.736,True,-100.58,-42.36
173.839,True,-103.49,-39.68
173.935,True,-104.30,-39.91
174.039,True,-75.60,-41.45
174.134,True,-18.07,-16.96
174.232,True,-8.66,-19.65
174.331,True,10.31,-42.81
174.438,True,18.31,-100.46
174.534,True,20.77,-94.40
174.642,True,18.82,-81.58
174.740,True,170.73,-77.96
174.842,True,212.54,-87.40
174.940,True,218.08,-91.28
175.032,True,-0.66,-77.12
175.140,True,-9.46,-78.51
175.240,True,-11.64,-81.48
175.337,True,-12.57,-85.09
175.433,True,-13.18,-88.46
175.532,True,-0.91,-88.65
175.645,True,14.69,-86.94
175.740,True,37.40,-87.51
175.835,True,50.01,-92.06
175.937,True,53.26,-96.27
176.049,True,54.88,-99.30
176.144,True,55.86,-101.33
176.239,True,56.91,-102.57
176.342,True,53.91,-104.12
176.432,True,28.87,-108.80
176.531,True,22.19,-109.94
176.640,True,39.87,-110.65
176.735,True,50.17,-111.97
176.842,True,53.27,-111.68
176.944,True,53.13,-111.81
177.035,True,52.83,-111.84
177.136,True,53.27,-112.30
177.239,True,37.22,-98.78
177.338,True,26.41,-86.05
177.435,True,-15.47,-70.48
177.535,True,42.19,-62.43
177.638,True,47.50,-64.21
177.733,True,45.55,-85.91
177.839,True,53.05,-84.31
177.939,True,-43.78,-47.43
178.034,True,-64.68,-35.62
178.134,True,-33.71,-28.87
178.238,False,-935.64,3129.98
178.331,False,-935.84,3129.78
178.431,True,-39.10,-109.09
178.542,False,-246.47,32.74
178.641,False,-358.83,36.10
178.739,True,-181.55,-30.55
178.834,True,-75.00,-37.92
178.934,True,-77.95,-70.13
179.031,True,-28.73,-77.91
179.136,True,57.20,-77.12
179.234,True,53.96,-111.73
179.334,True,54.61,-115.85
179.434,True,55.22,-114.54
179.538,True,56.07,-113.19
179.643,True,58.60,-111.63
179.733,True,59.76,-110.78
179.834,True,59.75,-109.73
179.943,True,59.63,-108.46
180.034,True,59.13,-106.92
180.137,True,56.57,-106.43
180.242,True,53.78,-107.02
180.331,True,52.40,-106.23
180.442,True,49.97,-105.90
180.538,True,66.80,-96.30
180.641,True,62.92,-86.76
180.737,True,21.43,-77.77
180.835,True,-65.26,-50.35
180.944,True,-99.67,-41.87
181.038,True,-68.31,-38.45
181.139,True,-45.10,-47.86
181.240,False,-954.50,3132.02
181.340,False,-956.37,3132.26
181.443,False,-957.14,3131.30
181.538,False,-955.75,3131.81
181.641,False,-957.73,3135.07
181.738,True,-75.71,-337.79
181.832,True,-132.04,-315.78
181.934,True,-144.46,-302.70
182.037,False,-954.13,3130.59
182.137,True,-183.47,-147.74
182.238,True,-119.12,-122.55
182.344,True,-124.40,-144.76
182.443,True,4.95,-48.79
182.531,True,17.76,-50.80
182.641,True,69.34,-54.04
182.741,True,54.59,-76.73
182.849,True,40.60,-91.72
182.931,True,31.68,-108.47
183.039,True,29.61,-108.86
183.135,True,29.61,-105.62
183.240,True,42.06,-74.45
183.338,True,24.97,-120.58
183.443,True,21.03,-122.64
183.538,True,-40.65,-140.86
183.642,True,-65.26,-179.09
183.741,True,-67.58,-181.67
183.832,True,31.61,-128.23
183.944,True,66.80,-112.57
184.032,True,69.78,-108.70
184.131,True,71.92,-106.64
184.240,True,46.90,-102.96
184.335,True,39.21,-101.02
184.431,True,36.75,-101.43
184.533,True,37.12,-101.74
184.635,True,36.36,-104.14
184.741,True,50.11,-102.25
184.840,True,45.94,-104.00
184.942,True,9.63,-70.11
185.048,True,4.10,-47.11
185.143,True,45.65,-44.10
185.237,True,49.93,-76.61
185.340,True,44.62,-96.95
185.435,True,-80.42,-173.12
185.536,True,-71.22,-162.59
185.642,True,-71.47,-155.07
185.738,True,42.90,-85.64
185.840,True,52.43,-78.91
185.938,True,55.56,-74.98
186.032,True,53.59,-76.30
186.145,True,50.99,-80.21
186.241,False,-976.01,3135.79
186.345,True,-22.13,-170.54
186.436,True,-16.18,-134.60
186.542,True,-87.66,-173.56
186.634,True,-116.28,-181.82
186.735,True,-112.95,-232.97
186.838,True,-37.74,-119.72
186.934,True,11.88,-78.34
187.039,True,9.18,-96.15
187.134,True,10.35,-80.83
187.239,True,14.73,-68.91
187.334,True,1.11,-111.77
187.444,True,8.74,-98.25
187.545,True,10.88,-96.14
187.632,True,11.98,-96.35
187.739,True,11.80,-97.41
187.839,True,11.97,-95.92
187.942,True,13.17,-92.93
188.051,True,12.14,-95.74
188.141,True,29.75,-84.67
188.237,True,53.51,-73.81
188.333,True,58.37,-64.58
188.439,True,62.04,-47.58
188.536,True,52.53,-65.34
188.642,True,49.87,-59.25
188.736,True,54.28,-59.54
188.836,False,-995.71,3135.55
188.939,False,-996.80,3137.62
189.033,False,-999.45,3134.86
189.142,False,-1000.37,3138.01
189.238,False,-1000.62,3134.58
189.340,False,-998.75,3133.74
189.434,False,-999.51,3137.39
189.531,False,-992.99,3118.05
189.642,False,-1001.23,3137.98
189.743,True,70.44,-315.19
189.834,True,181.33,-29.61
189.939,True,241.37,-50.03
190.033,True,261.86,-66.76
190.136,True,296.41,-76.14
190.234,True,304.15,-76.82
190.339,True,-141.07,-134.66
190.444,True,-148.20,-125.76
190.537,True,-151.99,-142.80
190.640,True,-20.05,-130.13
190.733,True,-14.31,-126.24
190.835,True,-16.91,-120.16
190.939,True,-21.31,-113.57
191.041,True,-26.19,-110.93
191.138,True,-26.04,-110.72
191.232,True,6.94,-120.46
191.339,True,10.74,-128.04
191.433,True,11.65,-129.31
191.536,True,27.88,-82.09
191.634,True,31.13,-76.44
191.734,True,31.47,-76.60
191.838,True,-18.89,-107.88
191.940,True,-51.61,-108.95
192.037,True,26.88,-81.94
192.142,True,30.86,-78.88
192.234,True,28.03,-79.23
192.334,True,-59.33,-141.04
192.434,True,-71.33,-38.63
192.531,True,10.29,-61.58
192.639,True,-1015.30,3135.53
192.738,True,-7.45,-134.00
192.838,True,33.55,-113.05
192.937,True,37.31,-120.57
193.031,True,38.88,-118.42
193.135,True,42.12,-109.27
193.238,True,35.74,-140.42
193.331,True,37.26,-129.61
193.438,True,39.69,-122.17
193.540,True,32.90,-112.62
193.635,True,27.97,-99.63
193.740,True,34.74,-111.24
193.831,True,38.44,-118.10
193.932,True,38.44,-109.95
194.038,True,35.20,-107.18
194.133,True,36.56,-104.27
194.235,True,37.51,-104.93
194.340,True,54.09,-58.93
194.444,True,50.68,-51.94
194.531,True,45.62,-56.92
194.639,True,43.62,-64.59
194.739,True,43.15,-69.85
194.842,True,37.84,-83.80
194.940,True,12.73,-103.07
195.037,True,9.29,-67.39
195.141,True,67.99,-100.85
195.236,True,80.72,-96.35
195.340,True,51.70,-100.03
195.440,True,-41.12,-107.32
195.536,True,-44.74,-104.84
195.638,True,-44.36,-102.74
195.740,True,-45.60,-100.72
195.843,True,-47.25,-98.34
195.934,True,-48.50,-99.50
196.032,True,-39.97,-102.53
196.139,True,4.74,-153.65
196.234,True,-14.52,-174.03
196.338,True,-36.86,-166.64
196.433,True,-18.26,-66.09
196.534,True,-902.10,3223.62
196.635,True,-64.21,-140.05
196.740,True,-35.67,-59.10
196.839,True,-0.72,-60.93
196.939,True,28.79,-84.88
197.041,True,29.84,-110.20
197.138,True,93.93,-140.94
197.233,True,97.39,-142.02
197.332,True,106.93,-134.33
197.445,True,84.01,-114.70
197.533,True,103.49,-103.65
197.642,True,121.40,-95.90
197.736,True,121.98,-93.79
197.844,True,-20.85,-95.13
197.945,True,-32.93,-95.07
198.032,True,-35.72,-94.92
198.145,True,-39.54,-99.26
198.238,True,-40.94,-102.21
198.337,True,-41.53,-106.21
198.445,True,-43.17,-106.36
198.537,True,-47.27,-109.08
198.638,True,-37.82,-105.53
198.737,True,-29.79,-104.49
198.840,True,-24.09,-105.64
198.943,True,-19.18,-109.80
199.035,True,-16.71,-110.19
199.134,True,-16.22,-108.45
199.234,True,-13.60,-109.77
199.345,True,-13.09,-105.79
199.441,True,-14.10,-100.36
199.537,True,12.29,-105.16
199.639,True,11.90,-110.32
199.733,True,1.24,-110.90
199.845,True,-1.49,-95.53
199.931,True,10.59,-81.12
200.041,True,-4.34,-69.48
200.140,True,31.03,-62.10
200.239,True,28.75,-68.30
200.345,True,-30.57,-84.73
200.435,True,-39.14,-90.00
200.540,True,-25.29,-87.18
200.635,True,-22.80,-91.51
200.744,True,-38.32,-95.06
200.838,True,-30.34,-86.06
200.934,True,-26.10,-83.75
201.037,True,-24.45,-82.91
201.135,True,-23.86,-84.28
201.233,True,-22.69,-85.35
201.340,True,-13.49,-79.82
201.434,True,20.84,-59.26
201.537,True,19.74,-68.83
201.640,True,30.03,-61.02
201.737,True,27.70,-63.58
201.839,True,12.55,-78.00
201.936,True,25.04,-78.94
202.036,True,56.71,-75.36
202.140,True,-5.33,-91.37
202.243,True,-3.77,-83.42
202.332,True,9.57,-81.54
202.443,True,17.50,-72.65
202.534,True,16.41,-69.91
202.645,True,17.95,-70.31
202.734,True,14.83,-73.82
202.845,True,22.35,-73.18
202.942,True,35.17,-69.31
203.034,True,25.03,-75.35
203.135,True,17.11,-76.42
203.234,True,-7.69,-70.66
203.334,True,-40.05,-80.52
203.438,True,-43.72,-83.48
203.542,True,-44.48,-82.02
203.636,True,-35.16,-71.06
203.737,True,-34.68,-67.28
203.840,True,36.76,-52.89
203.932,True,43.00,-52.31
204.033,True,33.60,-60.91
204.141,True,10.38,-94.09
204.232,True,2.85,-115.51
204.334,True,0.32,-124.45
204.441,True,-4.18,-126.30
204.540,True,-5.87,-127.11
204.639,True,-5.44,-126.58
204.738,True,-1.31,-126.07
204.838,True,-3.94,-126.96
204.937,True,-4.50,-127.38
205.042,True,14.47,-123.19
205.135,True,26.16,-120.44
205.244,True,27.90,-119.53
205.336,True,2.76,-131.51
205.433,True,-91.10,-204.00
205.545,True,-102.51,-215.83
205.642,True,-106.07,-215.29
205.746,True,-3.32,-151.59
205.837,True,10.45,-135.07
205.938,True,10.99,-131.16
206.034,True,49.71,-107.51
206.134,True,50.37,-83.02
206.234,True,38.79,-103.87
206.340,True,62.38,-93.02
206.432,True,84.59,-41.50
206.531,True,100.80,-42.69
206.636,True,109.97,-55.59
206.743,True,-24.85,-142.97
206.838,True,-57.48,-160.26
206.940,True,-25.80,-176.09
207.042,True,-36.93,-175.24
207.136,True,36.12,-154.57
207.234,True,36.80,-143.91
207.334,True,35.51,-140.20
207.433,True,34.32,-137.35
207.540,True,33.52,-136.42
207.631,True,33.73,-134.95
207.742,True,33.51,-134.63
207.833,True,32.72,-133.73
207.940,True,30.11,-134.22
208.041,True,-5.26,-106.26
208.134,True,-10.55,-96.49
208.238,True,-8.77,-90.20
208.334,True,1.79,-88.45
208.437,True,3.91,-89.05
208.541,True,46.13,-50.04
208.642,True,51.34,-11.87
208.732,True,-34.78,-14.92
208.838,True,-21.22,-27.37
208.932,True,1.48,-41.35
209.033,True,-39.16,-43.97
209.138,True,-23.60,-36.55
209.236,True,31.58,-37.22
209.339,True,45.48,46.28
209.432,True,-1035.80,3249.30
209.534,True,73.59,31.42
209.640,True,35.58,144.50
209.745,True,17.59,129.82
209.833,True,-7.84,125.53
209.938,True,-13.83,84.67
210.041,True,-16.30,54.10
210.143,True,-0.60,21.45
210.235,True,-0.27,21.81
210.337,True,-111.90,6.33
210.431,True,-123.18,9.61
210.536,True,-45.34,-35.09
210.640,True,-20.01,-57.26
210.739,True,138.80,-85.05
210.831,True,172.68,-89.79
210.932,True,172.36,-99.84
211.037,True,92.53,-108.33
211.139,True,35.12,-98.73
211.237,True,19.81,-105.64
211.331,True,21.15,-102.08
211.436,True,22.05,-107.47
211.541,True,15.04,-118.35
211.631,True,17.62,-113.56
211.738,True,22.35,-105.02
211.834,True,64.51,-104.63
211.936,True,144.21,-110.01
212.040,True,147.55,-110.96
212.132,True,143.60,-109.55
212.235,True,55.03,-105.07
212.334,True,45.98,-103.89
212.438,True,43.30,-104.55
212.533,True,-4.24,-85.55
212.640,True,-13.05,-77.21
212.740,True,-11.21,-65.21
212.840,True,11.27,-76.15
212.941,True,18.07,-93.83
213.040,True,22.40,-92.38
213.142,True,47.08,-88.34
213.232,True,34.32,-91.85
213.337,True,-16.01,-113.36
213.438,True,-13.57,-124.77
213.533,True,-15.72,-124.92
213.644,True,-19.01,-127.23
213.733,True,-12.52,-124.22
213.840,True,0.41,-110.40
213.934,True,16.66,-93.57
214.039,True,20.75,-86.96
214.143,True,20.30,-84.20
214.233,True,21.75,-80.38
214.343,True,23.79,-76.83
214.438,True,25.18,-76.74
214.534,True,26.49,-77.06
214.642,True,34.55,-38.65
214.738,True,32.27,-43.38
214.842,True,50.40,-43.23
214.936,True,56.22,-57.08
215.044,True,45.15,-88.74
215.138,True,54.54,-88.20
215.232,True,162.59,-91.07
215.332,True,160.26,-89.54
215.437,True,138.19,-85.99
215.541,True,78.69,-76.53
215.641,True,51.22,-71.18
215.737,True,46.93,-77.01
215.843,True,23.37,-77.05
215.937,True,33.76,-66.38
216.043,True,1.03,-62.89
216.135,True,13.71,-65.91
216.239,True,-0.43,-71.72
216.341,True,-6.90,-74.53
216.440,True,31.65,-87.36
216.544,True,43.28,-99.18
216.635,True,45.16,-103.72
216.732,True,45.40,-102.75
216.835,True,48.79,-95.45
216.931,True,33.52,-94.93
217.042,True,89.35,-96.08
217.140,True,107.35,-96.13
217.241,True,-62.54,-66.39
217.334,True,-74.38,-65.94
217.436,True,-7.24,-74.27
217.537,True,0.21,-77.46
217.632,True,0.42,-66.61
217.740,True,5.82,-53.94
217.832,True,5.93,-59.32
217.940,True,2.91,-77.42
218.037,True,37.82,-78.27
218.144,True,49.19,-84.53
218.233,True,32.14,-83.61
218.333,True,-1.06,-85.40
218.443,True,3.18,-75.75
218.542,True,36.98,-84.86
218.635,True,41.48,-98.92
218.737,True,36.51,-84.64
218.832,True,22.85,-78.94
218.939,True,37.99,-66.01
219.035,True,86.75,-64.62
219.138,True,137.40,-78.60
219.240,True,114.76,-80.90
219.336,True,36.72,-82.92
219.433,True,0.08,-89.15
219.534,True,-4.24,-98.25
219.633,True,46.51,-122.82
219.737,True,50.80,-120.60
219.843,True,-48.96,-133.82
219.933,True,-132.88,-143.39
220.039,True,-132.11,-143.59
220.138,True,-138.15,-146.02
220.241,True,-190.95,-91.33
220.333,True,-189.99,-69.44
220.438,True,-189.46,-55.49
220.537,True,-192.29,-39.08
220.636,True,-59.98,-26.89
220.737,True,-5.51,-34.04
220.836,True,-10.63,-66.99
220.941,True,-6.44,-61.16
221.042,True,-6.67,-71.82
221.134,True,-5.93,-74.59
221.236,True,-6.67,-50.05
221.335,True,28.47,-80.29
221.438,True,39.41,-93.96
221.547,True,42.24,-98.97
221.634,True,44.02,-100.52
221.737,True,43.22,-103.23
221.840,True,43.51,-106.42
221.932,True,44.05,-109.19
222.037,True,220.29,-145.31
222.136,True,239.15,-156.73
222.239,True,-45.29,-122.76
222.347,True,-59.30,-122.29
222.439,True,-61.89,-117.50
222.535,True,-64.65,-116.78
222.640,True,-66.91,-116.84
222.732,True,-69.94,-113.66
222.833,True,-75.34,-108.91
222.933,True,-88.31,-121.93
223.039,True,-80.69,-109.36
223.150,True,-76.83,-96.44
223.232,True,92.82,-96.28
223.337,True,174.08,-107.98
223.440,True,176.93,-115.81
223.539,True,102.04,-113.32
223.636,True,42.01,-99.63
223.743,True,36.01,-99.49
223.843,True,35.09,-101.91
223.934,True,33.32,-103.30
224.042,True,31.14,-104.82
224.133,True,30.79,-104.24
224.239,True,32.27,-104.51
224.333,True,33.66,-103.83
224.440,True,35.86,-105.68
224.539,True,36.02,-105.99
224.646,True,32.33,-109.58
224.740,True,15.41,-122.66
224.832,True,12.28,-126.67
224.939,True,9.38,-130.40
225.032,True,18.06,-129.34
225.140,True,125.26,-125.70
225.236,True,200.26,-143.46
225.334,True,199.48,-132.23
225.440,True,197.21,-128.59
225.542,True,67.36,-130.13
225.636,True,39.24,-124.66
225.741,True,31.71,-94.25
225.841,True,33.81,-66.61
225.942,True,24.06,-63.70
226.044,True,29.02,-65.25
226.140,True,26.53,-76.53
226.240,True,-36.58,-93.45
226.335,True,-46.24,-94.14
226.440,True,48.00,-107.55
226.535,True,132.05,-98.56
226.644,True,181.57,-112.90
226.738,True,225.12,-122.62
226.848,True,244.97,-128.37
226.942,True,68.50,-127.17
227.033,True,24.30,-125.03
227.140,True,18.70,-119.73
227.237,True,22.07,-99.04
227.335,True,37.90,-106.75
227.435,True,42.92,-88.36
227.533,True,7.49,-55.52
227.643,True,21.47,-27.28
227.733,True,30.26,-26.76
227.835,True,9.75,-26.07
227.939,True,17.61,-53.01
228.037,True,29.07,-50.03
228.138,True,29.40,-56.47
228.237,True,29.18,-65.44
228.343,True,30.60,-72.91
228.438,True,19.18,-78.02
228.536,True,48.45,-87.23
228.640,True,77.98,-103.94
228.741,True,73.25,-108.63
228.835,True,72.81,-108.42
228.931,True,72.47,-117.30
229.042,True,72.75,-113.94
229.132,True,70.98,-110.36
229.239,True,67.52,-96.22
229.339,True,68.18,-79.88
229.431,True,75.13,-86.09
229.541,True,230.10,-156.81
229.632,True,252.91,-161.60
229.733,True,238.84,-158.46
229.845,True,58.60,-87.50
229.941,True,-70.64,-27.57
230.038,True,-76.03,-22.14
230.134,True,-76.09,-37.94
230.232,True,-83.49,-39.82
230.335,True,-120.24,-13.99
230.431,True,-73.87,-51.96
230.535,True,-41.87,-66.71
230.639,True,-50.14,-66.56
230.734,True,-26.75,-77.67
230.838,True,-37.60,-69.65
230.936,True,-98.60,-73.80
231.042,True,-110.00,-64.52
231.133,True,-89.99,-85.91
231.237,True,-95.86,-78.49
231.344,True,67.39,-97.02
231.438,True,213.11,-173.84
231.536,True,226.26,-172.29
231.633,True,223.99,-185.33
231.736,True,158.81,-174.57
231.837,True,-55.62,-55.84
231.939,True,-54.58,-53.73
232.040,True,-48.60,-47.57
232.134,True,-41.86,-38.20
232.234,True,-35.92,-40.85
232.338,True,-90.44,-64.55
232.441,True,-94.05,-65.42
232.535,True,-63.06,-71.24
232.643,True,-57.39,-75.40
232.738,True,-52.52,-78.68
232.833,True,-52.93,-72.40
232.940,True,-47.14,-61.51
233.032,True,-40.69,-58.60
233.138,True,166.23,-124.09
233.237,True,175.72,-126.97
233.345,True,-98.24,-82.14
233.431,True,-164.44,-37.99
233.534,True,-180.68,-24.59
233.638,True,-154.01,-57.44
233.738,True,-111.14,-72.44
233.840,True,-45.62,-74.66
233.931,True,-44.04,-64.33
234.036,True,-22.17,-28.23
234.140,True,-23.36,-32.18
234.233,True,-34.28,-14.02
234.337,True,-53.24,1.30
234.441,True,-101.70,-41.23
234.533,True,-37.27,-81.02
234.638,True,-75.47,-75.03
234.749,True,-87.34,-73.57
234.839,True,-92.21,-73.76
234.933,True,-81.85,-74.09
235.042,True,-69.66,-75.45
235.139,True,-69.62,-69.05
235.238,True,-71.97,-61.78
235.339,True,-74.21,-60.38
235.440,True,-207.62,-88.05
235.534,True,-251.76,-94.23
235.639,False,-236.57,-82.48
235.735,True,-188.84,-89.56
235.839,True,-24.00,-87.27
235.939,True,-11.06,-88.12
236.036,True,-8.53,-87.00
236.142,True,183.23,-88.77
236.233,True,206.08,-88.56
236.336,True,218.23,-88.36
236.442,True,-44.09,-4.02
236.532,True,-115.25,22.62
236.642,True,-128.48,-37.10
236.733,True,-148.84,-39.61
236.842,True,-155.69,-44.50
236.934,True,-156.43,-25.29
237.039,True,-157.38,-17.77
237.144,True,-158.50,1.66
237.240,True,-163.29,8.21
237.337,True,-160.12,14.55
237.435,True,-45.72,-37.50
237.538,True,-29.21,-47.49
237.632,True,-28.35,-50.19
237.732,True,-29.90,-48.35
237.834,True,-30.66,-47.44
237.941,True,-31.41,-46.75
238.034,True,-33.54,-49.13
238.136,True,-34.30,-51.01
238.233,True,-34.10,-52.33
238.347,True,30.70,-67.78
238.433,True,43.71,-76.04
238.533,True,48.84,-77.24
238.639,True,51.11,-78.81
238.734,True,48.63,-89.62
238.839,True,46.19,-97.65
238.935,True,43.27,-97.70
239.036,True,40.40,-98.97
239.138,True,38.28,-100.05
239.244,True,37.53,-101.11
239.337,True,35.82,-102.16
239.439,True,34.92,-102.76
239.542,True,33.35,-102.45
239.632,True,34.33,-96.01
239.744,True,242.68,-90.86
239.839,True,253.40,-92.22
239.942,True,146.22,-95.05
240.031,True,74.25,-69.76
240.134,True,83.70,-67.48
240.239,True,30.00,-125.28
240.338,True,-6.12,-141.66
240.436,True,58.95,-63.99
240.531,True,62.98,-72.68
240.632,True,37.43,-77.88
240.742,True,25.07,-81.96
240.844,True,21.92,-84.60
240.937,True,20.50,-85.99
241.039,True,17.28,-88.75
241.139,True,29.44,-93.71
241.238,True,51.86,-96.34
241.343,True,-20.02,-70.25
241.432,True,-25.64,-50.94
241.542,True,40.82,-58.53
241.636,True,45.39,-57.75
241.737,True,47.95,-55.86
241.835,True,53.10,-55.19
241.942,True,59.48,-54.57
242.039,True,31.82,-46.30
242.142,True,15.02,-26.30
242.242,True,9.41,-21.01
242.344,True,5.94,-24.07
242.435,True,3.72,-24.63
242.542,True,163.31,-48.58
242.633,True,218.69,-86.54
242.734,True,231.58,-89.29
242.832,True,71.09,-83.94
242.933,True,61.33,-85.29
243.036,True,56.76,-86.26
243.137,True,50.79,-93.97
243.249,True,43.63,-97.70
243.331,True,40.89,-100.25
243.439,True,41.19,-103.32
243.535,True,40.36,-104.91
243.631,True,41.81,-105.59
243.735,True,38.36,-112.92
243.836,True,-5.01,-127.08
243.938,True,4.49,-112.73
244.043,True,-25.51,-96.46
244.134,True,74.90,-126.68
244.239,True,38.53,-164.69
244.338,True,-76.60,-167.03
244.442,True,19.34,-244.27
244.536,True,1.36,-217.88
244.631,True,67.78,-207.65
244.740,True,-26.04,-215.03
244.838,True,-32.44,-243.09
244.941,True,-28.42,-197.63
245.034,True,-1.87,-121.28
245.137,True,-37.40,-107.91
245.241,True,85.97,-78.46
245.337,True,162.07,-73.75
245.431,True,282.10,-108.30
245.536,True,259.52,-167.95
245.633,True,254.29,-188.04
245.739,True,263.44,-205.39
245.831,True,272.12,-211.65
245.939,True,272.77,-215.21
246.042,True,114.83,-92.74
246.132,True,97.70,-68.40
246.236,True,84.60,-62.92
246.336,True,32.23,-60.03
246.440,True,33.08,-50.24
246.533,True,39.43,-43.27
246.639,True,44.79,-37.12
246.735,True,47.55,-36.17
246.841,True,50.38,-41.13
246.938,True,80.40,-63.83
247.042,True,30.62,-66.16
247.136,True,20.00,-65.93
247.238,True,70.34,-91.25
247.337,True,59.23,-91.96
247.442,True,43.23,-91.06
247.534,True,33.44,-91.00
247.639,True,59.80,-87.41
247.735,True,76.72,-83.66
247.831,True,84.95,-81.31
247.941,True,43.31,-82.91
248.037,True,31.22,-82.84
248.132,True,28.76,-85.13
248.232,True,29.57,-88.24
248.344,True,68.05,-73.97
248.443,True,31.45,-71.05
248.548,True,-54.77,-54.03
248.634,True,-57.23,-49.38
248.742,True,-58.49,-48.85
248.844,True,-62.47,-49.99
248.939,True,-55.49,-50.88
249.034,True,-17.95,-52.21
249.140,True,-4.14,-50.06
249.232,True,39.92,-67.75
249.344,True,44.28,-75.61
249.439,True,44.45,-78.37
249.534,True,44.81,-77.72
249.639,True,45.95,-77.97
249.733,True,49.78,-81.36
249.832,True,63.47,-98.12
249.945,True,52.41,-104.86
250.033,True,-32.67,-89.64
250.139,True,30.26,-93.63
250.244,True,74.35,-73.36
250.338,True,68.20,-58.25
250.441,True,55.85,-54.85
250.536,True,36.51,-61.42
250.633,True,12.38,-71.03
250.732,True,12.50,-66.80
250.838,True,14.09,-55.65
250.941,True,-8.35,-52.24
251.033,True,-37.20,-70.17
251.145,True,-98.66,-19.45
251.237,True,-101.80,-0.35
251.332,True,-98.65,30.44
251.439,True,-41.68,1.94
251.541,True,24.34,-155.92
251.644,True,-42.81,-107.82
251.734,True,-72.83,-68.01
251.831,True,-2.09,-15.72
251.943,True,51.46,-28.08
252.032,True,104.41,-154.91
252.139,True,43.61,-132.42
252.242,True,24.53,-140.17
252.334,True,41.05,-144.65
252.439,True,65.19,-143.99
252.533,True,72.22,-115.34
252.637,True,76.78,-77.97
252.737,True,28.85,-77.78
252.839,True,-53.98,-75.70
252.937,True,-49.78,-52.27
253.037,True,-58.42,-41.48
253.134,True,-55.85,-29.41
253.243,True,-98.72,-156.86
253.338,True,-126.68,-228.72
253.442,True,-139.54,-233.26
253.531,True,-135.45,-211.72
253.644,True,-91.68,139.68
253.740,False,-103.92,208.24
253.841,False,-110.43,238.14
253.933,False,-101.94,263.67
254.038,True,46.31,3.22
254.133,True,46.59,-5.62
254.241,True,43.37,-3.79
254.336,True,26.21,-50.43
254.438,True,19.60,-70.09
254.539,True,15.97,-76.51
254.631,True,18.28,-75.74
254.731,True,21.67,-73.49
254.840,True,40.03,-85.93
254.937,True,42.28,-87.07
255.034,True,45.54,-83.99
255.135,True,27.88,-88.16
255.231,True,0.88,-90.37
255.333,True,-10.98,-95.36
255.435,True,-86.27,-73.01
255.537,True,-88.79,-66.86
255.643,True,-86.53,-68.46
255.732,True,-83.46,-65.93
255.832,True,-17.45,-209.46
255.931,True,-62.29,-217.88
256.039,True,-51.30,-55.17
256.135,True,-11.24,-88.12
256.238,True,-1.48,-85.94
256.340,True,4.76,-85.65
256.434,True,39.06,-77.36
256.539,True,48.36,-72.93
256.631,True,48.89,-71.88
256.740,True,38.52,-89.90
256.833,True,41.47,-78.93
256.938,True,51.14,-75.27
257.034,True,52.52,-92.38
257.137,True,64.82,-47.39
257.234,True,52.71,-76.72
257.338,True,52.84,-84.07
257.442,True,54.74,-83.72
257.539,True,50.14,-73.89
257.638,True,33.21,-49.92
257.737,True,27.68,2.00
257.831,True,9.26,-94.13
257.942,True,-20.39,-45.82
258.035,True,-12.19,-11.03
258.141,True,10.58,2.94
258.231,True,16.58,27.87
258.338,True,32.59,169.88
258.442,True,37.92,134.47
258.548,True,-14.36,115.84
258.644,True,-17.21,140.64
258.732,True,-7.02,147.35
258.833,True,-9.84,122.21
258.942,True,-45.92,129.28
259.031,True,-42.78,164.02
259.136,True,14.73,158.45
259.240,True,42.20,146.26
259.338,True,37.69,135.45
259.439,True,50.84,189.19
259.533,True,133.87,113.26
259.639,True,163.57,99.29
259.731,True,81.86,163.53
259.843,True,48.55,151.57
259.931,True,81.36,109.71
260.042,True,92.31,92.27
260.137,True,127.30,111.94
260.235,True,153.89,129.47
260.345,True,132.77,140.34
260.433,True,122.74,140.59
260.536,True,83.24,-76.12
260.637,True,-3.31,-180.26
260.734,True,-1.96,-145.81
260.838,True,71.27,-64.62
260.932,True,79.97,-49.85
261.041,True,85.00,-47.45
261.132,True,102.02,-45.50
261.239,True,71.34,-27.41
261.338,True,70.91,-28.02
261.431,True,103.52,-29.35
261.533,True,83.81,-22.25
261.641,True,63.47,-35.84
261.741,True,70.45,-41.18
261.839,True,10.32,-19.66
261.935,True,10.84,-29.97
262.033,True,13.07,-74.03
262.132,True,72.71,-77.80
262.241,True,66.12,-165.39
262.337,False,104.10,1500.51
262.444,False,104.93,1502.29
262.536,False,105.66,1503.96
262.639,False,107.81,1506.28
262.733,False,109.59,1505.76
262.834,True,137.77,-171.28
262.931,True,15.73,-155.31
263.039,True,-23.39,-182.99
263.141,True,-27.89,-192.07
263.234,True,21.77,-193.86
263.341,True,24.48,-187.70
263.441,True,21.70,-184.62
263.532,True,21.16,-183.09
263.646,True,171.05,-106.48
263.731,True,221.77,-78.51
263.832,True,124.03,-68.61
263.940,True,112.46,-65.57
264.036,True,55.76,-54.70
264.144,True,44.49,-84.77
264.234,True,-8.03,-103.13
264.335,True,-29.40,-92.89
264.441,True,-22.51,-107.33
264.541,True,-22.65,-110.49
264.647,True,3.81,-92.64
264.734,True,10.38,-82.40
264.838,True,12.63,-81.68
264.942,True,-19.94,-89.05
265.032,True,-25.36,-88.45
265.136,True,-19.95,-80.14
265.238,True,10.47,-115.41
265.336,True,-25.33,-94.22
265.437,True,-51.79,-18.01
265.535,True,-60.54,-17.03
265.641,True,-20.65,-54.45
265.736,True,111.78,1502.90
265.844,True,111.96,1503.69
265.931,True,69.59,-148.73
266.034,True,26.95,-76.55
266.139,True,89.13,-82.68
266.235,True,108.65,-112.37
266.332,True,102.21,-131.89
266.437,True,112.83,-154.11
266.533,True,131.07,-165.94
266.637,True,133.53,-198.17
266.739,True,102.43,-169.80
266.836,True,94.74,-136.01
266.941,True,105.02,-100.95
267.047,True,107.61,-85.84
267.141,True,166.03,-86.56
267.237,True,199.39,-91.96
267.347,True,200.71,-98.36
267.444,True,200.84,-99.57
267.549,True,199.26,-99.30
267.633,True,201.72,-99.47
267.734,True,233.81,-99.96
267.839,True,125.24,-82.53
267.941,True,107.45,-74.63
268.034,True,107.83,-74.69
268.139,True,101.65,-68.91
268.232,True,95.60,-65.18
268.335,True,94.19,-63.94
268.439,True,92.05,-63.60
268.533,True,95.54,-90.21
268.641,True,117.88,-100.35
268.733,True,124.71,-127.97
268.840,True,103.49,-186.43
268.941,True,41.21,-193.42
269.034,True,-8.96,-193.07
269.137,True,117.19,1510.89
269.240,True,115.55,1511.90
269.331,True,114.92,1512.59
269.435,True,117.13,1513.29
269.542,True,119.76,1514.75
269.641,True,121.67,1516.36
269.737,True,119.95,1515.28
269.839,True,119.14,1514.47
269.932,True,122.33,1511.16
270.044,True,121.11,1509.67
270.138,True,120.01,1508.39
270.244,True,120.71,1510.80
270.337,True,119.74,1510.53
270.438,True,120.42,1510.58
270.541,True,120.89,1509.22
270.642,True,120.38,1511.38
270.736,True,117.72,1509.64
270.834,True,118.11,1509.58
270.939,True,118.25,1509.68
271.042,True,119.57,1510.25
271.136,True,118.99,1510.81
271.241,True,118.64,1510.60
271.337,True,118.41,1509.26
271.438,True,118.53,1510.28
271.541,True,118.81,1511.15
271.631,True,119.06,1510.26
271.732,True,119.15,1509.62
271.835,True,119.06,1510.50
271.938,True,118.45,1510.33
272.034,False,118.44,1511.38
272.133,False,118.12,1508.12
272.243,False,119.05,1510.13
272.337,False,578.94,-919.05
272.433,False,118.11,1510.11
272.537,False,117.74,1509.70
272.640,False,118.61,1510.51
272.739,False,119.20,1510.49
272.833,True,42.54,-212.88
272.931,True,37.44,-211.62
273.041,True,59.69,-170.95
273.143,True,261.59,-173.10
273.238,True,273.33,-163.39
273.338,True,287.61,-160.17
273.438,True,294.77,-161.28
273.537,True,296.47,-156.80
273.640,True,298.45,-154.14
273.738,True,296.57,-152.48
273.836,True,292.33,-138.68
273.937,True,314.95,-139.86
274.040,True,366.18,-145.86
274.132,True,145.20,-129.40
274.234,True,69.44,-95.82
274.335,True,34.56,-96.81
274.444,True,-19.15,-98.58
274.542,True,-23.86,-100.77
274.640,True,-25.84,-99.20
274.732,True,-27.24,-100.55
274.837,True,-29.06,-101.64
274.938,True,-29.98,-101.36
275.038,True,-29.75,-101.64
275.139,True,-28.62,-101.95
275.232,True,-45.03,-110.92
275.332,True,-59.47,-111.54
275.438,True,-62.46,-109.72
275.538,True,-65.46,-113.24
275.640,True,-67.02,-118.37
275.733,True,-61.18,-117.65
275.836,True,-21.53,-95.74
275.940,True,-5.64,-110.65
276.041,True,-23.34,-114.86
276.133,True,32.73,-83.13
276.240,True,88.61,-81.23
276.342,True,95.81,-92.38
276.435,True,91.73,-87.75
276.533,True,165.41,-147.30
276.636,True,185.47,-162.42
276.735,True,262.87,-160.25
276.835,True,62.78,-120.89
276.932,True,44.82,-105.57
277.039,True,40.58,-103.92
277.132,True,38.09,-104.20
277.242,True,35.93,-99.51
277.334,True,34.64,-100.16
277.445,True,54.07,-94.00
277.543,True,52.77,-88.16
277.633,True,66.45,-32.65
277.732,True,74.05,-110.50
277.832,True,56.71,-131.63
277.931,True,51.84,-153.15
278.036,True,4.87,-103.34
278.139,True,5.04,-96.74
278.233,True,-4.86,-95.55
278.336,True,-12.33,-68.84
278.443,True,-15.79,-113.51
278.543,True,-45.31,-115.98
278.642,True,75.12,-128.00
278.731,True,66.67,-135.76
278.834,True,61.38,-160.54
278.942,True,25.41,-171.28
279.035,True,-22.95,-156.77
279.133,True,30.91,-156.92
279.238,True,-38.48,-218.73
279.331,True,-52.64,-238.67
279.437,True,-52.42,-207.99
279.534,True,57.52,-245.66
279.636,True,-43.23,-280.78
279.742,True,-28.73,-288.33
279.836,True,-42.40,-229.57
279.938,True,12.75,-179.54
280.033,True,38.63,-178.86
280.142,True,31.95,-162.67
280.232,True,-58.75,-64.53
280.331,True,-9.03,-99.84
280.432,True,89.98,-116.19
280.534,True,62.92,-92.12
280.640,True,112.74,-83.61
280.733,True,257.41,-123.15
280.839,True,265.14,-121.90
280.941,True,267.01,-121.78
281.036,True,265.42,-120.14
281.141,True,263.20,-122.92
281.233,True,261.80,-122.87
281.334,True,260.50,-124.23
281.434,True,260.63,-124.20
281.538,True,76.59,-87.57
281.631,True,67.36,-83.32
281.735,True,62.36,-85.98
281.834,True,57.33,-85.99
281.938,True,56.14,-88.97
282.039,True,54.70,-90.07
282.131,True,54.33,-90.12
282.235,True,52.98,-90.69
282.344,True,-15.21,-42.64
282.438,True,-7.88,-36.42
282.542,True,-0.96,-32.81
282.638,True,-19.07,59.29
282.733,True,-39.27,135.91
282.832,True,12.97,28.74
282.932,True,143.08,-70.89
283.038,True,192.37,-96.68
283.137,True,215.05,-135.43
283.232,True,246.99,-138.23
283.344,True,204.61,-137.18
283.431,True,118.13,-137.27
283.538,True,70.89,-134.09
283.642,True,24.20,-135.62
283.741,True,23.77,-137.64
283.842,True,23.02,-134.27
283.946,True,57.55,-129.01
284.037,True,26.81,-110.07
284.133,True,9.19,-95.11
284.242,True,23.13,-81.19
284.337,True,37.45,-76.55
284.438,True,55.81,-129.84
284.541,True,-6.11,-103.97
284.635,True,-24.83,-76.19
284.743,False,127.53,1524.37
284.841,True,-15.80,-166.45
284.945,True,46.11,-91.62
285.037,True,22.21,-71.46
285.132,True,-28.14,-109.01
285.242,True,-30.60,-120.46
285.333,True,-30.99,-122.24
285.439,True,-30.94,-121.75
285.532,True,-31.53,-122.22
285.638,True,-31.34,-118.76
285.735,True,-30.54,-116.95
285.832,True,-30.70,-115.01
285.947,True,-32.23,-109.92
286.038,True,-33.44,-107.34
286.138,True,-32.90,-107.51
286.232,True,-27.54,-108.14
286.332,True,-24.80,-100.62
286.437,True,16.73,-100.95
286.531,True,28.97,-99.65
286.635,True,30.57,-100.71
286.737,True,27.59,-100.69
286.833,True,24.96,-100.60
286.937,True,73.01,-96.82
287.037,True,77.07,-96.53
287.133,True,77.43,-96.86
287.236,True,76.27,-98.11
287.340,True,-26.03,-194.55
287.443,True,-28.42,-199.56
287.537,True,-23.07,-145.29
287.645,True,21.55,-132.56
287.738,True,28.06,-123.46
287.836,True,64.74,-77.53
287.933,True,61.48,-56.05
288.037,True,25.18,-73.01
288.135,True,31.23,-107.55
288.235,True,57.95,-88.16
288.338,True,17.95,-48.17
288.441,True,41.65,-44.25
288.537,True,50.09,-98.87
288.644,True,21.57,-93.30
288.738,True,130.64,1528.01
288.839,True,130.13,1525.42
288.932,True,12.81,-41.20
289.031,True,21.23,-38.62
289.142,True,68.79,-106.71
289.238,True,72.07,-121.18
289.333,True,64.30,-119.85
289.439,True,23.41,-156.41
289.542,True,10.10,-142.85
289.648,True,12.12,-137.66
289.736,True,12.12,-127.54
289.842,True,1.33,-139.49
289.938,True,-2.08,-130.93
290.041,True,49.99,-44.56
290.140,True,58.02,-36.89
290.238,True,55.58,-39.16
290.347,True,28.24,-47.36
290.440,True,22.46,-54.43
290.532,True,63.42,-79.23
290.632,True,74.42,-90.48
290.736,True,81.81,-82.08
290.840,True,81.20,-63.23
290.941,True,64.72,-98.24
291.039,True,65.63,-98.41
291.143,True,66.18,-101.25
291.233,True,66.46,-103.10
291.331,True,67.33,-105.78
291.438,True,67.35,-106.90
291.543,True,66.83,-108.12
291.640,True,66.24,-109.02
291.742,True,66.38,-108.82
291.835,True,64.15,-108.03
291.939,True,63.24,-109.13
292.036,True,63.07,-110.67
292.135,True,63.21,-109.26
292.232,True,63.65,-107.93
292.337,True,63.61,-106.58
292.439,True,64.17,-105.93
292.536,True,65.33,-101.20
292.637,True,65.41,-100.10
292.732,True,66.14,-93.58
292.834,True,65.17,-88.90
292.939,True,64.30,-87.66
293.031,True,60.45,-88.09
293.136,True,-60.23,-135.94
293.232,True,-64.17,-136.77
293.343,True,-65.15,-129.16
293.447,True,32.88,-114.48
293.538,True,46.01,-110.43
293.639,True,49.49,-107.25
293.743,True,51.60,-107.19
293.836,True,52.85,-107.93
293.931,True,54.03,-109.37
294.032,True,54.92,-110.95
294.135,True,56.14,-112.28
294.237,True,57.73,-115.89
294.339,True,58.88,-117.41
294.447,True,70.36,-116.57
294.536,True,92.21,-113.99
294.637,True,69.69,-113.57
294.734,True,58.91,-112.28
294.832,True,53.79,-111.89
294.942,True,73.91,-112.56
295.034,True,82.34,-115.11
295.138,True,69.40,-115.11
295.238,True,60.74,-110.27
295.342,True,57.12,-108.14
295.440,True,64.68,-108.97
295.540,True,74.13,-110.29
295.632,True,77.12,-111.49
295.739,True,76.74,-115.65
295.831,True,69.69,-120.41
295.939,True,65.83,-122.10
296.037,True,64.64,-121.81
296.144,True,61.21,-110.62
296.241,True,60.64,-98.87
296.341,True,58.98,-92.78
296.432,True,57.77,-87.12
296.537,True,55.37,-88.38
296.634,True,52.53,-87.90
296.733,True,52.02,-88.41
296.839,True,69.41,-83.07
296.938,True,79.88,-73.20
297.037,True,68.83,-67.71
297.140,True,56.15,-65.90
297.232,True,79.69,-74.40
297.334,True,97.65,-78.47
297.432,True,59.57,-78.74
297.535,True,48.61,-76.05
297.632,True,67.96,-94.05
297.732,True,77.88,-103.43
297.833,True,81.11,-107.09
297.938,True,82.14,-109.68
298.041,True,83.59,-109.43
298.134,True,85.46,-110.55
298.234,True,86.33,-110.26
298.339,True,86.86,-108.72
298.436,True,85.91,-107.47
298.531,True,85.10,-107.30
298.640,True,84.58,-105.04
298.739,True,129.40,-104.02
298.837,True,271.26,-127.73
298.933,True,279.89,-131.29
299.031,True,282.55,-130.36
299.141,True,286.76,-129.30
299.241,True,289.81,-130.38
299.344,True,62.36,-120.07
299.433,True,2.13,-96.07
299.542,True,-4.00,-94.68
299.636,True,-5.88,-93.66
299.731,True,-6.77,-94.49
299.836,True,-7.12,-94.41
299.937,True,-8.23,-95.66
300.031,True,-8.23,-96.61
300.134,True,10.68,-93.99
300.241,True,14.36,-90.76
300.334,True,-7.66,-81.42
300.443,True,-33.00,-77.08
300.536,True,4.73,-70.97
300.638,True,19.23,-69.81
300.731,True,24.36,-68.49
300.839,True,25.73,-67.97
300.942,True,65.84,-69.60
301.041,True,86.74,-69.38
301.131,True,27.41,-62.91
301.233,True,10.34,-62.77
301.333,True,31.63,-64.31
301.440,True,27.39,-73.65
301.534,True,33.81,-79.45
301.643,True,50.88,-79.36
301.737,True,79.97,-79.06
301.835,True,144.67,-85.63
301.936,True,212.75,-119.00
302.042,True,219.14,-115.25
302.133,True,198.50,-105.58
302.231,True,198.12,-93.05
302.336,True,199.88,-86.92
302.434,True,90.54,-69.47
302.540,True,71.80,-61.47
302.633,True,59.32,-53.81
302.742,True,34.70,-53.01
302.832,True,41.87,-51.60
302.932,True,51.87,-56.42
303.036,True,52.53,-65.04
303.139,True,51.53,-70.47
303.241,True,56.61,-81.20
303.334,True,74.78,-103.56
303.442,True,80.48,-60.33
303.533,True,87.46,-69.51
303.636,True,78.06,-80.70
303.738,True,73.24,-83.02
303.838,True,73.50,-82.72
303.933,True,71.97,-84.07
304.033,True,70.80,-88.28
304.136,True,70.29,-91.68
304.234,True,68.56,-93.17
304.334,True,67.61,-92.85
304.437,True,67.58,-95.16
304.532,True,67.07,-96.64
304.632,True,64.85,-96.19
304.732,True,62.18,-94.78
304.836,True,61.48,-92.49
304.938,True,262.77,-110.50
305.038,True,275.83,-121.58
305.135,True,278.78,-125.44
305.238,True,165.77,-117.05
305.331,True,150.87,-114.07
305.441,True,145.75,-117.26
305.540,True,143.41,-122.43
305.631,True,112.33,-127.28
305.735,True,94.10,-128.77
305.844,True,90.12,-129.46
305.933,True,79.01,-134.30
306.042,True,65.89,-138.47
306.142,True,41.95,-144.40
306.237,True,37.78,-142.74
306.339,True,37.36,-141.57
306.438,True,35.15,-140.87
306.533,True,34.91,-140.07
306.632,True,35.48,-140.05
306.738,True,34.98,-141.13
306.838,True,33.70,-140.84
306.936,True,38.30,-141.93
307.042,True,53.48,-142.49
307.138,True,55.30,-141.82
307.238,True,56.11,-140.87
307.332,True,55.54,-141.76
307.432,True,56.67,-142.45
307.540,True,58.39,-141.20
307.635,True,58.33,-142.17
307.739,True,57.45,-140.31
307.844,True,57.01,-140.45
307.943,True,56.24,-140.75
308.038,True,56.82,-141.91
308.132,True,58.03,-145.47
308.235,True,59.23,-146.33
308.333,True,61.42,-141.78
308.442,True,64.18,-136.19
308.531,True,66.85,-132.42
308.639,True,68.81,-127.35
308.738,True,69.19,-125.93
308.831,True,68.85,-125.89
308.938,True,69.40,-126.92
309.033,True,126.02,-127.58
309.143,True,137.62,-126.93
309.237,True,140.93,-128.79
309.336,True,144.42,-133.43
309.432,True,112.28,-79.75
309.536,True,105.89,-73.89
309.636,True,96.15,-75.54
309.738,True,59.02,-113.19
309.836,True,27.02,-115.93
309.937,True,49.68,-118.06
310.031,True,69.63,-118.13
310.131,True,74.90,-110.85
310.238,True,76.77,-107.57
310.335,True,76.25,-107.98
310.440,True,74.88,-110.49
310.533,True,74.76,-111.61
310.641,True,73.81,-115.02
310.735,True,71.55,-114.84
310.832,True,70.67,-115.90
310.938,True,143.15,-127.48
311.033,True,302.11,-141.47
311.132,True,311.30,-142.46
311.232,True,96.27,-138.23
311.343,True,3.02,-133.26
311.432,True,0.80,-132.07
311.537,True,29.61,-90.61
311.641,True,66.97,-76.14
311.736,True,62.04,-103.43
311.844,True,63.17,-113.19
311.939,True,52.08,-143.16
312.045,True,18.37,-187.58
312.140,True,12.74,-141.18
312.233,True,78.14,-98.00
312.342,True,80.86,-81.49
312.440,True,74.79,-120.78
312.539,True,55.87,-116.47
312.638,True,67.45,-56.59
312.737,True,78.42,-59.69
312.840,True,54.25,-56.74
312.932,True,44.14,-58.71
313.033,True,88.69,-47.05
313.142,True,113.84,-35.27
313.233,True,42.15,-36.60
313.340,True,0.05,-45.98
313.442,True,38.72,-75.69
313.542,True,55.83,-84.18
313.639,True,54.26,-84.11
313.740,True,23.70,-72.49
313.838,True,59.89,-69.36
313.933,True,-17.31,-64.75
314.042,True,136.90,-106.39
314.141,True,199.07,-142.86
314.242,True,192.52,-139.39
314.335,True,81.54,-141.13
314.437,True,44.12,-108.77
314.531,True,34.94,-98.89
314.632,True,28.75,-86.10
314.734,True,28.35,-84.19
314.837,True,31.80,-94.95
314.931,True,30.61,-96.98
315.039,True,28.10,-99.77
315.136,True,51.88,-98.32
315.236,True,72.17,-90.94
315.336,True,74.36,-90.87
315.437,True,71.06,-93.53
315.540,True,49.06,-97.67
315.636,True,46.57,-95.78
315.743,True,84.57,-92.18
315.840,True,69.00,-107.32
315.936,True,15.37,-106.83
316.042,True,8.29,-106.97
316.133,True,6.28,-109.65
316.247,True,6.01,-110.76
316.335,True,5.65,-116.10
316.443,True,5.42,-116.72
316.535,True,6.36,-118.13
316.635,True,6.10,-119.18
316.738,True,5.99,-121.28
316.840,True,6.18,-123.19
316.938,True,4.69,-121.67
317.033,True,4.54,-124.25
317.136,True,4.50,-123.71
317.241,True,0.65,-118.56
317.331,True,-3.14,-112.34
317.431,True,-6.82,-108.07
317.542,True,-9.26,-105.20
317.639,True,34.34,-100.47
317.734,True,44.95,-95.45
317.836,True,47.17,-98.65
317.939,True,48.75,-104.76
318.039,True,49.68,-107.51
318.139,True,49.39,-110.39
318.239,True,49.63,-111.60
318.339,True,10.84,-133.99
318.444,True,-27.03,-156.35
318.536,True,-32.63,-160.94
318.638,True,-35.20,-159.22
318.739,True,-36.71,-158.15
318.837,True,-49.71,-152.99
318.936,True,-55.03,-148.28
319.034,True,-55.30,-147.74
319.145,True,-56.67,-147.15
319.232,True,-3.11,-116.25
319.337,True,59.80,-98.75
319.431,True,53.53,-101.02
319.539,True,35.59,-96.62
319.643,True,64.38,-102.53
319.740,True,64.11,-102.27
319.831,True,44.68,-96.36
319.937,True,62.05,-100.18
320.032,True,53.56,-133.63
320.140,True,90.20,-28.38
320.232,True,98.40,-60.44
320.340,True,105.03,-92.25
320.441,True,96.90,-125.97
320.533,True,87.90,-127.29
320.635,True,84.97,-128.98
320.740,True,84.31,-125.92
320.832,True,85.45,-117.21
320.937,True,83.67,-115.82
321.034,True,81.53,-115.57
321.133,True,79.55,-115.31
321.239,True,77.74,-113.86
321.343,True,76.11,-112.39
321.433,True,75.43,-112.80
321.533,True,74.26,-114.58
321.635,True,74.17,-117.16
321.742,True,73.65,-123.58
321.838,True,72.96,-124.08
321.931,True,72.23,-125.25
322.033,True,70.51,-124.76
322.135,True,70.65,-124.97
322.244,True,70.75,-125.18
322.338,True,62.67,-127.67
322.442,True,-37.65,-157.38
322.537,True,-42.46,-162.70
322.635,True,-27.70,-157.59
322.739,True,73.68,-145.23
322.834,True,79.41,-140.29
322.939,True,86.32,-129.42
323.043,True,93.84,-116.11
323.140,True,96.84,-108.93
323.239,True,95.13,-118.26
323.343,True,94.14,-118.87
323.431,True,91.30,-120.87
323.531,True,86.95,-121.00
323.631,True,88.22,-103.84
323.742,True,86.87,-102.44
323.831,True,83.32,-103.54
323.933,True,57.08,-95.56
324.038,True,48.71,-98.10
324.142,True,47.09,-101.45
324.239,True,53.31,-103.55
324.336,True,66.08,-99.20
324.438,True,69.57,-94.05
324.532,True,70.82,-90.47
324.644,True,70.90,-92.85
324.741,True,73.25,-93.67
324.835,True,74.04,-96.99
324.938,True,73.48,-98.15
325.040,True,247.50,-130.33
325.142,True,293.41,-137.22
325.231,True,266.70,-138.58
325.332,True,39.91,-101.89
325.438,True,52.95,-101.74
325.534,True,72.77,-108.93
325.639,True,77.02,-115.08
325.741,True,88.60,-99.80
325.831,True,51.11,-159.17
325.931,True,-6.94,-160.60
326.032,True,1.62,-92.49
326.142,True,-20.12,-82.20
326.237,True,33.04,-82.36
326.340,True,52.03,-92.60
326.438,True,87.06,-96.71
326.538,True,131.70,-122.66
326.641,True,156.85,-155.87
326.732,True,169.20,-164.89
326.843,True,199.42,-170.12
326.933,True,199.00,-157.42
327.037,True,205.83,-151.50
327.138,True,218.20,-141.77
327.233,True,127.86,-96.98
327.337,True,72.56,-52.31
327.436,True,67.24,-52.82
327.541,True,63.64,-52.86
327.632,True,60.68,-53.80
327.734,True,60.19,-55.21
327.836,True,59.53,-63.09
327.932,True,60.66,-65.38
328.042,True,61.75,-67.88
328.142,True,78.29,-63.56
328.233,True,103.67,-59.42
328.338,True,37.61,-96.66
328.442,True,11.33,-129.40
328.538,True,45.28,-121.80
328.634,True,44.40,-125.78
328.732,True,24.24,-131.06
328.839,True,63.31,-134.69
328.931,True,52.85,-143.19
329.040,True,81.91,-70.27
329.133,True,85.80,-74.16
