=== 数据记录开始于 2026-01-05 14:37:48 ===
36.931,False,-2609.05,12538.39
37.030,False,-2640.41,12643.29
37.129,True,34.23,-144.78
37.235,True,10.31,-107.50
37.337,True,7.49,-97.26
37.435,True,78.47,-178.75
37.531,True,79.26,-179.10
37.626,True,316.04,-144.73
37.728,True,351.54,-138.19
37.825,True,348.26,-135.73
37.935,True,372.07,-133.35
38.028,True,165.49,-138.71
38.137,True,7.81,-111.00
38.231,True,10.16,-108.17
38.336,True,39.07,-104.26
38.434,True,77.12,-89.40
38.530,True,83.60,-88.27
38.631,True,86.37,-90.12
38.730,True,345.86,-92.76
38.827,False,443.37,-121.15
38.925,True,436.98,-125.09
39.036,True,155.08,-114.08
39.125,True,151.65,-108.69
39.225,True,149.01,-97.47
39.333,True,384.36,-103.52
39.430,True,402.31,-105.75
39.529,True,206.01,-111.68
39.629,True,105.37,-113.66
39.727,True,97.77,-114.90
39.827,True,96.95,-117.08
39.935,True,98.40,-119.50
40.035,True,97.89,-124.84
40.132,True,91.54,-134.59
40.229,True,92.77,-133.83
40.325,True,93.60,-134.93
40.426,True,90.31,-135.64
40.535,True,90.52,-136.55
40.629,True,91.84,-136.04
40.730,True,90.86,-136.66
40.831,True,87.88,-138.34
40.925,True,87.72,-140.59
41.033,True,87.71,-141.53
41.132,True,88.54,-132.74
41.231,True,343.50,-123.78
41.335,True,365.76,-139.46
41.430,True,276.04,-129.72
41.526,True,95.86,-80.68
41.634,True,88.85,-77.45
41.736,True,88.38,-79.69
41.834,True,95.14,-83.01
41.934,True,99.67,-85.67
42.028,True,101.18,-88.61
42.133,True,103.45,-93.51
42.232,True,102.92,-97.30
42.327,True,102.76,-98.62
42.434,True,102.97,-102.88
42.532,True,103.40,-105.34
42.627,True,104.97,-109.39
42.727,True,104.43,-114.79
42.830,True,104.36,-114.89
42.936,True,105.19,-115.25
43.032,True,95.24,-114.12
43.129,True,90.11,-111.18
43.234,True,89.03,-108.65
43.336,True,93.48,-106.96
43.436,True,94.96,-106.44
43.526,True,98.68,-111.10
43.634,True,-8.51,68.95
43.733,True,-33.98,109.73
43.837,True,-144.71,106.26
43.935,True,-247.16,101.60
44.036,True,-250.36,97.41
44.136,True,-255.70,98.69
44.230,True,-256.14,100.39
44.329,True,-255.04,98.47
44.434,True,80.38,86.84
44.533,True,93.12,84.21
44.632,True,92.25,81.80
44.732,True,88.01,70.36
44.831,True,85.10,70.31
44.936,True,254.88,-65.49
45.025,True,265.05,-73.50
45.131,True,267.86,-79.94
45.225,True,266.54,-75.35
45.329,True,197.17,-81.24
45.431,True,48.86,-86.27
45.528,True,-2714.62,12401.46
45.626,True,28.72,-91.74
45.732,True,15.71,-30.33
45.827,True,16.61,-18.05
45.930,True,-2730.32,12456.80
46.036,True,461.99,-115.60
46.133,True,462.17,-73.40
46.225,False,-2737.37,12409.96
46.328,True,-3.54,-138.03
46.433,True,8.12,-88.70
46.530,True,78.46,-90.95
46.630,True,103.50,-122.54
46.732,True,403.33,-138.25
46.831,True,404.97,-143.58
46.926,True,112.57,-126.88
47.035,True,51.83,-87.54
47.128,True,52.97,-85.90
47.234,True,79.01,-85.27
47.327,True,83.48,-84.63
47.430,True,88.56,-84.94
47.534,True,91.53,-86.26
47.632,True,98.19,-83.77
47.727,True,103.49,-82.35
47.834,True,100.86,-84.73
47.932,True,97.57,-84.32
48.031,True,100.17,-85.88
48.133,True,102.52,-94.15
48.234,True,101.01,-95.89
48.328,True,103.60,-97.74
48.427,True,106.66,-94.47
48.529,False,-2829.40,12766.97
48.628,True,101.17,-146.83
48.736,True,97.59,-133.36
48.827,True,98.54,-128.66
48.934,True,96.99,-124.48
49.031,True,104.32,-113.31
49.126,True,111.72,-107.35
49.236,True,105.27,-105.99
49.330,True,103.36,-97.89
49.434,True,101.72,-97.89
49.535,True,97.81,-102.25
49.627,True,-2765.98,12475.31
49.726,True,80.56,-173.93
49.825,True,78.20,-148.40
49.936,True,78.99,-131.17
50.033,True,79.91,-126.09
50.125,True,82.53,-127.14
50.226,True,87.05,-129.04
50.329,True,91.16,-125.51
50.425,True,98.54,-113.87
50.531,True,103.05,-94.20
50.632,True,103.82,-81.92
50.728,True,104.97,-80.31
50.825,True,92.07,-74.81
50.934,True,86.64,-72.23
51.030,True,86.84,-75.65
51.130,True,88.93,-78.70
51.227,True,88.99,-83.41
51.325,True,94.26,-83.80
51.436,True,100.44,-84.51
51.531,True,100.52,-84.51
51.629,True,100.93,-84.22
51.725,True,101.11,-84.24
51.825,True,98.58,-82.44
51.937,True,100.42,-77.25
52.031,True,100.81,-81.93
52.131,True,97.18,-85.98
52.227,True,391.00,-108.72
52.325,True,407.63,-121.60
52.436,True,139.11,-119.67
52.527,True,97.17,-119.65
52.625,True,93.80,-110.27
52.726,True,91.76,-109.40
52.837,True,95.86,-104.37
52.925,True,99.03,-105.45
53.025,True,99.44,-114.09
53.136,True,-1.70,-109.28
53.226,True,-22.29,-103.43
53.331,True,-22.54,-115.64
53.426,True,-24.23,-118.77
53.536,True,-23.48,-123.65
53.631,True,76.04,-127.04
53.732,True,98.40,-110.11
53.825,True,103.42,-90.66
53.931,True,-75.14,-193.64
54.029,True,-82.04,-204.66
54.136,True,112.00,-104.45
54.234,True,117.51,-87.77
54.333,True,111.95,-84.17
54.426,True,103.15,-80.26
54.526,True,98.92,-77.48
54.631,True,97.59,-76.37
54.730,True,97.52,-77.86
54.830,True,97.38,-78.26
54.928,True,99.04,-78.53
55.028,True,101.16,-81.41
55.128,True,101.87,-84.73
55.231,True,100.50,-83.75
55.329,True,99.62,-86.91
55.425,True,101.90,-87.84
55.531,True,89.56,-95.11
55.627,True,84.20,-102.96
55.736,True,84.86,-105.36
55.834,True,85.53,-109.56
55.934,True,88.50,-102.62
56.031,True,93.74,-105.92
56.131,True,94.88,-108.94
56.231,True,-2925.71,12914.73
56.335,True,-2883.26,12784.39
56.426,True,93.55,-205.71
56.529,True,79.10,-209.16
56.637,True,78.19,-198.90
56.733,True,80.22,-159.93
56.824,True,83.70,-145.43
56.925,True,84.92,-145.30
57.035,True,85.94,-143.95
57.136,True,86.64,-140.23
57.231,True,-50.54,-174.79
57.326,True,-67.75,-192.80
57.435,True,-82.63,-191.80
57.531,True,82.17,-103.77
57.625,True,84.81,-102.74
57.736,True,82.01,-101.79
57.830,True,75.45,-98.39
57.930,True,86.50,-88.55
58.031,True,91.24,-92.69
58.129,True,91.30,-87.94
58.231,True,90.67,-91.61
58.334,True,88.17,-98.13
58.430,True,-55.81,-261.01
58.531,True,-84.16,-293.21
58.630,True,-90.32,-301.35
58.735,True,-87.40,-305.77
58.826,True,-144.63,-298.68
58.936,True,-190.36,-267.45
59.035,True,-189.75,-254.87
59.132,True,-189.91,-249.11
59.231,True,56.02,-103.75
59.329,True,64.74,-108.29
59.428,True,63.53,-109.25
59.530,True,63.28,-108.29
59.632,True,56.93,-107.30
59.736,True,44.25,-122.31
59.827,True,51.04,-125.96
59.925,True,51.41,-133.43
60.035,True,-2899.75,12672.42
60.137,True,-2887.54,12677.53
60.234,False,-3012.93,13010.74
60.329,True,-20.28,-230.05
60.426,True,-41.62,-237.14
60.535,True,-28.35,-199.21
60.632,True,-30.25,-167.50
60.726,True,-85.03,-195.85
60.831,True,91.31,-143.11
60.930,True,111.79,-110.00
61.030,True,114.96,-91.13
61.126,True,105.96,-89.29
61.230,True,94.46,-89.44
61.335,True,93.50,-90.25
61.435,True,92.49,-89.87
61.531,True,92.60,-93.82
61.631,True,94.01,-91.63
61.725,True,94.72,-91.92
61.826,True,92.07,-102.50
61.926,True,99.80,-105.42
62.026,True,105.43,-108.36
62.131,True,103.35,-109.31
62.231,True,99.80,-112.53
62.336,True,100.08,-114.33
62.425,True,93.37,-120.58
62.534,True,96.35,-115.81
62.634,True,83.44,-92.11
62.731,True,83.27,-108.10
62.828,True,109.69,-121.22
62.928,True,-2943.52,13169.79
63.031,True,115.81,-179.38
63.134,True,90.39,-143.82
63.234,True,93.63,-143.83
63.330,True,93.69,-141.43
63.430,True,-2903.06,12919.28
63.527,True,83.14,-171.42
63.636,True,59.77,-174.46
63.732,True,59.70,-175.89
63.831,True,68.02,-164.21
63.936,True,79.04,-160.57
64.032,True,88.19,-165.14
64.131,True,22.29,-181.69
64.230,True,-41.26,-204.53
64.337,True,-46.35,-192.79
64.429,True,2.05,-156.25
64.533,True,77.64,-105.64
64.629,True,79.84,-101.21
64.726,True,82.93,-95.17
64.837,True,80.65,-98.41
64.930,True,76.31,-103.56
65.025,True,76.81,-113.98
65.131,True,77.62,-124.17
65.225,True,78.39,-118.63
65.336,True,6.94,-216.41
65.435,True,-32.48,-273.26
65.525,True,-31.80,-273.30
65.639,True,-31.28,-273.53
65.727,True,29.42,-153.96
65.826,True,49.20,-119.16
65.930,True,74.83,-111.79
66.025,True,82.90,-106.40
66.125,True,88.35,-105.00
66.234,True,95.26,-103.09
66.336,True,103.41,-108.67
66.428,True,101.97,-116.93
66.532,True,104.66,-114.24
66.634,True,106.90,-116.15
66.731,True,106.00,-114.99
66.837,True,79.17,-115.10
66.932,True,68.40,-116.89
67.034,True,65.02,-117.78
67.125,True,63.33,-121.20
67.225,True,84.12,-115.99
67.325,True,94.70,-109.24
67.425,True,-67.52,-160.23
67.534,True,-76.79,-169.43
67.630,True,76.81,-144.97
67.728,True,94.09,-122.73
67.832,True,98.89,-108.69
67.932,True,99.72,-95.54
68.028,True,105.40,-96.07
68.125,True,105.10,-95.07
68.229,True,105.30,-93.27
68.329,True,104.54,-88.56
68.427,True,97.65,-94.72
68.526,False,-3015.56,13134.17
68.625,False,-3002.41,13043.22
68.726,True,98.52,-126.50
68.836,True,88.90,-120.62
68.931,True,88.68,-125.00
69.031,True,90.30,-123.67
69.131,True,91.00,-123.78
69.230,True,93.98,-108.62
69.332,True,94.83,-106.91
69.431,True,94.97,-112.47
69.531,True,95.61,-112.15
69.628,True,97.32,-110.18
69.727,True,98.44,-112.24
69.834,True,97.11,-108.41
69.932,True,95.62,-113.46
70.033,True,97.35,-129.57
70.132,True,-3049.03,13172.04
70.230,True,74.80,-196.88
70.336,True,62.80,-155.85
70.437,True,67.43,-165.25
70.535,True,67.68,-165.60
70.630,True,65.46,-168.15
70.732,True,66.01,-170.23
70.833,True,-70.91,-203.91
70.934,True,-87.73,-214.20
71.032,True,-87.34,-210.67
71.129,True,85.46,-104.62
71.225,True,86.77,-90.27
71.325,True,86.95,-91.25
71.434,True,87.11,-89.67
71.526,True,82.85,-79.02
71.636,True,85.61,-74.85
71.736,True,89.48,-73.63
71.830,True,89.49,-73.63
71.927,True,90.84,-71.58
72.031,True,90.72,-77.57
72.125,True,91.94,-89.31
72.233,True,99.10,-92.54
72.331,True,102.06,-97.28
72.434,True,99.87,-95.92
72.529,True,101.28,-91.88
72.625,True,95.60,-104.58
72.735,True,89.42,-116.30
72.836,True,101.04,-126.31
72.931,True,100.53,-128.95
73.028,True,92.64,-115.85
73.129,True,88.39,-121.20
73.227,True,88.54,-117.03
73.329,True,89.21,-102.47
73.434,True,94.25,-107.97
73.535,True,85.72,-105.33
73.631,True,77.66,-114.58
73.730,True,75.59,-123.72
73.833,True,78.11,-116.18
73.931,True,77.12,-104.38
74.035,True,76.36,-101.86
74.131,True,92.90,-96.08
74.231,True,106.29,-97.52
74.331,True,107.41,-102.13
74.437,True,-19.19,-239.77
74.525,True,-39.50,-264.08
74.636,True,-39.98,-266.62
74.734,True,111.35,-105.87
74.828,True,116.52,-113.16
74.933,True,115.81,-102.67
75.026,True,113.22,-91.66
75.136,True,111.60,-97.73
75.238,True,109.01,-100.24
75.326,False,-2921.93,13251.20
75.425,False,-2928.64,13190.04
75.536,False,-2943.77,13221.62
75.635,True,89.21,-149.96
75.736,True,80.41,-136.85
75.828,True,81.90,-136.10
75.930,True,77.78,-130.40
76.026,True,-64.48,-232.21
76.128,True,-68.76,-225.98
76.226,True,100.67,-155.14
76.325,True,-2957.67,13309.85
76.435,True,-2991.71,13392.04
76.525,True,170.60,-183.51
76.634,True,203.01,-194.93
76.731,True,173.21,-165.73
76.829,True,111.08,-125.65
76.926,True,100.64,-132.95
77.036,True,-2994.57,13305.97
77.137,True,41.44,-182.14
77.233,True,45.60,-181.60
77.338,True,53.59,-175.54
77.424,True,66.93,-167.27
77.537,True,73.56,-166.37
77.624,True,53.37,-175.66
77.734,True,-44.06,-213.24
77.835,True,-49.98,-223.26
77.936,True,0.06,-192.01
78.033,True,104.56,-117.08
78.136,True,111.30,-116.60
78.236,True,102.75,-119.54
78.330,False,-2900.77,12850.03
78.430,False,-2968.87,13132.48
78.536,False,-2962.91,13166.69
78.629,False,-2962.01,13124.00
78.727,False,-3016.64,13303.05
78.828,True,59.00,-251.40
78.935,False,-3023.02,13366.71
79.025,False,-2996.13,13205.50
79.125,True,59.95,-209.82
79.236,True,51.18,-171.66
79.326,True,51.39,-168.18
79.428,True,52.08,-160.67
79.526,True,54.75,-142.31
79.636,True,96.69,-110.91
79.726,True,104.93,-97.20
79.836,True,106.54,-94.49
79.928,True,103.33,-101.53
80.030,True,101.30,-105.88
80.130,True,102.65,-106.68
80.231,True,103.07,-104.69
80.330,True,101.89,-104.47
80.426,True,101.03,-110.72
80.527,True,102.68,-118.59
80.630,True,104.79,-125.17
80.735,True,100.26,-126.74
80.832,True,38.45,-127.65
80.930,True,-20.79,-119.93
81.029,True,-24.56,-118.64
81.128,False,-2916.92,12782.86
81.234,False,-2967.12,12914.95
81.337,True,94.51,-223.67
81.436,True,174.98,-203.33
81.536,True,166.73,-184.85
81.631,True,166.76,-172.44
81.732,True,173.50,-166.89
81.829,True,129.47,-156.07
81.927,True,86.45,-155.46
82.025,True,86.74,-151.15
82.133,True,87.46,-139.13
82.235,True,86.17,-139.21
82.326,True,83.03,-140.24
82.432,True,82.24,-140.37
82.531,True,81.73,-140.37
82.630,True,76.99,-138.69
82.733,True,73.91,-137.12
82.831,True,74.70,-136.56
82.931,True,76.01,-140.16
83.028,True,85.41,-149.41
83.125,True,85.38,-164.98
83.236,True,86.30,-167.91
83.334,True,-28.26,-234.99
83.436,True,-40.24,-238.21
83.535,True,40.29,-148.33
83.625,True,64.88,-124.66
83.734,True,70.14,-123.49
83.833,True,73.47,-115.61
83.931,True,84.75,-115.82
84.030,True,88.68,-121.06
84.132,True,88.56,-132.31
84.236,True,77.37,-163.90
84.328,True,48.23,-182.35
84.425,True,45.53,-196.21
84.533,True,46.53,-201.83
84.637,True,43.64,-201.70
84.734,True,39.90,-201.92
84.835,True,34.57,-207.74
84.933,True,-59.79,-223.25
85.034,True,-67.42,-224.55
85.131,True,-71.12,-223.66
85.230,True,99.84,-103.16
85.336,True,104.30,-101.16
85.431,True,103.18,-98.11
85.528,True,93.14,-95.36
85.628,True,90.71,-90.09
85.725,True,91.44,-86.17
85.829,True,95.28,-90.68
85.926,False,-2986.28,12718.18
86.025,False,-2993.58,12776.32
86.133,True,184.29,-173.96
86.234,True,142.69,-145.92
86.329,True,100.81,-112.52
86.428,True,96.85,-112.40
86.534,True,94.59,-103.73
86.625,True,85.91,-95.04
86.731,True,83.64,-91.95
86.830,True,79.12,-90.38
86.933,True,81.35,-96.19
87.031,True,80.90,-98.94
87.131,True,80.23,-104.16
87.229,True,80.23,-113.14
87.339,True,81.28,-119.01
87.425,True,85.04,-123.46
87.525,True,89.03,-123.83
87.634,True,91.06,-119.64
87.736,True,91.91,-118.28
87.831,True,93.01,-113.92
87.931,True,92.20,-115.91
88.029,True,86.47,-116.50
88.130,True,376.74,-115.25
88.226,True,386.23,-116.81
88.328,True,66.70,-97.34
88.431,True,42.62,-85.94
88.542,True,44.86,-73.63
88.634,True,79.92,-85.03
88.734,True,88.99,-98.60
88.831,True,89.75,-97.89
88.925,True,90.50,-103.32
89.025,True,88.62,-97.08
89.127,True,92.22,-102.03
89.235,False,-3025.53,12796.16
89.335,True,97.29,-152.82
89.433,True,100.96,-131.11
89.534,True,96.56,-128.42
89.628,True,96.31,-127.40
89.729,True,97.28,-121.88
89.825,True,102.31,-118.57
89.935,True,96.10,-118.12
90.035,True,97.40,-117.41
90.130,True,99.97,-111.01
90.229,True,93.39,-109.85
90.336,True,93.98,-110.37
90.425,True,96.56,-107.96
90.536,True,91.55,-112.58
90.632,True,91.06,-112.48
90.734,True,-2997.14,12678.61
90.832,True,-3008.49,12735.46
90.933,True,-2985.28,12664.47
91.031,True,-2976.76,12588.47
91.129,True,96.07,-186.79
91.231,True,96.67,-130.02
91.332,True,96.98,-126.83
91.435,True,93.40,-137.81
91.527,True,85.79,-142.35
91.626,False,441.21,-193.92
91.735,False,469.06,-205.23
91.831,False,474.87,-187.23
91.931,False,475.09,-157.12
92.034,True,429.57,-138.88
92.136,True,423.32,-140.46
92.234,True,423.06,-131.62
92.329,True,410.36,-116.19
92.436,True,317.63,-97.52
92.534,True,154.38,-92.09
92.639,True,106.55,-99.00
92.734,True,105.37,-99.72
92.831,True,106.17,-102.00
92.934,True,106.88,-104.47
93.033,True,104.71,-97.13
93.133,True,103.17,-99.25
93.230,True,107.54,-98.10
93.325,True,109.86,-101.88
93.429,True,403.91,-164.90
93.530,True,400.53,-185.48
93.628,True,404.25,-177.87
93.728,True,408.13,-159.44
93.840,True,406.61,-151.39
93.927,True,405.06,-145.58
94.030,False,467.76,-155.73
94.134,False,494.18,-166.30
94.226,False,498.26,-166.01
94.325,False,510.06,-192.58
94.434,False,-2974.63,12563.11
94.535,True,250.54,-145.30
94.629,True,237.25,-91.96
94.730,True,247.29,-88.12
94.831,True,455.75,-175.77
94.932,True,454.44,-176.96
95.030,True,213.29,-130.67
95.131,True,118.65,-121.11
95.234,True,112.18,-119.73
95.329,True,42.08,-118.21
95.427,True,29.53,-109.54
95.526,True,29.95,-112.03
95.633,True,5.61,-137.21
95.725,True,-68.15,-200.08
95.825,True,-79.75,-197.09
95.926,True,68.33,-149.84
96.029,True,80.32,-133.83
96.125,True,81.30,-122.84
96.228,True,13.20,-157.94
96.329,True,-65.50,-233.41
96.427,True,-68.47,-242.93
96.531,True,-29.26,-233.28
96.631,True,104.21,-124.35
96.727,True,107.43,-126.68
96.828,True,101.65,-120.03
96.934,True,97.53,-113.32
97.028,True,93.29,-109.90
97.127,True,91.04,-104.35
97.232,True,93.05,-90.70
97.332,True,95.50,-84.79
97.432,True,91.96,-84.66
97.530,True,97.52,-85.91
97.629,True,101.63,-91.56
97.735,True,99.73,-98.19
97.826,True,91.77,-95.64
97.936,True,88.78,-95.07
98.025,True,87.62,-87.28
98.133,True,-3064.50,12802.21
98.231,True,-3109.26,12972.13
98.326,True,-3111.80,13044.86
98.431,True,-3099.76,12940.08
98.527,True,-3096.48,12927.05
98.635,True,78.18,-88.22
98.737,True,36.41,-170.31
98.831,True,41.08,-201.57
98.931,True,44.19,-202.56
99.026,True,43.18,-194.88
99.135,True,-59.31,-223.96
99.229,True,-61.02,-216.59
99.328,True,-45.18,-194.16
99.431,True,63.23,-99.57
99.529,True,64.45,-93.70
99.630,True,68.10,-90.63
99.730,True,69.94,-84.12
99.832,True,73.32,-79.18
99.935,True,76.67,-80.82
100.026,True,79.86,-85.98
100.134,True,87.05,-90.18
100.231,True,82.04,-94.81
100.327,True,83.79,-94.79
100.425,True,84.01,-93.47
100.526,True,80.58,-93.50
100.634,True,91.31,-98.70
100.735,True,92.05,-94.56
100.836,True,91.10,-95.64
100.935,True,90.66,-102.09
101.032,True,92.03,-103.10
101.132,True,85.82,-113.55
101.235,True,82.14,-119.05
101.329,True,83.16,-121.28
101.427,True,80.21,-120.96
101.525,True,65.78,-103.96
101.633,True,53.19,-86.75
101.735,True,54.92,-85.52
101.833,True,64.34,-105.53
101.933,True,58.58,-80.08
102.027,True,365.48,-90.67
102.130,True,392.53,-133.65
102.226,True,189.10,-100.21
102.330,True,38.00,-94.05
102.430,True,45.13,-93.36
102.526,True,81.45,-92.53
102.626,True,92.98,-90.45
102.734,True,87.34,-92.14
102.831,True,88.82,-93.34
102.933,False,438.18,-168.54
103.034,True,242.29,-147.98
103.131,True,127.94,-128.80
103.231,True,120.94,-129.91
103.336,True,91.22,-123.95
103.435,True,82.85,-121.52
103.534,True,78.82,-111.84
103.631,True,82.77,-109.04
103.728,True,86.29,-109.03
103.828,True,82.90,-102.50
103.926,True,82.78,-95.36
104.027,True,83.82,-97.59
104.128,True,246.37,-104.04
104.229,True,428.05,-176.58
104.330,True,429.12,-179.36
104.431,True,429.93,-177.43
104.529,True,109.00,-125.96
104.630,True,95.79,-126.63
104.731,True,95.72,-119.90
104.835,True,94.18,-119.44
104.931,True,89.69,-123.16
105.026,True,87.29,-124.73
105.125,True,86.49,-134.07
105.226,True,83.59,-136.90
105.328,True,80.99,-136.13
105.433,True,81.11,-137.36
105.531,True,421.98,-160.09
105.630,False,440.55,-173.33
105.734,False,440.99,-161.35
105.833,False,439.91,-148.74
105.933,True,337.30,-145.79
106.034,True,254.47,-136.67
106.131,True,253.90,-134.19
106.231,True,311.38,-132.80
106.335,False,444.78,-152.48
106.433,False,452.56,-164.16
106.530,False,456.59,-170.33
106.630,False,457.96,-169.73
106.731,False,453.99,-171.73
106.831,False,438.16,-170.66
106.930,False,435.86,-164.61
107.026,True,150.94,-98.31
107.126,True,132.65,-103.03
107.235,True,127.15,-131.86
107.332,True,121.93,-141.63
107.432,True,121.75,-135.44
107.530,True,123.94,-133.67
107.625,True,111.87,-138.40
107.725,True,93.14,-131.12
107.835,False,-3113.85,12723.99
107.929,False,-3115.47,12754.70
108.034,False,-3088.84,12666.06
108.131,True,100.25,-161.93
108.230,True,99.46,-108.59
108.327,True,99.19,-98.93
108.425,True,97.06,-100.20
108.534,True,96.41,-100.96
108.632,True,89.62,-95.01
108.725,True,82.85,-84.71
108.835,True,81.77,-79.37
108.931,True,82.64,-75.33
109.025,True,83.68,-73.28
109.126,True,86.67,-76.16
109.231,True,89.97,-80.12
109.335,True,91.61,-83.70
109.433,True,91.98,-86.40
109.531,True,91.03,-123.54
109.631,True,-3080.47,12609.79
109.734,True,-3061.71,12561.98
109.827,False,-3080.11,12616.95
109.932,True,74.56,-206.58
110.034,True,67.27,-119.48
110.126,True,66.25,-122.37
110.229,True,-41.82,-186.17
110.327,True,-70.82,-227.33
110.435,True,-8.66,-185.49
110.532,True,87.45,-125.13
110.630,True,82.17,-120.69
110.729,True,65.35,-114.02
110.836,True,63.43,-106.32
110.934,True,-79.73,-294.13
111.031,True,-83.81,-299.06
111.128,True,-83.43,-303.39
111.231,True,-82.07,-303.18
111.331,True,33.48,-181.46
111.426,True,42.19,-158.05
111.528,True,42.37,-154.49
111.626,True,40.99,-151.60
111.737,True,-102.52,-176.59
111.831,True,-106.11,-179.81
111.931,True,-107.54,-180.51
112.031,True,-109.88,-182.64
112.130,True,58.48,-129.20
112.225,True,69.38,-109.38
112.325,True,70.12,-105.44
112.436,True,74.62,-95.37
112.526,True,79.81,-93.48
112.626,True,80.52,-95.89
112.730,True,82.39,-92.96
112.829,True,84.68,-90.83
112.930,True,-3172.22,12856.56
113.029,True,-3158.60,12808.05
113.127,True,-3132.35,12691.72
113.236,True,-3168.84,12838.73
113.329,True,27.49,-190.57
113.434,True,30.75,-188.61
113.531,True,53.36,-198.59
113.629,True,74.21,-175.88
113.727,True,39.60,-178.24
113.827,True,-59.03,-228.34
113.933,True,-67.68,-224.44
114.030,True,-67.87,-215.83
114.132,True,-66.97,-202.80
114.234,True,-61.95,-199.76
114.333,True,35.29,-137.32
114.435,True,55.98,-124.62
114.530,True,54.06,-119.59
114.630,True,56.76,-79.51
114.727,True,61.78,-77.28
114.832,True,65.71,-81.64
114.929,True,68.28,-84.75
115.034,True,69.67,-90.01
115.134,True,72.73,-90.56
115.233,True,72.01,-96.52
115.332,True,-61.55,-196.33
115.433,True,-67.27,-202.28
115.531,True,64.05,-104.18
115.631,True,72.24,-87.39
115.725,True,69.45,-83.05
115.826,True,77.61,-75.93
115.931,True,87.26,-83.30
116.028,True,85.59,-89.91
116.125,True,82.43,-95.81
116.235,True,78.22,-96.36
116.338,True,78.90,-98.28
116.430,True,81.07,-100.31
116.532,True,79.62,-114.08
116.630,True,235.70,-106.09
116.730,True,412.07,-116.47
116.829,True,404.66,-118.86
116.925,True,273.15,-112.15
117.029,True,220.96,-96.75
117.127,True,166.34,-93.78
117.236,True,114.35,-96.99
117.330,True,125.58,-97.94
117.430,False,460.35,-154.21
117.532,False,463.81,-171.47
117.636,False,481.55,-177.14
117.730,False,482.82,-184.74
117.828,False,482.59,-191.14
117.927,False,-3223.25,12905.62
118.025,True,259.37,-189.86
118.137,True,183.52,-188.48
118.234,True,164.13,-141.15
118.328,False,445.54,-204.86
118.429,False,450.24,-211.51
118.532,False,446.29,-193.79
118.628,True,407.30,-148.42
118.734,True,393.03,-142.80
118.834,True,393.51,-127.31
118.925,True,393.61,-127.11
119.026,True,384.78,-130.00
119.125,True,374.28,-132.04
119.229,False,453.64,-154.23
119.331,False,501.44,-170.09
119.433,False,499.91,-170.23
119.528,False,506.91,-188.81
119.636,False,-3232.24,12983.06
119.726,False,-3213.99,12886.28
119.836,False,-3214.90,12847.29
119.929,False,-261.62,-533.56
120.028,True,98.05,-140.60
120.132,True,94.98,-141.86
120.231,True,91.73,-147.22
120.339,True,85.48,-133.89
120.426,True,85.81,-122.23
120.529,True,87.52,-110.97
120.632,True,84.72,-102.05
120.734,True,83.82,-89.51
120.831,True,85.16,-85.50
120.930,True,81.02,-86.27
121.029,True,-3289.87,13196.41
121.129,True,90.06,-164.11
121.230,True,72.39,-125.52
121.329,True,71.95,-159.31
121.429,True,75.58,-159.14
121.535,True,81.48,-149.68
121.631,True,81.26,-146.89
121.729,True,83.57,-152.72
121.826,True,426.14,-183.17
121.926,False,447.28,-173.95
122.037,False,442.62,-160.59
122.129,False,438.07,-156.70
122.229,True,435.19,-153.35
122.330,False,467.22,-161.01
122.435,False,482.65,-357.86
122.526,False,467.91,-255.95
122.630,False,462.15,-180.59
122.730,True,63.41,-121.90
122.836,True,12.77,-131.19
122.933,True,8.89,-126.76
123.034,True,88.14,-113.92
123.131,True,90.41,-105.88
123.234,True,92.71,-104.13
123.331,True,82.21,-97.05
123.431,True,85.46,-94.70
123.528,True,91.23,-93.23
123.627,True,84.97,-92.68
123.730,True,72.59,-81.81
123.831,True,74.84,-83.14
123.933,True,80.50,-83.76
124.030,True,78.60,-83.83
124.132,True,80.08,-86.86
124.227,True,88.50,-88.86
124.331,True,91.02,-93.11
124.431,True,91.87,-96.14
124.530,True,89.64,-97.08
124.626,True,82.52,-95.54
124.725,True,83.09,-93.31
124.831,True,82.34,-96.22
124.934,True,84.90,-95.92
125.031,True,82.44,-99.63
125.129,True,83.02,-104.56
125.230,True,85.70,-109.33
125.333,True,83.99,-112.51
125.425,True,78.29,-119.96
125.526,True,78.91,-122.48
125.632,True,79.45,-116.56
125.730,True,76.85,-108.84
125.829,True,74.85,-99.53
125.926,True,77.04,-97.17
126.028,True,76.69,-99.84
126.130,True,67.14,-107.09
126.229,True,-54.86,-218.31
126.328,True,-56.91,-220.87
126.434,True,-63.81,-233.02
126.532,True,-72.84,-245.48
126.629,True,67.49,-100.65
126.734,True,78.27,-97.73
126.836,True,75.36,-101.02
126.926,False,-3311.01,13130.01
127.026,False,-3317.56,13163.90
127.135,False,-3358.15,13322.08
127.236,False,-3355.88,13314.77
127.331,False,-3351.15,13288.43
127.435,False,-3365.51,13319.14
127.525,True,91.39,-206.37
127.630,True,77.79,-94.63
127.731,True,77.94,-93.03
127.830,False,-3402.57,13498.61
127.926,False,-3393.77,13477.36
128.029,True,88.60,-86.05
128.128,True,92.74,-90.30
128.229,True,94.63,-98.30
128.328,True,88.52,-95.80
128.426,True,82.76,-92.54
128.535,True,79.76,-86.38
128.636,True,81.52,-86.00
128.735,True,86.76,-85.77
128.827,True,85.01,-90.91
128.935,True,85.28,-92.05
129.026,True,86.61,-92.84
129.128,True,-3417.39,13544.14
129.229,True,91.81,-175.96
129.329,True,72.24,-173.41
129.426,True,65.88,-138.60
129.526,True,65.00,-126.54
129.639,True,89.78,-104.45
129.725,True,92.23,-106.81
129.829,True,100.93,-155.14
129.925,False,-3374.16,13410.19
130.035,True,-83.58,-172.54
130.136,True,-81.24,-187.14
130.237,True,-76.13,-184.13
130.331,True,60.62,-84.64
130.427,True,72.14,-71.83
130.529,True,72.45,-70.81
130.631,True,-54.33,-203.58
130.730,True,-66.21,-221.18
130.830,True,-65.85,-229.82
130.931,True,-68.54,-233.26
131.032,True,-70.45,-227.28
131.138,True,49.69,-87.11
131.236,True,98.27,-43.09
131.325,True,100.92,-36.51
131.433,True,96.71,-38.62
131.526,True,88.36,-43.33
131.635,True,81.39,-48.37
131.736,True,79.95,-48.09
131.836,True,80.42,-48.87
131.935,True,80.24,-50.73
132.031,True,80.53,-48.31
132.137,True,81.91,-47.92
132.227,True,83.05,-53.75
132.330,True,84.29,-60.08
132.434,True,84.22,-71.01
132.529,True,83.43,-80.23
132.627,True,85.02,-83.26
132.730,True,87.61,-90.39
132.828,True,304.11,-101.58
132.927,True,408.59,-141.41
133.026,True,414.76,-144.18
133.136,True,136.03,-35.52
133.235,True,125.20,-40.49
133.326,True,101.47,-59.52
133.435,True,85.13,-71.47
133.534,True,87.03,-78.49
133.632,True,89.96,-88.68
133.738,True,91.47,-98.86
133.828,False,-3378.88,13522.21
133.939,False,-3397.36,13544.94
134.032,True,85.26,-135.30
134.136,True,80.40,-133.09
134.232,True,81.06,-122.39
134.332,True,85.26,-120.87
134.432,True,85.94,-113.33
134.531,True,85.53,-103.27
134.637,True,85.30,-95.45
134.737,True,84.26,-91.33
134.826,True,84.17,-88.40
134.928,True,86.03,-90.44
135.025,True,87.94,-92.28
135.125,True,87.38,-94.07
135.233,True,88.62,-88.98
135.336,True,89.04,-88.87
135.437,True,90.41,-89.10
135.538,True,91.16,-102.98
135.635,True,-3435.77,13746.23
135.732,True,-3415.85,13668.11
135.827,True,-3411.96,13644.26
135.925,True,-3382.06,13521.93
136.028,True,67.57,-222.48
136.130,True,73.12,-193.80
136.241,True,73.88,-182.84
136.330,True,76.59,-175.28
136.430,True,292.89,-145.63
136.526,True,305.42,-146.63
136.627,True,301.82,-124.03
136.735,True,374.70,-122.21
136.830,True,416.13,-147.04
136.929,True,419.50,-146.96
137.025,True,161.11,-113.67
137.125,True,86.14,-65.91
137.232,True,79.91,-63.82
137.325,True,79.82,-67.74
137.435,True,79.60,-70.62
137.533,True,80.35,-66.45
137.628,True,79.48,-62.11
137.730,True,77.81,-70.50
137.835,True,77.16,-78.72
137.925,True,76.22,-74.21
138.036,True,75.32,-70.78
138.136,True,76.92,-70.99
138.235,True,79.49,-73.23
138.329,True,80.16,-84.86
138.430,True,81.43,-92.33
138.529,True,83.62,-103.63
138.628,True,82.72,-101.87
138.738,True,83.89,-97.68
138.828,True,84.35,-95.77
138.930,True,81.94,-96.62
139.026,True,80.76,-94.35
139.134,True,81.47,-99.19
139.236,True,80.73,-114.96
139.335,True,83.17,-115.86
139.430,True,22.56,-121.60
139.533,True,-60.64,-180.83
139.635,True,-62.73,-181.36
139.736,True,50.90,-129.98
139.835,True,60.06,-116.80
139.926,True,65.26,-99.40
140.026,True,69.77,-90.50
140.138,True,85.11,-89.41
140.235,True,88.07,-92.08
140.334,True,87.05,-100.70
140.426,True,86.28,-107.78
140.534,True,85.13,-106.13
140.632,True,84.18,-107.32
140.733,True,84.72,-114.81
140.825,True,86.99,-115.31
140.925,True,87.66,-108.94
141.035,True,85.65,-111.38
141.132,True,85.51,-112.73
141.228,True,87.22,-108.46
141.335,True,89.26,-107.97
141.426,True,89.58,-108.72
141.535,True,88.63,-107.92
141.627,True,87.00,-103.62
141.733,True,86.10,-99.66
141.831,True,85.13,-99.83
141.931,True,83.90,-94.44
142.030,True,87.50,-92.32
142.125,True,92.76,-99.38
142.235,True,96.08,-104.54
142.338,True,95.81,-109.68
142.433,True,89.35,-117.26
142.534,True,83.24,-119.44
142.625,True,78.95,-120.97
142.733,True,77.87,-120.52
142.836,True,76.32,-126.08
142.925,True,75.31,-127.15
143.029,True,68.49,-109.92
143.138,True,64.70,-97.07
143.229,True,67.51,-82.72
143.329,True,72.65,-80.13
143.430,True,78.59,-83.71
143.532,True,80.19,-90.32
143.636,True,84.17,-101.35
143.727,False,-3460.89,13782.53
143.837,False,-3524.28,13965.88
143.925,False,-3461.62,13746.81
144.035,False,87.49,253.01
144.136,True,96.48,-176.80
144.233,True,81.61,-139.28
144.330,True,74.70,-128.86
144.433,True,76.07,-122.83
144.536,True,84.41,-108.44
144.634,True,89.19,-102.29
144.733,True,90.07,-99.82
144.835,True,88.66,-97.33
144.934,True,85.96,-92.74
145.031,True,85.88,-91.60
145.128,True,86.42,-91.62
145.235,True,86.34,-96.46
145.329,True,85.91,-104.15
145.432,True,86.13,-109.88
145.535,True,85.87,-107.42
145.632,True,82.87,-103.63
145.737,True,82.64,-94.53
145.828,True,83.27,-89.99
145.926,True,82.19,-95.75
146.032,True,82.45,-101.49
146.132,True,83.04,-100.64
146.231,True,73.67,-87.83
146.330,True,71.00,-73.47
146.436,True,69.71,-76.09
146.537,True,74.66,-82.28
146.626,True,81.29,-90.50
146.726,True,82.34,-97.31
146.827,True,86.76,-107.67
146.929,True,89.29,-116.10
147.029,False,-3496.12,13855.31
147.128,False,-3498.87,13872.38
147.230,False,-3484.28,13806.49
147.332,False,-3500.01,13820.71
147.426,True,114.56,-41.21
147.535,True,201.65,-190.36
147.635,True,82.06,-124.23
147.732,True,77.35,-124.24
147.836,True,79.46,-122.17
147.927,True,80.38,-111.38
148.036,True,79.13,-96.01
148.125,True,76.08,-82.59
148.234,True,74.84,-81.58
148.328,True,77.10,-89.36
148.431,True,81.50,-86.12
148.527,True,81.62,-78.60
148.628,True,81.99,-87.65
148.736,True,82.59,-94.71
148.826,True,84.93,-98.97
148.925,True,88.20,-110.54
149.035,True,88.59,-108.60
149.129,True,88.73,-109.74
149.234,True,86.52,-111.84
149.325,True,74.70,-117.24
149.437,True,72.40,-116.48
149.534,True,73.22,-112.50
149.630,True,72.55,-113.50
149.730,True,72.02,-113.85
149.828,True,71.97,-114.29
149.934,True,71.87,-118.20
150.032,True,70.69,-120.07
150.130,True,67.34,-117.69
150.229,True,62.86,-105.36
150.329,True,59.82,-90.53
150.434,True,53.32,-96.83
150.525,True,-14.13,-229.34
150.635,True,-18.94,-243.16
150.735,False,-3562.55,14049.24
150.829,False,-3552.25,14032.12
150.929,False,-3499.41,13838.68
151.028,True,94.19,-109.58
151.126,True,83.58,-78.38
151.235,True,73.02,-75.54
151.336,True,79.54,-103.41
151.432,True,83.03,-105.13
151.525,True,84.16,-101.89
151.627,True,83.28,-93.82
151.730,True,80.30,-90.31
151.827,True,86.54,-80.40
151.936,True,90.10,-85.33
152.034,True,86.99,-91.90
152.136,True,83.98,-101.78
152.228,True,83.81,-104.86
152.337,True,86.06,-108.57
152.435,True,87.39,-109.18
152.528,True,92.98,-108.92
152.634,True,90.79,-112.33
152.737,True,86.32,-110.50
152.825,True,84.30,-108.51
152.937,True,82.19,-110.07
153.026,True,11.84,-115.73
153.130,True,4.96,-116.11
153.235,True,4.48,-114.40
153.326,True,1.88,-115.15
153.435,True,40.66,-122.47
153.526,True,69.50,-122.02
153.634,True,70.61,-102.74
153.731,True,68.54,-81.35
153.834,True,-44.56,-217.73
153.930,True,-53.58,-229.24
154.030,True,-58.37,-228.68
154.129,True,46.88,-110.46
154.229,True,81.46,-69.87
154.326,True,84.27,-61.94
154.425,True,79.26,-56.30
154.536,True,73.11,-57.42
154.626,True,71.47,-61.25
154.737,True,70.19,-64.86
154.836,True,73.77,-77.74
154.929,False,-3555.82,14017.22
155.028,False,-3566.16,14067.21
155.125,False,-3538.90,13971.43
155.237,False,-3526.76,13888.39
155.335,False,-3511.52,13862.88
155.434,False,-3520.69,13863.37
155.531,False,-3543.36,13956.41
155.629,False,-3542.73,13960.44
155.729,False,-3552.12,13985.38
155.835,False,-3526.64,13890.21
155.927,True,142.26,-138.53
156.027,True,132.28,-115.35
156.129,True,113.39,-97.94
156.226,True,99.73,-107.34
156.334,True,92.07,-97.88
156.428,False,-3583.99,14106.26
156.530,False,-3567.05,14049.26
156.629,False,-3583.24,14086.40
156.726,False,-3607.00,14184.85
156.836,False,-3590.61,14241.73
156.930,False,-3611.48,14284.60
157.037,False,-3575.51,14090.51
157.132,False,-3559.87,13951.77
157.229,False,-3533.51,13875.13
157.335,True,92.13,-126.30
157.433,True,93.59,-231.13
157.532,True,95.13,-216.86
157.628,True,84.86,-169.83
157.733,True,84.51,-135.56
157.828,True,57.59,-97.03
157.933,True,54.29,-74.41
158.030,True,54.60,-72.09
158.130,True,54.83,-71.05
158.228,True,54.05,-72.29
158.327,True,52.67,-85.50
158.436,True,64.49,-104.83
158.534,True,70.68,-112.00
158.634,True,69.96,-122.48
158.734,True,68.48,-133.11
158.836,True,67.28,-131.97
158.927,True,-67.14,-264.28
159.033,True,-82.26,-283.16
159.131,True,-89.22,-276.59
159.232,True,-90.69,-276.59
159.334,True,-90.55,-266.09
159.436,True,68.59,-67.43
159.533,True,80.55,-33.11
159.635,True,81.94,-36.71
159.735,True,84.22,-37.79
159.831,True,87.46,-40.38
159.929,True,80.74,-41.83
160.028,True,75.26,-43.85
160.133,True,74.91,-56.26
160.227,False,-3627.27,14240.25
160.335,False,-3618.44,14231.40
160.433,False,-3607.86,14151.55
160.529,False,-3596.31,14069.47
160.632,True,173.83,-266.80
160.738,True,186.56,-274.57
160.831,True,190.75,-267.46
160.937,True,152.26,-285.56
161.028,True,126.12,-342.47
161.126,True,121.61,-346.31
161.225,True,177.51,-122.57
161.325,True,134.53,-47.98
161.435,True,100.82,-41.95
161.532,True,90.56,-38.30
161.630,True,85.15,-46.06
161.728,True,79.04,-61.84
161.825,True,77.01,-68.10
161.926,True,74.09,-81.91
162.037,True,74.61,-91.01
162.134,True,74.21,-95.58
162.236,True,146.91,-97.85
162.337,True,385.79,-110.32
162.431,True,384.86,-122.26
162.530,True,391.25,-125.60
162.628,True,125.82,-67.76
162.727,True,125.71,-73.11
162.831,True,91.52,-84.86
162.933,False,-3619.39,14173.23
163.033,False,-3613.29,14154.72
163.126,False,-3638.12,14256.79
163.237,False,-3640.23,14247.53
163.328,False,-3648.34,14229.33
163.435,False,-3678.21,14295.20
163.525,False,-3670.93,14302.60
163.635,True,85.54,-160.92
163.731,True,71.78,-134.35
163.828,True,77.63,-118.77
163.925,True,81.90,-121.10
164.036,True,79.10,-112.43
164.128,True,74.58,-97.45
164.225,True,74.68,-83.75
164.333,True,76.44,-60.78
164.437,True,73.80,-66.88
164.527,True,71.43,-76.20
164.625,True,75.05,-84.90
164.735,True,75.42,-82.90
164.836,True,74.12,-75.68
164.927,True,75.29,-70.18
165.032,True,75.62,-77.62
165.131,True,74.44,-79.95
165.240,True,73.15,-82.10
165.336,True,76.10,-92.90
165.426,True,78.49,-100.09
165.528,True,79.75,-100.71
165.630,True,80.53,-103.88
165.725,True,78.85,-107.20
165.836,True,80.41,-102.75
165.932,True,80.92,-104.35
166.030,True,79.82,-104.64
166.129,True,80.01,-106.05
166.232,True,77.55,-108.55
166.335,True,78.93,-109.20
166.435,True,79.99,-117.02
166.527,True,78.56,-117.46
166.631,True,76.24,-93.00
166.729,True,190.16,-81.30
166.829,True,407.38,-155.61
166.930,True,387.57,-152.74
167.029,True,58.59,-66.36
167.128,True,55.50,-62.01
167.236,True,63.40,-66.36
167.336,True,75.17,-66.34
167.425,True,76.57,-70.57
167.526,True,76.63,-76.23
167.629,True,78.02,-79.68
167.729,True,81.59,-79.88
167.829,True,81.36,-81.13
167.926,True,80.66,-84.63
168.027,True,78.95,-88.13
168.128,True,78.48,-98.19
168.226,True,80.36,-103.42
168.337,True,81.09,-110.97
168.429,True,81.71,-117.57
168.525,True,79.47,-120.50
168.635,True,77.17,-121.61
168.733,True,75.12,-121.45
168.834,True,77.31,-124.29
168.930,True,79.15,-122.38
169.028,True,62.32,-133.93
169.126,True,11.58,-132.81
169.233,True,16.28,-146.91
169.332,True,17.39,-149.06
169.432,True,93.23,-131.01
169.534,True,139.62,-117.39
169.630,True,404.94,-135.26
169.732,True,407.96,-145.07
169.825,True,414.13,-146.45
169.925,True,193.57,-130.85
170.028,True,87.65,-110.77
170.136,True,84.16,-110.57
170.226,True,82.77,-116.11
170.328,True,82.65,-124.56
170.433,False,-3676.16,14324.61
170.525,True,133.18,-153.67
170.634,True,149.58,-142.36
170.727,True,146.91,-141.14
170.830,True,390.37,-144.14
170.929,True,424.75,-163.44
171.036,False,439.45,-162.22
171.136,True,181.18,-146.55
171.228,True,154.72,-145.22
171.332,True,130.92,-143.05
171.437,True,95.50,-141.88
171.528,True,419.10,-167.21
171.637,True,433.79,-170.28
171.725,False,437.37,-161.05
171.836,True,376.28,-165.70
171.925,True,350.10,-163.45
172.025,True,64.54,-123.08
172.136,True,57.04,-119.38
172.236,True,69.74,-115.90
172.328,True,82.59,-113.24
172.430,True,83.10,-124.29
172.527,True,-3641.56,14122.12
172.629,True,71.75,-151.42
172.734,True,72.54,-147.82
172.825,True,72.95,-143.19
172.931,True,70.99,-145.11
173.035,True,74.07,-143.19
173.136,True,73.98,-136.91
173.232,False,442.79,-145.14
173.334,False,443.41,-140.75
173.431,False,452.95,-140.67
173.536,False,460.43,-138.56
173.630,True,85.54,-61.56
173.730,True,75.96,-47.87
173.835,True,72.23,-57.37
173.928,True,72.36,-80.89
174.034,True,369.26,-106.99
174.128,True,377.70,-117.99
174.235,True,381.30,-118.31
174.335,True,381.38,-134.05
174.439,False,-3718.15,14363.38
174.533,True,142.50,-147.55
174.635,True,94.96,-121.00
174.733,True,94.03,-124.24
174.837,True,77.55,-121.56
174.935,True,71.27,-121.52
175.027,True,70.15,-114.86
175.129,True,75.22,-112.92
175.229,True,76.77,-112.47
175.328,True,77.46,-114.05
175.428,True,77.78,-113.57
175.533,True,77.34,-112.91
175.630,True,77.91,-110.76
175.733,True,77.88,-110.11
175.829,True,78.70,-111.92
175.932,True,77.82,-111.89
176.036,True,77.72,-113.99
176.134,True,75.35,-118.54
176.237,True,59.80,-119.28
176.334,True,27.29,-119.16
176.434,True,23.69,-120.82
176.528,True,26.58,-122.11
176.628,True,27.01,-114.18
176.730,True,24.68,-103.64
176.832,True,57.09,-91.52
176.934,True,80.93,-91.04
177.040,True,82.55,-93.53
177.129,True,84.55,48.31
177.233,False,-3732.20,14413.40
177.336,False,-3733.05,14428.75
177.431,False,-3708.30,14339.84
177.528,False,-3724.52,14365.62
177.628,False,-3733.88,14447.43
177.736,True,29.45,-158.74
177.833,True,40.02,-156.96
177.937,True,45.95,-160.52
178.031,True,46.86,-154.51
178.127,True,-38.84,-183.61
178.225,True,17.79,-144.31
178.339,True,79.68,-88.58
178.436,True,76.74,-83.04
178.535,True,78.29,-83.13
178.631,True,83.28,-80.44
178.734,True,89.21,-84.31
178.828,True,89.24,-89.44
178.936,True,88.70,-88.66
179.032,True,87.89,-90.60
179.128,True,86.02,-90.70
179.235,True,85.85,-99.52
179.330,True,80.74,-102.16
179.429,True,74.84,-102.39
179.525,True,74.44,-101.00
179.635,True,74.32,-103.46
179.733,True,-3766.30,14489.87
179.831,True,-3722.77,14356.55
179.928,True,31.84,-189.66
180.028,True,31.35,-164.66
180.135,True,37.99,-169.83
180.233,True,60.06,-158.28
180.330,True,65.93,-154.07
180.434,True,66.48,-152.69
180.530,True,-50.56,-232.13
180.635,True,-58.76,-222.20
180.730,True,45.38,-100.79
180.826,True,81.33,-58.52
180.934,True,79.09,-59.80
181.032,True,77.77,-59.76
181.134,True,76.44,-59.46
181.234,True,75.41,-57.98
181.336,True,75.74,-57.42
181.438,True,74.09,-57.79
181.527,True,71.57,-58.94
181.630,True,73.52,-65.42
181.729,True,76.66,-71.71
181.826,True,76.97,-74.53
181.925,True,76.62,-80.14
182.029,True,74.37,-83.38
182.136,True,77.27,-90.79
182.234,True,76.64,-92.32
182.333,True,76.18,-90.80
182.429,True,77.51,-91.53
182.526,True,78.18,-92.47
182.638,True,84.03,-95.28
182.729,True,83.37,-96.38
182.834,True,78.82,-93.73
182.929,True,79.68,-96.62
183.028,True,79.16,-96.50
183.130,True,74.82,-93.09
183.228,True,73.77,-94.57
183.333,True,74.15,-92.23
183.426,True,349.18,-96.54
183.525,True,402.04,-110.77
183.626,True,143.18,-82.46
183.729,True,69.86,-54.96
183.828,True,62.11,-63.93
183.930,True,69.62,-69.32
184.027,True,76.69,-75.02
184.126,True,78.69,-77.14
184.234,True,79.06,-80.75
184.334,True,80.89,-90.88
184.434,True,143.99,-108.23
184.534,True,427.08,-136.60
184.632,True,431.09,-142.35
184.734,True,435.05,-139.71
184.834,True,435.98,-134.84
184.932,False,438.92,-137.59
185.034,True,87.90,-95.34
185.130,True,38.00,-94.34
185.233,True,39.63,-99.00
185.329,True,65.73,-91.78
185.431,True,74.53,-92.29
185.532,True,77.12,-101.12
185.628,True,77.13,-103.84
185.737,True,77.10,-107.94
185.825,True,76.89,-107.84
185.936,True,77.88,-111.32
186.036,True,-3741.86,14338.23
186.134,True,-3753.50,14409.98
186.228,True,-3725.09,14295.91
186.326,True,-3695.98,14166.63
186.425,True,110.74,-144.43
186.537,True,123.89,-166.05
186.635,True,100.71,-165.46
186.735,True,88.35,-156.78
186.834,True,105.42,-154.83
186.927,True,426.11,-149.84
187.036,True,436.45,-113.81
187.137,False,445.39,-118.48
187.233,False,443.91,-124.08
187.334,False,443.04,-123.05
187.434,True,384.75,-119.33
187.529,True,372.66,-120.57
187.629,True,368.66,-123.77
187.729,True,253.77,-117.91
187.828,True,98.64,-99.43
187.929,True,95.89,-103.99
188.032,True,85.17,-100.23
188.133,True,76.85,-94.78
188.228,True,76.09,-93.19
188.326,True,75.47,-94.65
188.426,True,70.21,-89.85
188.535,True,65.99,-86.05
188.634,True,66.21,-87.60
188.733,True,70.72,-100.01
188.825,True,69.90,-105.51
188.937,True,69.09,-113.56
189.025,True,71.34,-111.06
189.136,True,72.30,-112.82
189.234,True,71.48,-114.83
189.328,True,72.58,-116.69
189.439,True,74.37,-119.79
189.525,True,73.47,-118.13
189.631,True,73.08,-114.59
189.733,True,74.47,-117.54
189.835,True,74.53,-121.55
189.937,True,74.82,-120.88
190.037,True,75.59,-118.00
190.126,True,75.34,-121.50
190.230,True,75.50,-125.34
190.327,True,358.98,-120.71
190.426,True,379.60,-124.29
190.526,True,382.18,-128.02
190.630,True,95.87,-78.88
190.732,True,92.94,-78.37
190.830,True,83.82,-79.36
190.930,True,76.44,-76.91
191.030,True,77.36,-75.08
191.127,True,78.58,-76.68
191.232,True,79.76,-83.06
191.331,True,81.24,-89.80
191.428,True,80.57,-97.33
191.528,True,77.72,-99.31
191.632,True,78.01,-97.52
191.732,True,76.46,-94.85
191.832,True,76.90,-93.40
191.934,True,75.07,-96.44
192.032,True,74.72,-96.07
192.135,True,75.96,-109.36
192.233,True,77.27,-115.33
192.327,True,79.45,-117.14
192.426,True,80.51,-122.38
192.532,True,79.40,-122.80
192.630,True,78.84,-119.10
192.729,True,79.56,-116.91
192.833,True,78.59,-117.08
192.934,True,78.48,-111.24
193.036,True,77.73,-106.96
193.137,True,75.92,-108.67
193.225,True,75.37,-111.94
193.335,True,75.66,-113.76
193.429,True,75.91,-114.98
193.532,True,76.02,-114.13
193.634,True,75.89,-117.69
193.736,True,358.18,-132.80
193.827,True,422.45,-105.62
193.925,True,426.61,-117.86
194.030,True,407.78,-119.92
194.134,True,363.96,-110.83
194.226,True,88.23,-52.52
194.327,True,78.61,-53.40
194.428,True,78.40,-57.81
194.534,True,77.58,-64.17
194.628,True,78.24,-67.93
194.727,True,81.07,-80.29
194.828,True,80.98,-89.82
194.930,True,77.13,-93.55
195.027,True,71.90,-84.74
195.130,True,74.22,-79.40
195.241,True,73.83,-76.34
195.327,True,73.46,-84.02
195.428,True,69.34,-104.82
195.528,True,63.54,-99.92
195.635,True,70.11,-101.41
195.732,True,73.74,-103.33
195.828,True,72.69,-102.53
195.929,True,73.13,-102.06
196.031,True,73.03,-100.35
196.128,True,63.89,-101.84
196.229,True,56.39,-104.62
196.330,True,57.36,-103.50
196.434,True,57.83,-104.46
196.533,True,55.97,-104.26
196.630,True,80.34,-93.00
196.728,True,84.96,-78.38
196.827,True,84.97,-71.75
196.925,True,81.14,-60.87
197.034,True,72.48,-63.04
197.134,True,67.64,-76.09
197.228,True,64.55,-77.64
197.327,True,74.45,-79.58
197.425,True,78.01,-81.05
197.527,True,376.36,-114.32
197.635,True,386.03,-119.10
197.733,True,237.21,-104.21
197.832,True,126.92,-68.20
197.933,True,122.11,-60.65
198.029,True,83.10,-64.85
198.129,True,69.27,-72.48
198.227,True,70.08,-72.34
198.329,True,71.82,-74.62
198.436,True,71.33,-80.50
198.534,True,71.66,-88.83
198.634,True,71.37,-88.70
198.739,True,84.99,-96.90
198.832,True,93.45,-101.95
198.934,True,94.33,-102.11
199.037,True,88.40,-98.01
199.125,True,76.32,-99.77
199.225,True,75.83,-108.64
199.332,True,-3851.50,14627.07
199.435,True,105.10,-163.85
199.532,True,91.35,-132.53
199.631,True,96.37,-154.18
199.729,True,103.27,-150.32
199.825,True,102.87,-146.53
199.936,True,103.28,-143.67
200.026,True,345.12,-141.21
200.125,True,420.51,-120.51
200.228,True,433.46,-111.21
200.327,True,436.25,-121.53
200.429,True,435.66,-122.34
200.530,True,435.14,-123.97
200.632,True,190.11,-95.38
200.731,True,180.98,-93.78
200.839,True,151.42,-83.31
200.926,True,121.48,-67.83
201.031,True,116.75,-69.97
201.128,True,333.71,-104.42
201.229,True,406.55,-106.28
201.328,True,409.54,-115.21
201.433,True,280.36,-109.61
201.534,True,48.45,-122.92
201.635,True,41.93,-132.73
201.728,True,40.49,-133.75
201.827,True,41.19,-130.64
201.933,False,-851.39,-198.46
202.033,False,-872.18,-214.06
202.131,False,-862.85,-204.34
202.232,True,-64.59,-145.61
202.334,True,-38.59,-125.22
202.430,True,-49.30,-131.32
202.534,False,-867.98,-211.29
202.637,False,-872.10,-220.27
202.732,False,-877.40,-219.08
202.832,False,-865.94,-217.86
202.935,True,-54.85,-146.41
203.037,True,6.51,-100.66
203.129,True,12.62,-98.38
203.236,True,13.13,-99.15
203.328,True,12.92,-93.82
203.428,True,12.12,-89.57
203.534,True,-59.50,-92.85
203.627,True,-72.27,-95.81
203.727,True,-78.31,-112.47
203.827,True,150.69,-115.24
203.928,True,223.48,-101.05
204.027,True,397.29,-105.22
204.137,True,409.28,-116.36
204.225,True,412.46,-118.11
204.328,True,415.77,-116.62
204.430,True,115.96,-92.21
204.534,True,98.78,-93.84
204.635,True,84.48,-87.00
204.734,True,71.53,-85.12
204.826,False,-4030.32,15291.71
204.929,False,-3990.12,15090.99
205.026,False,-4012.50,15133.04
205.135,False,-3999.63,15086.55
205.231,True,80.72,-119.50
205.327,True,84.10,-95.29
205.435,True,78.31,-94.56
205.536,True,75.68,-105.40
205.633,True,76.68,-107.22
205.728,True,76.21,-105.53
205.835,True,79.29,-98.23
205.934,True,78.46,-98.05
206.033,True,79.03,-100.31
206.128,True,81.87,-100.56
206.234,True,84.15,-97.09
206.329,True,83.63,-97.79
206.433,True,81.29,-100.43
206.534,True,-3986.58,15099.20
206.634,True,-3962.82,14947.87
206.730,True,-3948.23,14903.94
206.835,True,95.78,-1.43
206.928,True,67.30,-110.42
207.026,True,64.75,-131.86
207.125,True,65.67,-129.06
207.229,True,74.19,-128.08
207.329,True,77.43,-125.60
207.433,True,79.65,-120.54
207.534,True,77.98,-122.30
207.636,True,76.99,-119.31
207.733,True,76.18,-115.31
207.834,True,76.71,-104.78
207.932,True,418.31,-106.95
208.027,True,422.90,-109.94
208.138,True,425.36,-118.91
208.233,True,424.89,-116.89
208.333,True,391.04,-92.74
208.435,True,365.71,-101.76
208.534,True,365.56,-102.54
208.632,True,365.81,-89.50
208.730,True,435.48,-107.42
208.829,False,454.02,-126.77
208.932,False,-3934.10,14938.76
209.029,False,-3956.77,14983.34
209.127,True,83.92,-176.22
209.225,True,72.82,-131.02
209.328,True,71.99,-124.34
209.426,True,77.12,-120.69
209.527,True,69.77,-121.15
209.625,True,58.91,-120.98
209.735,True,72.59,-109.41
209.837,True,79.18,-110.40
209.936,True,78.75,-120.99
210.032,True,77.17,-117.42
210.128,True,75.19,-113.71
210.234,True,81.74,-106.86
210.333,True,82.13,-109.65
210.431,True,70.46,-119.89
210.532,True,68.19,-128.33
210.632,True,79.90,-130.33
210.732,True,81.00,-132.06
210.832,True,71.16,-132.08
210.926,True,63.17,-128.40
211.033,True,140.85,-124.17
211.135,True,378.05,-128.23
211.228,True,374.64,-129.01
211.335,True,112.25,-122.41
211.433,True,80.75,-114.11
211.532,True,72.74,-120.07
211.631,True,70.73,-134.54
211.734,True,68.37,-137.68
211.827,True,70.07,-138.89
211.926,True,69.00,-141.95
212.025,True,67.39,-139.66
212.135,True,71.16,-138.37
212.233,True,73.53,-133.26
212.328,True,185.55,-126.26
212.426,True,105.17,-127.21
212.525,True,71.43,-130.61
212.627,True,67.15,-138.02
212.735,True,70.35,-136.15
212.836,True,75.31,-132.78
212.933,True,74.65,-126.63
213.031,True,69.63,-124.03
213.127,True,66.50,-120.39
213.228,True,67.28,-115.21
213.327,True,74.47,-125.76
213.436,True,77.49,-145.41
213.531,True,-3791.64,14709.44
213.629,True,-3927.04,15269.76
213.736,True,63.27,-165.81
213.836,True,57.79,-96.71
213.933,True,60.29,-107.34
214.028,True,61.33,-113.04
214.135,True,62.16,-126.89
214.236,True,65.29,-123.47
214.338,True,64.62,-118.76
214.425,True,387.57,-130.88
214.527,True,405.01,-123.99
214.627,True,420.47,-103.31
214.733,True,382.14,-122.29
214.833,True,371.63,-130.57
214.928,False,-4009.50,15602.51
215.027,False,-4024.59,15611.88
215.126,False,-4001.83,15548.14
215.225,False,-3947.78,15358.98
215.329,False,-3985.36,15443.11
215.429,True,232.91,-312.01
215.529,True,195.41,-201.42
215.638,True,92.34,-159.61
215.725,True,70.97,-126.53
215.835,True,73.99,-111.83
215.928,True,74.47,-106.63
216.028,True,73.84,-105.15
216.135,True,74.58,-101.47
216.228,True,75.19,-93.74
216.328,True,73.79,-87.71
216.435,True,75.79,-88.63
216.534,True,81.86,-89.85
216.632,True,83.33,-94.06
216.729,True,83.29,-99.04
216.827,True,77.87,-102.64
216.929,True,74.11,-114.78
217.026,True,74.05,-119.31
217.138,True,74.13,-124.37
217.226,True,73.28,-126.69
217.331,True,72.09,-128.87
217.431,True,72.57,-127.69
217.534,True,71.15,-126.52
217.632,True,69.96,-122.86
217.731,False,-3940.87,15229.29
217.836,False,-3984.15,15410.04
217.929,True,-106.22,-187.42
218.026,True,-107.83,-182.58
218.125,True,-48.32,-183.12
218.235,True,76.75,-117.35
218.333,True,70.76,-104.06
218.435,True,66.30,-104.03
218.529,False,-3919.22,15162.02
218.626,False,-3926.44,15130.72
218.735,False,-3964.13,15282.01
218.825,False,-3945.71,15222.38
218.936,False,-3929.99,15145.45
219.031,False,-3957.33,15245.06
219.134,False,-3939.96,15252.09
219.232,False,-3975.34,15386.97
219.335,False,-3949.12,15258.13
219.438,False,-3957.06,15233.54
219.525,False,-3948.83,15235.30
219.629,False,-3962.09,15256.51
219.734,False,-4009.82,15424.01
219.839,False,-3991.24,15356.53
219.929,False,-3991.94,15344.93
220.028,False,-3956.65,15185.06
220.127,False,-3989.90,15311.30
220.229,False,-3987.02,15315.94
220.329,False,-3972.03,15311.72
220.428,False,-3950.18,15214.25
220.525,False,-3930.61,15085.76
220.634,False,-3945.07,15136.98
220.732,False,-3927.15,15082.76
220.829,False,-3905.96,15014.25
220.931,False,-3948.95,15162.68
221.026,False,-3942.45,15142.45
221.127,False,-3926.76,15080.81
221.225,False,-3921.82,15079.90
221.334,False,-3897.67,14997.75
221.430,False,-3885.83,14918.12
221.534,False,-3900.45,14987.90
221.628,False,-3877.30,14932.37
221.725,False,-3859.52,14849.10
221.835,False,-3899.81,14963.00
221.936,True,41.36,-93.19
222.029,True,42.01,-121.68
222.127,True,42.66,-178.47
222.232,True,76.19,-118.32
222.331,True,74.01,-59.22
222.430,True,69.74,-29.32
222.533,True,70.65,-27.19
222.634,True,67.62,-22.34
222.733,True,71.02,-19.34
222.831,True,67.90,-18.73
222.926,True,65.42,-13.59
223.036,True,64.43,-13.45
223.131,True,61.80,-13.74
223.229,True,66.69,-33.34
223.338,True,74.77,-48.73
223.427,True,74.25,-52.83
223.533,True,66.81,-77.52
223.629,True,68.12,-76.99
223.734,True,74.80,-87.76
223.825,True,69.13,-90.44
223.934,True,59.85,-96.68
224.026,True,64.75,-102.81
224.131,True,69.52,-102.14
224.230,True,49.35,-20.90
224.327,True,25.45,26.37
224.438,True,31.40,-32.17
224.527,True,60.99,-101.33
224.634,True,65.24,-106.43
224.732,True,70.00,-114.65
224.835,True,70.18,-121.57
224.925,True,70.51,-118.63
225.025,True,67.15,-103.51
225.130,True,27.02,-105.71
225.229,False,-3881.83,14804.28
225.326,False,-3873.90,14774.82
225.433,True,21.98,-53.18
225.526,True,-6.78,-59.04
225.634,True,43.87,-146.45
225.733,True,56.33,-151.61
225.831,False,-3911.72,14852.78
225.928,False,-3879.53,14776.10
226.038,False,-3905.05,14845.44
226.135,False,-3873.01,14736.54
226.230,True,184.96,-273.04
226.327,True,67.21,-158.99
226.426,True,59.54,-147.21
226.526,True,64.67,-126.84
226.635,True,68.62,-101.31
226.733,True,69.42,-84.66
226.827,True,69.61,-79.20
226.926,True,69.42,-71.02
227.028,True,69.86,-63.75
227.128,True,71.21,-57.72
227.229,True,72.93,-60.90
227.329,True,73.90,-60.05
227.426,True,76.20,-59.70
227.534,True,76.34,-57.48
227.631,True,72.90,-53.23
227.727,True,71.04,-51.43
227.827,True,71.22,-52.18
227.929,True,66.65,-60.13
228.036,True,63.96,-71.18
228.137,True,63.19,-87.93
228.234,True,62.98,-98.98
228.335,True,62.35,-102.10
228.430,True,63.40,-93.56
228.527,True,237.92,-83.69
228.627,True,380.57,-114.57
228.729,True,383.83,-114.24
228.831,True,110.33,-88.38
228.935,True,74.83,-90.53
229.025,True,78.40,-99.06
229.129,True,422.74,-133.63
229.230,False,465.08,-164.98
229.326,False,467.34,-165.48
229.434,True,126.02,-135.58
229.531,True,108.76,-133.99
229.634,True,105.27,-129.29
229.735,True,81.75,-117.26
229.831,True,74.86,-122.64
229.929,True,75.89,-120.02
230.034,True,74.69,-121.22
230.130,True,74.53,-120.28
230.227,True,74.06,-116.91
230.336,True,69.77,-116.01
230.434,True,68.78,-118.96
230.531,True,68.74,-119.63
230.630,True,68.82,-119.96
230.730,True,72.62,-117.82
230.831,True,72.44,-110.25
230.927,True,72.49,-107.37
231.027,True,73.77,-108.61
231.136,True,73.43,-114.39
231.234,True,72.66,-125.59
231.333,True,81.58,-135.77
231.429,True,79.99,-130.19
231.526,True,79.45,-125.33
231.635,True,84.41,-129.90
231.736,True,81.38,-135.78
231.835,True,78.26,-137.10
231.935,True,76.59,-137.72
232.032,True,83.33,-141.08
232.129,True,87.18,-141.65
232.232,True,88.77,-124.10
232.325,True,80.79,-91.13
232.430,True,76.24,-69.44
232.532,True,70.92,-58.82
232.629,True,67.37,-56.38
232.729,True,78.95,-59.43
232.828,True,85.78,-68.85
232.930,True,86.09,-75.98
233.031,True,85.99,-80.70
233.133,True,79.88,-77.47
233.231,True,73.80,-75.58
233.336,True,70.97,-70.64
233.435,True,73.01,-76.33
233.534,True,73.54,-85.67
233.631,True,76.26,-89.84
233.728,True,77.21,-90.48
233.826,True,78.32,-92.46
233.933,True,82.28,-99.49
234.027,True,84.93,-104.10
234.125,True,83.31,-104.44
234.234,True,81.52,-103.88
234.331,True,81.78,-103.04
234.433,True,82.31,-102.63
234.528,True,80.63,-103.09
234.638,True,75.67,-100.56
234.730,True,72.12,-100.16
234.827,True,70.03,-104.63
234.935,True,69.89,-107.22
235.035,True,70.33,-114.60
235.126,True,68.04,-121.61
235.228,True,69.47,-115.40
235.331,True,71.42,-89.99
235.433,True,70.22,-80.95
235.533,True,66.65,-75.57
235.627,True,66.30,-67.11
235.727,True,65.64,-73.62
235.834,True,66.16,-72.74
235.933,True,64.15,-73.87
236.035,True,55.99,-103.77
236.136,True,-16.44,-222.72
236.227,True,-22.18,-236.58
236.338,True,-24.98,-238.25
236.435,True,-24.91,-247.43
236.531,True,-24.61,-245.16
236.634,True,-4.71,-153.56
236.727,True,18.25,-122.76
236.827,True,-17.78,-128.38
236.925,True,-139.66,-169.98
237.035,True,-149.35,-177.54
237.135,True,-155.33,-181.10
237.228,True,-159.75,-176.40
237.328,True,-136.87,-172.15
237.431,True,89.55,-85.39
237.526,True,90.36,-82.95
237.638,True,80.56,-85.50
237.734,True,75.86,-86.47
237.829,True,-3913.04,14789.21
237.925,True,-3877.38,14675.40
238.027,True,-3937.61,14810.89
238.127,True,43.47,-80.81
238.228,True,44.10,-126.95
238.326,True,46.06,-128.00
238.427,True,48.10,-126.20
238.528,True,49.63,-123.42
238.632,True,28.10,-133.14
238.725,True,-99.44,-233.63
238.832,True,-103.69,-243.02
238.929,True,-103.67,-242.75
239.028,True,-88.50,-255.63
239.129,True,-82.07,-255.66
239.226,True,-122.15,-254.05
239.327,True,-201.00,-239.01
239.426,True,-209.50,-230.01
239.528,True,-209.17,-227.74
239.625,True,-205.74,-230.20
239.727,True,88.89,-81.89
239.828,True,99.02,-51.48
239.929,True,84.85,-49.54
240.027,True,75.51,-53.70
240.136,True,70.23,-57.29
240.237,True,67.94,-61.85
240.325,True,67.15,-67.69
240.434,True,63.60,-70.71
240.535,True,60.39,-83.88
240.634,True,-49.15,-250.52
240.737,True,-59.65,-254.56
240.836,True,-72.06,-264.78
240.930,True,-83.06,-285.98
241.032,True,-87.25,-289.39
241.131,True,-92.07,-291.42
241.228,True,-66.33,-249.46
241.329,True,56.61,-113.08
241.431,True,58.58,-113.20
241.525,True,-26.94,-122.13
241.631,True,-50.90,-125.69
241.732,True,-57.17,-144.27
241.832,True,57.41,-119.44
241.929,True,149.44,-70.84
242.030,True,152.50,-68.60
242.127,True,59.42,-66.03
242.229,True,50.90,-63.40
242.328,True,240.50,-84.03
242.429,True,418.21,-84.65
242.526,True,419.96,-90.37
242.629,True,409.10,-105.24
242.735,True,374.16,-114.46
242.825,True,284.43,-106.54
242.934,True,106.03,-78.84
243.032,True,100.68,-81.59
243.130,True,92.86,-81.06
243.228,True,70.28,-84.51
243.327,False,-4000.82,15055.94
243.425,False,-3957.18,14965.73
243.529,True,93.19,-151.56
243.629,True,72.66,-146.61
243.728,True,66.83,-146.21
243.825,True,68.82,-131.14
243.927,True,73.72,-110.60
244.027,True,75.44,-85.27
244.129,True,74.62,-72.58
244.235,True,76.78,-74.67
244.328,True,78.98,-85.15
244.438,True,71.47,-89.40
244.527,True,68.86,-85.10
244.625,True,67.05,-80.39
244.736,True,67.32,-85.38
244.835,True,67.60,-91.13
244.934,True,71.34,-94.32
245.029,True,72.05,-102.84
245.128,True,74.15,-115.98
245.231,True,74.38,-117.21
245.325,True,74.74,-119.53
245.432,True,73.40,-124.01
245.536,True,275.88,-124.65
245.626,True,364.12,-116.26
245.731,True,372.39,-122.00
245.836,True,75.05,-55.91
245.934,True,54.11,-50.36
246.031,True,53.53,-51.33
246.125,True,69.14,-54.14
246.226,True,402.07,-109.95
246.326,True,420.68,-134.12
246.430,True,427.12,-140.82
246.529,False,457.09,-139.66
246.637,False,500.27,-133.01
246.731,False,506.77,-132.80
246.833,False,507.05,-133.86
246.930,False,501.13,-135.62
247.029,False,483.90,-148.44
247.128,False,480.46,-157.57
247.227,True,428.02,-153.42
247.326,True,96.90,-114.90
247.435,True,89.03,-114.53
247.529,True,82.34,-117.41
247.628,True,76.93,-124.62
247.728,True,71.39,-100.48
247.829,True,69.43,-82.42
247.926,True,66.85,-78.54
248.025,True,69.17,-68.22
248.134,True,65.34,-69.93
248.232,True,63.52,-62.77
248.328,True,64.04,-66.11
248.426,True,65.08,-75.23
248.536,True,65.76,-86.02
248.627,True,66.72,-90.98
248.733,True,66.89,-96.50
248.831,True,66.84,-93.64
248.932,True,64.06,-98.86
249.027,True,64.38,-105.56
249.136,True,270.06,-113.35
249.225,True,395.09,-114.42
249.325,True,398.57,-119.60
249.433,True,402.72,-126.73
249.533,True,374.15,-126.82
249.635,True,367.99,-124.74
249.734,True,427.66,-121.96
249.825,False,491.20,-125.17
249.929,False,495.66,-138.83
250.034,False,499.36,-147.04
250.128,True,-21.88,-57.88
250.225,True,-40.46,-22.78
250.325,True,-38.19,-50.26
250.435,True,94.38,-84.20
250.535,True,95.06,-95.28
250.633,True,73.72,-93.54
250.728,True,64.04,-81.49
250.831,True,-1.89,-78.49
250.935,False,-321.34,-87.90
251.031,False,-319.31,-96.12
251.128,False,-323.21,-101.05
251.228,False,-383.06,-105.80
251.330,False,-423.04,-105.52
251.427,False,-427.76,-102.49
251.527,True,22.69,-222.03
251.635,True,35.63,-233.81
251.733,True,35.32,-238.82
251.830,True,37.41,-244.51
251.933,True,37.32,-238.80
252.034,True,50.24,-243.77
252.138,True,14.89,-205.66
252.229,True,-32.41,-166.83
252.335,True,-34.31,-160.74
252.433,True,52.15,-83.55
252.532,True,47.77,-78.33
252.629,True,55.46,-72.14
252.726,True,58.10,-81.75
252.837,True,60.79,-92.64
252.935,True,65.93,-92.03
253.025,True,73.89,-97.28
253.135,True,75.05,-100.21
253.228,True,56.55,-98.68
253.331,True,45.68,-97.83
253.431,True,58.14,-105.78
253.532,True,322.90,-117.70
253.635,True,388.81,-115.90
253.732,True,394.02,-120.16
253.825,True,68.61,-67.34
253.934,True,34.92,-47.34
254.036,True,41.29,-42.20
254.133,True,68.28,-44.87
254.230,True,369.33,52.66
254.336,False,384.32,75.61
254.425,False,383.05,75.97
254.529,True,381.94,67.16
254.630,True,379.69,64.63
254.730,True,379.53,64.49
254.835,True,90.37,27.42
254.936,True,63.84,6.04
255.027,True,65.58,-62.24
255.125,True,97.32,-100.43
255.234,True,96.17,-112.21
255.328,True,90.39,-110.85
255.438,True,80.18,-112.02
255.525,True,76.38,-111.02
255.638,True,64.12,-114.11
255.735,True,62.82,-118.46
255.829,True,72.82,-118.84
255.929,True,73.69,-112.97
256.033,True,73.44,-108.51
256.135,True,66.30,-110.20
256.232,True,65.23,-109.80
256.335,True,67.53,-111.58
256.426,True,72.81,-111.98
256.526,True,73.62,-113.61
256.626,True,71.83,-115.42
256.729,True,66.69,-89.10
256.827,True,363.59,-99.29
256.927,True,381.09,-121.41
257.034,True,73.20,-85.06
257.130,True,39.04,-54.94
257.225,True,36.23,-62.52
257.325,True,61.67,-89.69
257.427,True,61.75,-90.20
257.533,True,64.89,-91.38
257.628,True,66.28,-88.61
257.729,True,66.48,-84.74
257.834,True,66.82,-89.05
257.926,True,63.58,-91.27
258.033,True,50.12,-89.98
258.136,True,47.86,-93.31
258.234,True,55.52,-107.19
258.337,True,56.50,-109.34
258.436,True,58.04,-111.16
258.526,True,60.23,-110.78
258.630,True,58.68,-113.07
258.728,True,58.98,-109.21
258.837,True,58.94,-108.85
258.933,True,61.25,-107.11
259.034,True,60.90,-107.68
259.129,True,61.95,-105.59
259.227,True,65.02,-106.56
259.335,True,65.29,-100.60
259.431,True,66.24,-99.67
259.529,True,69.46,-115.80
259.631,True,70.25,-118.24
259.729,True,70.35,-119.95
259.828,True,71.69,-119.70
259.930,True,71.38,-119.09
260.031,True,69.63,-119.26
260.133,True,68.84,-114.68
260.237,True,343.94,-115.41
260.333,True,380.08,-121.79
260.430,True,389.79,-128.21
260.527,True,170.97,-100.73
260.629,True,85.75,-57.28
260.736,True,82.67,-55.04
260.834,True,74.94,-58.45
260.937,True,70.59,-69.14
261.034,True,70.93,-66.91
261.134,True,71.30,-65.05
261.228,True,69.26,-67.32
261.331,True,72.94,-72.42
261.428,True,74.48,-79.70
261.528,True,71.56,-86.99
261.629,True,66.37,-88.47
261.735,True,66.23,-93.78
261.834,True,72.58,-103.21
261.931,True,72.80,-103.55
262.033,True,71.86,-100.97
262.126,True,71.44,-104.26
262.227,True,69.17,-109.16
262.330,True,67.06,-112.97
262.435,True,67.43,-115.26
262.533,True,65.85,-120.15
262.633,True,65.14,-117.65
262.739,True,64.07,-114.82
262.833,True,64.82,-115.10
262.935,True,-3823.79,15025.46
263.026,True,-3797.18,14895.83
263.129,True,59.23,-173.06
263.235,True,58.31,-139.20
263.333,True,60.47,-137.54
263.428,True,59.20,-139.02
263.528,True,4.00,-148.11
263.634,True,-76.21,-214.54
263.734,True,-80.56,-209.14
263.838,True,-82.07,-199.94
263.936,True,-80.65,-189.67
264.031,True,-78.49,-182.90
264.128,True,53.82,-149.98
264.228,True,76.62,-120.78
264.328,True,72.26,-76.44
264.428,True,71.14,-66.62
264.528,True,69.18,-71.55
264.636,True,68.66,-92.05
264.734,False,-3850.84,15006.20
264.832,False,-3816.30,14922.03
264.931,False,-3878.81,15111.40
265.028,False,-3861.52,15078.45
265.128,True,75.80,-133.28
265.231,True,81.63,-132.74
265.328,True,78.15,-130.35
265.429,True,73.37,-119.77
265.534,True,68.60,-79.54
265.633,True,69.23,-69.60
265.731,True,74.94,-62.84
265.831,True,71.41,-48.97
265.929,True,73.47,-52.92
266.027,True,79.19,-66.03
266.137,True,73.50,-76.35
266.229,True,72.73,-83.78
266.328,True,69.54,-91.69
266.425,True,71.84,-97.76
266.536,True,74.87,-102.16
266.635,True,70.85,-110.58
266.734,True,70.82,-110.31
266.832,True,69.30,-109.46
266.930,True,65.40,-112.26
267.035,True,64.75,-112.97
267.127,True,68.72,-112.83
267.229,True,66.89,-119.70
267.326,True,64.76,-132.73
267.437,True,11.76,-143.63
267.534,True,-71.28,-195.91
267.634,True,-73.73,-191.29
267.728,True,-73.30,-183.93
267.831,True,-52.22,-219.79
267.933,True,-45.33,-238.08
268.028,True,-47.56,-243.30
268.128,True,-44.34,-240.28
268.227,True,47.39,-71.89
268.328,True,58.12,-68.26
268.436,True,54.08,-61.21
268.535,True,65.03,-52.88
268.633,True,68.38,-51.58
268.738,True,68.76,-51.24
268.826,True,68.07,-53.89
268.925,True,68.80,-62.06
269.034,True,68.04,-74.65
269.134,True,67.63,-81.86
269.232,True,67.02,-79.11
269.334,True,65.61,-77.80
269.425,True,64.21,-66.46
269.535,True,65.00,-59.57
269.636,True,65.87,-60.15
269.728,True,64.64,-69.37
269.836,True,64.97,-73.52
269.926,True,65.81,-87.59
270.027,True,63.82,-96.38
270.128,True,68.04,-109.94
270.234,True,68.13,-107.19
270.335,True,65.78,-85.06
270.433,True,67.03,-58.33
270.532,False,-3866.35,15126.30
270.630,False,-3866.51,15075.87
270.734,False,-3873.95,15089.57
270.833,True,164.58,-209.47
270.929,True,145.25,-153.96
271.029,True,130.69,-143.15
271.130,True,424.72,-139.27
271.231,True,425.27,-139.72
271.332,True,429.95,-138.13
271.433,True,133.47,-115.36
271.531,True,112.14,-116.09
271.633,True,92.71,-111.49
271.728,True,85.90,-109.52
271.830,True,82.32,-111.00
271.928,True,80.84,-114.09
272.028,True,81.58,-119.44
272.126,True,79.42,-124.09
272.235,True,75.08,-126.38
272.327,True,71.76,-125.07
272.427,True,70.91,-123.20
272.528,True,350.90,-102.62
272.630,True,357.91,-105.86
272.733,True,407.70,-121.48
272.827,True,416.81,-133.33
272.936,True,423.34,-138.12
273.032,True,145.37,-128.21
273.128,True,44.46,-130.54
273.227,True,41.82,-122.12
273.337,True,60.57,-121.54
273.426,True,66.30,-120.56
273.525,True,65.30,-119.86
273.633,True,66.25,-119.12
273.729,True,67.41,-119.67
273.830,True,68.52,-120.66
273.926,True,70.08,-123.95
274.033,True,311.40,-136.56
274.134,True,415.51,-137.99
274.228,True,424.74,-119.56
274.333,True,384.75,-133.24
274.435,True,375.11,-136.99
274.526,True,66.32,-92.54
274.635,True,53.50,-90.61
274.733,True,53.49,-91.56
274.837,True,61.71,-94.48
274.932,True,66.21,-101.56
275.035,True,69.02,-104.68
275.135,True,74.89,-105.71
275.233,True,69.20,-112.21
275.325,True,61.34,-117.85
275.425,True,57.71,-114.31
275.529,True,60.78,-109.09
275.633,False,-3929.14,15303.48
275.732,True,76.81,-166.86
275.831,True,72.09,-115.59
275.932,True,69.87,-130.86
276.031,True,66.84,-122.12
276.133,True,72.58,-114.88
276.231,True,79.55,-111.89
276.329,True,77.11,-108.29
276.437,True,75.35,-100.51
276.534,True,74.56,-100.43
276.637,True,72.22,-108.58
276.730,True,70.04,-106.69
276.833,True,69.88,-107.02
276.934,True,71.21,-119.91
277.035,True,70.91,-118.48
277.134,True,71.75,-94.76
277.230,True,-71.92,-205.19
277.335,True,-83.87,-213.11
277.432,True,-85.01,-210.97
277.530,True,-43.03,-213.49
277.628,True,47.93,-117.17
277.726,True,71.29,-103.82
277.827,True,64.46,-101.69
277.936,True,69.69,-69.04
278.033,True,71.68,-65.96
278.132,True,71.36,-68.72
278.229,True,71.06,-78.66
278.326,True,72.06,-79.48
278.431,True,72.12,-87.98
278.530,True,70.35,-85.55
278.634,True,70.75,-89.79
278.726,True,70.63,-84.86
278.825,True,70.48,-84.65
278.934,True,70.13,-89.04
279.030,True,73.29,-98.43
279.137,True,73.63,-101.07
279.237,True,73.09,-103.92
279.338,True,75.20,-101.77
279.433,True,75.39,-94.92
279.533,True,71.68,-97.47
279.629,True,71.75,-100.67
279.727,True,69.69,-103.20
279.832,True,65.94,-109.71
279.932,True,65.19,-108.78
280.034,True,63.84,-111.24
280.135,True,64.51,-115.82
280.237,True,64.93,-118.69
280.332,True,67.74,-119.35
280.429,True,73.12,-123.70
280.527,True,67.96,-125.89
280.637,True,62.21,-103.21
280.733,True,61.09,-76.65
280.834,True,64.41,-60.35
280.934,True,68.98,-53.81
281.033,True,71.08,-52.09
281.127,True,72.74,-53.49
281.225,True,71.04,-56.41
281.325,True,74.34,-68.18
281.434,True,77.58,-86.23
281.529,True,78.27,-97.57
281.628,True,77.28,-104.64
281.728,True,73.41,-107.41
281.838,True,70.87,-109.32
281.926,True,70.88,-108.93
282.035,False,-3902.23,15135.65
282.126,True,110.17,-99.09
282.237,True,92.64,-127.00
282.336,True,85.17,-131.25
282.437,True,85.01,-130.77
282.528,True,77.22,-134.54
282.626,True,75.16,-135.26
282.727,True,74.91,-128.51
282.828,True,74.55,-123.55
282.931,True,73.47,-117.95
283.030,True,79.91,-119.55
283.134,True,81.90,-120.93
283.231,True,79.80,-126.57
283.326,True,76.65,-132.40
283.437,True,77.20,-138.54
283.527,True,76.35,-136.19
283.630,True,73.73,-125.56
283.731,True,-49.74,-174.34
283.828,True,-69.87,-204.56
283.925,True,-33.43,-180.85
284.028,True,51.72,-88.47
284.136,True,50.47,-91.96
284.229,True,54.70,-91.83
284.331,True,64.75,-94.48
284.432,True,65.12,-94.80
284.532,True,68.78,-91.32
284.637,False,-3920.88,15209.86
284.735,False,-3900.50,15093.98
284.836,False,-3920.58,15166.78
284.934,False,-3913.25,15167.38
285.036,True,69.32,-131.10
285.136,True,65.18,-164.22
285.232,True,66.64,-152.14
285.337,True,64.34,-141.88
285.427,True,66.51,-121.79
285.526,True,71.19,-99.43
285.628,True,70.79,-74.82
285.728,True,64.63,-77.42
285.827,True,66.06,-82.70
285.933,True,69.87,-83.92
286.025,True,69.54,-83.85
286.134,True,70.74,-84.86
286.233,True,71.14,-85.37
286.337,True,68.26,-91.32
286.436,True,65.62,-101.43
286.534,True,66.12,-102.75
286.628,True,65.67,-106.70
286.728,True,62.94,-110.82
286.832,True,70.65,-110.64
286.928,True,73.89,-111.25
287.028,True,75.65,-118.82
287.127,True,74.28,-120.05
287.230,True,71.86,-121.52
287.328,True,68.97,-125.25
287.428,True,65.57,-136.76
287.532,True,65.54,-135.35
287.626,True,64.08,-117.41
287.729,True,62.81,-94.01
287.827,True,63.87,-84.15
287.932,True,-40.72,-248.42
288.025,True,-50.41,-257.51
288.130,True,-54.70,-259.82
288.230,True,-56.54,-262.51
288.337,True,-117.24,-229.41
288.435,True,-164.31,-208.52
288.527,True,-169.34,-207.96
288.628,True,-169.86,-209.17
288.733,True,-144.97,-239.93
288.831,True,-127.35,-260.31
288.934,True,78.47,-103.58
289.031,True,66.11,-95.82
289.128,True,64.95,-88.83
289.226,True,65.11,-80.38
289.325,True,73.95,-63.14
289.436,True,78.68,-56.19
289.527,True,77.10,-57.21
289.637,True,73.73,-61.01
289.730,True,70.20,-75.25
289.830,True,66.28,-83.85
289.931,True,69.61,-88.66
290.036,True,70.65,-93.11
290.126,True,71.76,-98.51
290.226,True,71.18,-95.11
290.325,True,85.66,-72.60
290.436,True,359.35,-117.16
290.532,True,359.46,-124.21
290.633,True,361.33,-122.07
290.735,True,139.78,-99.86
290.833,True,119.88,-97.58
290.937,True,121.10,-109.03
291.035,True,90.92,-117.46
291.132,True,70.93,-112.36
291.233,True,67.33,-100.48
291.333,True,66.17,-102.94
291.430,True,67.92,-105.35
291.527,True,69.51,-113.36
291.634,True,70.03,-120.14
291.734,True,70.95,-122.88
291.830,True,71.60,-126.39
291.930,True,69.46,-123.61
292.034,True,68.39,-117.38
292.135,True,71.79,-114.46
292.232,True,77.64,-106.96
292.328,True,78.67,-100.66
292.429,True,78.25,-97.04
292.535,True,78.20,-93.26
292.628,True,76.64,-93.35
292.727,True,75.23,-90.91
292.827,True,73.75,-89.06
292.925,True,72.03,-94.63
293.025,True,68.17,-97.65
293.128,True,68.27,-98.45
293.228,True,66.94,-100.62
293.338,True,64.03,-109.03
293.431,True,79.88,-111.44
293.531,True,92.10,-117.55
293.625,True,85.32,-126.73
293.730,True,342.72,-127.19
293.831,True,415.31,-102.56
293.928,True,413.67,-108.72
294.030,True,360.19,-111.93
294.128,True,68.33,-69.48
294.237,True,64.08,-70.59
294.333,True,60.45,-72.42
294.429,True,60.16,-74.49
294.530,True,61.01,-81.73
294.628,True,67.21,-80.73
294.728,True,72.19,-83.61
294.831,True,71.00,-81.62
294.933,True,67.95,-76.24
295.028,True,65.39,-76.42
295.129,True,66.56,-83.85
295.232,True,65.04,-93.15
295.333,True,65.22,-93.12
295.434,True,63.42,-95.39
295.531,True,60.73,-97.41
295.628,True,65.37,-95.92
295.734,True,70.92,-97.69
295.834,True,69.52,-101.78
295.926,True,69.82,-102.61
296.027,True,98.07,-192.64
296.134,True,72.61,-127.44
296.237,True,61.26,-110.14
296.325,True,61.84,-110.55
296.437,True,66.19,-109.35
296.528,True,65.46,-113.05
296.630,True,64.21,-121.31
296.744,True,69.26,-118.80
296.826,True,71.22,-121.36
296.925,True,68.29,-126.78
297.034,True,64.11,-102.35
297.139,True,65.70,-68.83
297.226,True,68.63,-63.30
297.336,True,69.41,-56.46
297.433,True,70.00,-53.36
297.530,True,69.23,-53.53
297.633,True,63.17,-60.06
297.730,True,63.43,-62.06
297.832,True,62.70,-67.82
297.928,True,59.56,-70.13
298.025,True,58.44,-69.55
298.134,True,58.83,-69.81
298.236,True,55.92,-73.80
298.325,True,60.19,-71.89
298.431,True,62.27,-72.16
298.530,True,61.62,-72.80
298.627,True,55.86,-76.57
298.725,True,55.87,-80.98
298.831,True,59.93,-84.12
298.925,True,59.98,-80.83
299.025,True,59.46,-74.10
299.129,True,59.04,-70.01
299.232,True,63.61,-48.18
299.333,True,63.96,-42.32
299.434,True,66.51,-40.57
299.534,True,67.79,-41.94
299.633,True,67.52,-62.39
299.734,True,72.36,-75.52
299.833,True,72.22,-92.79
299.932,True,69.06,-102.23
300.032,True,65.55,-104.48
300.134,True,67.25,-103.48
300.235,True,64.95,-110.75
300.331,True,62.07,-114.87
300.437,True,60.87,-117.77
300.536,True,62.64,-99.92
300.627,True,60.70,-63.40
300.726,True,61.30,-59.70
300.826,True,67.81,-56.41
300.927,True,71.40,-58.38
301.027,True,70.67,-58.57
301.126,True,70.88,-59.15
301.229,True,71.87,-60.22
301.331,True,71.50,-58.96
301.434,True,71.43,-54.51
301.527,True,73.51,-51.71
301.628,True,74.72,-51.52
301.731,True,73.52,-55.71
301.829,True,71.09,-60.77
301.928,True,75.37,-62.52
302.031,True,78.84,-60.54
302.133,True,77.93,-56.14
302.233,True,72.40,-60.83
302.334,True,70.44,-76.23
302.433,True,68.04,-90.64
302.533,True,75.51,-94.82
302.630,True,77.94,-104.12
302.733,True,78.05,-104.40
302.834,True,75.07,-105.66
302.926,True,70.57,-112.35
303.030,True,66.71,-112.81
303.134,True,72.64,-118.42
303.234,True,68.88,-116.51
303.325,True,76.23,-103.13
303.436,True,74.38,-78.76
303.533,True,77.49,-72.27
303.634,True,71.66,-76.78
303.732,True,69.04,-89.43
303.828,True,90.62,-160.38
303.926,True,106.06,-210.15
304.028,True,83.86,-119.21
304.126,True,73.59,-135.61
304.229,True,72.73,-133.13
304.335,True,72.12,-133.74
304.436,True,63.81,-129.36
304.526,True,61.99,-119.82
304.632,True,62.40,-115.02
304.734,True,59.98,-112.18
304.825,True,64.02,-102.13
304.933,True,68.99,-100.36
305.031,True,68.96,-100.30
305.127,True,66.90,-105.89
305.227,True,62.91,-112.17
305.328,True,87.60,-143.82
305.432,True,94.44,-169.03
305.532,True,67.55,-119.53
305.636,True,70.11,-118.73
305.732,True,69.07,-124.41
305.832,True,66.71,-120.65
305.926,True,67.23,-104.30
306.034,True,68.42,-101.16
306.128,True,68.18,-100.08
306.230,True,67.73,-103.59
306.329,True,67.33,-107.12
306.426,True,66.07,-112.93
306.537,True,65.32,-116.98
306.635,True,65.36,-124.21
306.733,True,64.59,-132.90
306.838,True,62.27,-135.68
306.935,True,63.71,-127.77
307.032,True,64.42,-92.16
307.133,True,63.99,-73.53
307.233,True,74.93,-55.84
307.334,True,76.54,-57.89
307.438,True,64.92,-67.24
307.529,True,59.99,-71.15
307.626,True,66.96,-58.55
307.726,False,-3950.35,15219.94
307.826,False,-3937.64,15217.03
307.936,False,-3919.62,15114.96
308.033,False,-3938.30,15180.32
308.132,True,154.45,-147.74
308.237,True,166.47,-102.77
308.338,True,110.06,-107.90
308.426,True,78.77,-105.28
308.532,True,79.23,-95.47
308.633,True,78.73,-84.01
308.734,True,69.98,-77.83
308.827,True,70.00,-64.23
308.936,True,72.47,-63.57
309.036,True,71.24,-63.91
309.127,True,66.77,-63.27
309.236,True,63.23,-56.48
309.325,True,64.96,-58.88
309.430,True,66.25,-82.28
309.529,True,68.02,-89.63
309.633,True,65.52,-91.81
309.737,True,62.63,-96.95
309.826,True,64.26,-99.14
309.932,True,66.67,-101.45
310.027,True,64.30,-103.16
310.128,True,63.77,-92.81
310.229,True,-46.07,-159.35
310.328,True,-60.27,-194.77
310.429,True,7.06,-123.47
310.527,True,60.72,-38.72
310.625,True,62.00,-36.56
310.735,True,61.80,-43.09
310.827,True,64.03,-50.88
310.936,True,64.28,-65.71
311.037,True,64.21,-68.52
311.125,True,67.98,-65.30
311.227,True,68.10,-62.06
311.330,True,67.98,-69.11
311.434,True,73.52,-99.36
311.533,True,74.38,-107.59
311.634,True,-55.67,-215.04
311.733,True,-64.67,-247.20
311.833,True,-71.93,-267.09
311.930,True,-92.17,-281.31
312.029,True,-96.38,-286.49
312.130,True,-145.13,-285.99
312.226,True,-173.80,-284.11
312.326,True,71.71,-145.55
312.436,True,121.03,-40.16
312.532,True,109.98,-29.56
312.625,True,90.38,-39.30
312.736,True,75.99,-72.64
312.834,True,79.20,-97.12
312.927,True,-3975.02,15286.48
313.028,True,-4009.45,15395.51
313.137,True,-28.61,-182.27
313.238,True,-30.91,-198.74
313.325,True,-33.98,-230.07
313.428,True,-59.86,-245.92
313.531,True,-64.09,-256.53
313.629,True,-109.80,-277.21
313.734,True,-123.13,-291.29
313.825,True,-123.90,-296.01
313.933,True,-176.34,-221.37
314.031,True,-175.86,-207.97
314.127,True,-179.48,-209.26
314.234,True,-168.85,-207.77
314.333,True,-74.28,-168.57
314.429,True,-72.58,-155.97
314.528,True,-76.18,-154.08
314.630,True,-80.28,-149.94
314.733,True,-113.31,-365.18
314.834,False,-126.75,-374.03
314.934,False,-128.71,-382.23
315.030,False,-133.09,-383.72
315.126,True,49.86,-84.99
315.232,True,60.65,-73.59
315.330,True,53.66,-76.08
315.431,True,47.26,-77.76
315.533,True,67.08,-54.18
315.634,True,75.92,-44.85
315.735,True,74.46,-46.95
315.835,True,68.81,-62.54
315.934,True,70.86,-60.54
316.026,True,71.76,-75.27
316.129,True,72.54,-83.11
316.231,True,72.98,-82.89
316.328,True,72.93,-82.83
316.427,True,70.18,-83.84
316.527,True,69.71,-85.15
316.634,True,70.41,-96.07
316.727,True,70.24,-103.65
316.835,True,72.81,-118.14
316.932,True,71.67,-114.86
317.031,True,393.13,-105.26
317.133,True,412.31,-111.65
317.228,True,414.21,-115.46
317.330,True,113.13,-44.25
317.433,True,100.20,-50.66
317.531,True,97.19,-69.69
317.627,True,86.87,-81.32
317.731,False,-4086.22,15641.39
317.831,False,-4087.89,15664.54
317.931,False,-4062.80,15596.90
318.033,False,-4035.84,15521.19
318.136,True,241.15,-243.18
318.228,True,195.36,-151.55
318.337,True,82.05,-109.45
318.425,True,74.64,-104.72
318.532,True,390.46,-104.71
318.633,True,394.63,-97.43
318.732,True,399.69,-90.47
318.831,True,396.85,-104.88
318.935,True,394.20,-103.22
319.028,True,387.99,-128.06
319.132,True,381.93,-133.78
319.229,True,82.03,-112.54
319.337,True,76.51,-107.21
319.425,True,75.58,-110.20
319.530,True,74.49,-110.95
319.638,True,74.57,-111.81
319.728,True,73.06,-113.03
319.827,True,72.38,-118.82
319.931,True,-4021.74,15404.70
320.032,True,-4016.79,15388.51
320.135,True,-4023.73,15484.04
320.226,True,273.87,-337.90
320.336,True,261.80,-259.86
320.430,True,200.64,-209.20
320.531,True,82.56,-170.74
320.637,True,78.05,-162.37
320.732,True,78.91,-162.13
320.833,True,369.61,-146.43
320.929,True,399.02,-114.30
321.029,True,417.02,-89.57
321.132,True,370.58,-97.51
321.226,False,-4092.89,15576.57
321.328,False,-4095.90,15588.29
321.427,False,-4042.62,15439.45
321.529,True,151.04,-222.60
321.637,True,64.02,-139.51
321.733,True,70.99,-133.30
321.827,True,72.49,-121.92
321.935,True,72.64,-102.65
322.035,True,70.00,-88.47
322.127,True,70.21,-75.79
322.227,True,72.01,-67.02
322.330,True,73.18,-81.52
322.433,True,68.53,-94.03
322.537,True,65.40,-91.47
322.632,True,65.38,-93.28
322.735,True,69.08,-84.38
322.825,True,51.63,-79.86
322.927,True,40.72,-80.85
323.037,True,47.66,-89.08
323.127,True,53.16,-100.73
323.235,True,63.07,-107.19
323.337,True,68.32,-112.81
323.432,True,71.64,-117.51
323.533,True,70.48,-119.67
323.635,True,70.97,-122.58
323.729,True,73.09,-123.28
323.827,True,72.07,-123.12
323.937,True,71.40,-119.17
324.031,True,70.36,-111.57
324.129,True,79.11,-95.17
324.229,True,84.07,-89.01
324.325,True,79.04,-94.45
324.425,True,69.27,-96.38
324.533,True,70.84,-110.87
324.635,True,71.05,-120.75
324.732,True,66.34,-124.46
324.835,True,72.36,-125.98
324.925,True,70.67,-128.46
325.039,True,67.01,-125.90
325.125,True,-32.60,-191.90
325.233,True,-49.96,-214.22
325.328,True,-52.92,-221.25
325.433,True,-43.47,-224.12
325.533,True,61.68,-156.06
325.632,True,59.37,-145.91
325.730,True,60.42,-120.93
325.827,True,67.13,-115.03
325.933,True,71.05,-120.21
326.034,True,70.95,-124.23
326.132,True,68.46,-125.58
326.237,True,66.13,-124.45
326.327,True,66.44,-119.59
326.433,True,68.39,-117.69
326.533,True,66.46,-119.20
326.627,True,66.19,-116.52
326.725,True,69.09,-124.06
326.830,True,68.82,-132.65
326.929,True,70.31,-136.42
327.025,True,71.37,-147.74
327.125,True,58.33,-147.77
327.226,True,48.05,-145.88
327.338,True,-40.69,-191.93
327.429,True,-94.42,-265.30
327.534,True,-99.89,-270.98
327.636,True,-108.01,-256.70
327.733,True,-69.50,-252.84
327.826,True,-47.20,-249.91
327.927,True,-76.51,-233.11
328.025,False,-4153.21,15719.79
328.125,False,-4128.71,15673.77
328.231,False,-4149.88,15714.54
328.333,True,119.71,-211.77
328.437,True,162.08,-103.34
328.527,True,103.40,-77.75
328.629,True,73.84,-90.21
328.729,True,71.79,-104.14
328.827,True,-36.71,-225.02
328.932,True,-67.14,-246.73
329.035,False,-4121.22,15642.07
329.125,False,-4165.46,15774.70
329.229,False,-4134.42,15674.65
329.330,True,126.79,-157.55
329.429,True,135.32,-75.55
329.525,True,110.37,-76.22
329.625,True,78.72,-95.20
329.730,True,77.55,-94.93
329.826,True,68.70,-81.17
329.928,True,64.87,-66.85
330.025,True,67.37,-59.44
330.133,True,69.27,-62.68
330.227,True,61.99,-67.73
330.331,True,47.90,-72.09
330.433,True,40.53,-80.64
330.533,True,40.11,-91.54
330.627,True,40.57,-96.10
330.727,True,106.68,-85.23
330.835,True,283.48,-94.98
330.936,True,330.84,-95.23
331.038,True,397.15,-96.71
331.135,True,404.05,-96.66
331.236,True,414.24,-97.96
331.325,False,453.93,-127.18
331.431,False,456.92,-136.52
331.536,False,459.74,-139.78
331.635,False,-4164.43,15760.17
331.735,False,-4161.49,15764.56
331.837,False,467.14,-260.92
331.925,False,452.63,-240.28
332.025,True,17.05,-170.40
332.137,True,9.68,-161.72
332.227,True,53.40,-147.82
332.331,True,72.45,-123.32
332.436,True,74.28,-107.42
332.533,True,72.16,-93.07
332.634,True,68.46,-87.20
332.732,True,72.52,-73.03
332.832,True,78.75,-71.38
332.935,True,82.24,-78.57
333.036,True,77.02,-89.18
333.125,True,76.13,-88.56
333.229,True,75.90,-99.49
333.328,True,75.89,-104.77
333.432,True,77.60,-106.88
333.529,True,78.84,-108.71
333.627,True,79.23,-110.03
333.733,True,80.16,-109.40
333.833,True,79.41,-110.68
333.933,True,72.31,-116.55
334.037,True,92.05,-114.28
334.134,True,93.18,-118.97
334.232,True,72.89,-121.98
334.326,True,71.35,-125.47
334.429,True,70.36,-126.55
334.529,True,68.75,-128.25
334.632,True,69.13,-130.52
334.729,True,354.43,-131.59
334.832,True,403.61,-136.65
334.929,True,420.09,-118.79
335.028,True,430.08,-99.39
335.132,True,432.05,-101.67
335.236,True,432.19,-124.64
335.335,True,432.23,-110.50
335.432,True,339.06,-119.51
335.527,True,290.42,-116.15
335.626,True,66.32,-74.80
335.731,True,61.25,-72.09
335.827,True,56.46,-76.40
335.928,True,52.22,-95.31
336.026,True,74.43,-100.46
336.127,True,78.31,-93.77
336.226,True,72.53,-91.15
336.326,False,-4212.45,15912.99
336.436,False,-4197.27,15847.85
336.527,True,60.77,-166.69
336.626,True,46.20,-111.24
336.728,True,45.73,-122.80
336.834,True,61.75,-125.52
336.928,True,64.92,-117.28
337.031,True,70.10,-107.08
337.129,True,72.25,-103.46
337.237,True,74.06,-98.69
337.327,True,73.31,-97.43
337.430,True,71.57,-101.83
337.535,True,71.11,-105.69
337.636,True,69.73,-111.85
337.736,True,66.78,-121.52
337.831,True,66.58,-120.95
337.934,True,73.09,-86.67
338.031,True,-42.83,-201.57
338.127,True,-61.97,-223.15
338.226,True,-64.39,-227.38
338.328,True,32.28,-160.56
338.430,True,53.39,-131.71
338.526,True,-34.89,-264.13
338.632,True,-51.03,-279.70
338.733,True,-56.93,-281.32
338.832,False,-4259.39,16037.47
338.935,False,-4236.02,16004.38
339.026,True,66.48,-88.85
339.132,True,65.16,-91.97
339.226,True,62.59,-102.74
339.331,True,-39.76,-218.35
339.433,True,-86.57,-253.28
339.531,True,-87.19,-257.85
339.632,True,80.24,-78.03
339.731,True,86.11,-57.97
339.832,True,79.52,-50.12
339.932,True,80.35,-44.03
340.029,True,84.30,-43.81
340.126,True,84.48,-46.86
340.226,True,82.85,-53.50
340.326,True,80.38,-56.06
340.432,True,79.22,-55.79
340.529,True,80.20,-58.06
340.632,True,79.63,-63.59
340.733,True,80.19,-70.38
340.835,True,57.46,-110.78
340.929,True,57.02,-119.57
341.031,True,80.72,-129.60
341.128,True,65.16,-148.65
341.227,True,50.47,-156.38
341.330,True,47.07,-160.06
341.431,True,-3.57,-187.19
341.532,True,-72.26,-242.08
341.627,True,-73.27,-237.88
341.730,True,-72.31,-226.17
341.832,True,-79.66,-223.13
341.931,True,-117.13,-251.36
342.027,True,-119.48,-263.72
342.128,True,-119.53,-269.52
342.226,True,-122.77,-265.54
342.333,True,-125.08,-265.04
342.434,True,-126.33,-264.28
342.526,True,-130.76,-271.98
342.626,True,-134.01,-282.53
342.736,True,-134.50,-290.33
342.834,True,-134.09,-293.00
342.927,True,-140.21,-253.85
343.031,True,-133.71,-219.53
343.125,True,-83.45,-189.53
343.232,True,-78.29,-187.59
343.335,True,-16.77,-228.46
343.436,True,-7.84,-228.32
343.529,True,-7.33,-228.86
343.635,True,-5.53,-232.52
343.727,True,-17.17,-245.58
343.833,True,-46.47,-262.46
343.932,True,-47.03,-271.54
344.028,True,42.04,-148.92
344.127,True,60.39,-145.93
344.234,True,46.76,-142.53
344.325,True,-46.51,-149.07
344.425,True,-52.53,-148.57
344.535,True,-55.27,-153.45
344.637,True,-56.92,-156.01
344.727,True,-55.41,-149.78
344.837,True,-84.49,-169.74
344.937,True,49.45,-135.07
345.032,True,65.18,-110.49
345.127,True,67.04,-107.82
345.232,True,-73.11,-268.57
345.328,True,-85.38,-280.33
345.431,True,-86.76,-281.08
345.530,True,-90.18,-289.44
345.626,True,-128.14,-300.37
345.728,True,-136.08,-306.29
345.834,True,-137.25,-305.11
345.931,True,68.11,-112.81
346.032,True,77.09,-101.73
346.131,True,76.29,-74.89
346.232,True,74.94,-70.22
346.327,True,72.66,-67.41
346.428,True,70.19,-73.53
346.527,True,76.81,-79.25
346.626,True,81.63,-77.02
346.735,True,71.02,-89.68
346.831,True,68.55,-89.54
346.927,True,71.68,-88.86
347.029,True,72.11,-90.77
347.132,True,73.09,-88.13
347.233,True,75.08,-85.51
347.328,True,-4371.87,16443.04
347.425,True,-4380.77,16491.41
347.534,True,-4344.87,16365.25
347.637,True,47.37,-143.15
347.732,True,15.75,-92.12
347.835,True,16.56,-162.29
347.935,True,22.46,-160.20
348.028,True,-17.37,-200.75
348.130,True,-90.34,-294.54
348.230,True,-91.20,-288.21
348.325,True,-89.05,-283.84
348.433,True,-93.28,-283.75
348.528,True,-94.86,-269.76
348.632,True,-88.21,-263.10
348.734,True,-155.82,-262.38
348.836,True,-165.60,-255.70
348.933,True,-164.78,-254.22
349.030,True,-161.98,-254.99
349.132,True,-147.94,-244.08
349.227,True,-103.88,-221.94
349.326,True,-98.73,-226.32
349.425,True,55.28,-172.59
349.535,True,61.20,-156.20
349.634,True,58.62,-153.12
349.736,True,59.94,-152.65
349.833,True,62.08,-150.79
349.936,True,62.19,-149.48
350.037,True,23.43,-155.02
350.126,True,12.04,-153.99
350.226,True,18.37,-145.57
350.329,True,63.31,-104.44
350.425,True,56.56,-102.83
350.530,True,41.36,-108.98
350.632,True,36.69,-113.71
350.726,True,36.69,-122.30
350.827,True,35.98,-124.10
350.928,True,397.43,-104.19
351.030,True,405.08,-107.10
351.133,True,407.12,-110.97
351.232,True,408.92,-116.44
351.326,True,410.87,-112.68
351.428,True,415.48,-91.67
351.529,True,419.90,-90.86
351.627,True,110.05,-99.77
351.732,True,97.87,-111.50
351.825,True,90.28,-115.51
351.937,True,85.35,-115.38
352.025,True,82.87,-110.97
352.131,True,79.65,-106.70
352.234,True,79.62,-111.17
352.336,True,172.20,-106.53
352.427,True,185.25,-101.82
352.525,True,189.60,-104.45
352.636,True,420.21,-116.95
352.733,True,425.89,-124.22
352.835,True,427.07,-131.05
352.934,True,390.86,-114.54
353.031,True,382.84,-102.09
353.127,True,379.93,-98.61
353.227,True,380.02,-99.30
353.334,True,214.07,-107.90
353.435,True,75.21,-132.97
353.527,True,72.45,-130.02
353.627,True,73.15,-122.07
353.725,True,73.59,-120.15
353.827,True,71.50,-120.93
353.928,True,70.86,-120.24
354.028,True,73.03,-121.96
354.137,True,98.21,-121.95
354.225,True,103.11,-125.64
354.336,True,408.95,-139.33
354.425,True,421.73,-126.05
354.531,False,439.42,-109.01
354.631,False,441.81,-106.73
354.727,False,439.97,-121.24
354.827,True,106.25,-51.78
354.926,True,100.67,-50.98
355.035,True,99.30,-59.15
355.131,True,93.56,-75.25
355.232,True,86.60,-90.67
355.331,True,77.97,-101.40
355.432,True,67.25,-103.24
355.533,True,71.40,-104.89
355.634,True,76.76,-96.40
355.727,True,67.87,-92.24
355.832,True,63.92,-80.42
355.936,True,67.62,-81.08
356.032,True,74.59,-85.36
356.128,True,78.28,-95.00
356.231,True,69.75,-103.61
356.327,True,62.96,-110.47
356.437,True,70.43,-114.80
356.531,True,76.59,-116.91
356.629,False,-4407.87,16580.79
356.727,False,-4424.60,16675.09
356.836,True,34.91,-146.83
356.931,True,59.06,-144.25
357.025,True,72.12,-147.44
357.139,True,71.24,-138.26
357.226,True,70.91,-125.77
357.326,True,68.88,-105.46
357.432,True,67.48,-94.02
357.533,True,66.64,-81.75
357.626,True,67.01,-72.84
357.735,True,407.25,-98.28
357.829,True,410.89,-105.33
357.932,True,413.60,-110.01
358.030,True,415.62,-113.91
358.129,True,387.59,-119.37
358.236,True,378.85,-112.43
358.337,True,374.30,-99.85
358.433,True,115.02,-92.72
358.531,True,101.60,-97.29
358.635,True,100.82,-96.89
358.733,True,80.80,-102.48
358.826,True,71.95,-111.24
358.927,True,73.46,-116.86
359.029,True,71.75,-123.19
359.136,True,146.40,-109.17
359.226,True,201.57,-78.49
359.334,True,121.34,-83.15
359.430,True,100.34,-99.42
359.529,False,-4392.63,16519.50
359.625,False,-4375.61,16461.35
359.733,True,48.52,-152.71
359.829,True,59.93,-112.76
359.931,True,59.34,-123.72
360.032,True,64.92,-124.16
360.133,True,66.54,-123.44
360.228,True,68.30,-118.62
360.337,True,70.96,-111.50
360.437,True,80.38,-98.98
360.528,True,79.90,-95.50
360.632,True,77.03,-102.78
360.736,True,77.14,-105.06
360.834,True,75.03,-106.11
360.934,True,72.50,-107.74
361.025,True,72.16,-110.32
361.133,True,364.27,-118.85
361.233,True,382.98,-118.39
361.333,True,381.02,-114.24
361.426,True,8.53,-17.83
361.530,True,3.23,-14.36
361.635,True,50.76,-43.94
361.735,True,66.41,-49.58
361.829,True,69.20,-45.77
361.927,True,69.36,-41.74
362.027,True,69.13,-51.88
362.128,True,65.64,-64.18
362.226,True,65.84,-77.84
362.336,True,66.72,-86.50
362.432,True,67.44,-96.16
362.533,False,-4402.28,16460.85
362.632,True,87.37,-136.39
362.732,True,84.21,-133.65
362.830,True,79.86,-122.87
362.936,True,75.78,-119.99
363.025,True,68.16,-115.16
363.134,True,64.48,-107.63
363.231,True,62.47,-105.66
363.328,True,62.38,-108.69
363.431,True,65.67,-112.34
363.532,True,67.49,-113.10
363.632,True,65.99,-118.87
363.729,True,63.35,-118.43
363.837,True,64.03,-113.16
363.925,True,63.26,-110.53
364.026,True,-16.90,-92.15
364.133,True,-41.08,-65.09
364.225,True,-45.71,-64.80
364.332,True,30.06,-84.02
364.437,True,62.60,-101.85
364.525,True,53.79,-97.11
364.628,True,43.47,-86.79
364.728,True,50.82,-41.36
364.839,True,56.37,-30.29
364.936,True,55.28,-26.30
365.033,True,54.48,-23.16
365.132,True,-14.11,-171.12
365.226,True,-57.23,-214.06
365.332,True,-62.16,-215.72
365.429,True,-59.83,-215.38
365.535,True,-59.02,-217.54
365.634,True,-130.35,-210.50
365.733,False,-4494.26,16839.48
365.834,True,-150.75,-209.78
365.935,True,86.19,-73.76
366.025,True,93.85,-76.27
366.126,True,79.64,-76.87
366.226,True,-102.80,-242.11
366.335,True,-107.62,-248.55
366.433,True,-86.10,-236.27
366.533,True,64.59,-126.29
366.633,True,63.52,-107.60
366.733,True,54.78,-93.08
366.836,True,58.16,-90.49
366.936,True,60.93,-81.04
367.037,True,65.61,-76.35
367.136,True,68.03,-85.15
367.231,True,62.47,-94.33
367.330,True,63.91,-111.87
367.428,True,-4461.98,16732.33
367.535,True,10.18,-130.88
367.637,True,56.03,-155.55
367.725,True,59.34,-158.24
367.833,True,65.71,-114.88
367.927,True,63.10,-107.93
368.025,True,58.01,-104.36
368.129,True,55.52,-117.39
368.226,True,-61.10,-256.28
368.330,True,-77.39,-262.67
368.432,True,-83.57,-258.22
368.535,True,-129.48,-267.57
368.632,True,-135.98,-270.27
368.733,True,-137.53,-271.93
368.826,False,-4542.29,17049.76
368.925,True,-12.65,-265.67
369.030,True,106.18,-69.22
369.136,True,110.56,-54.45
369.228,True,81.82,-53.61
369.329,True,71.04,-57.42
369.431,True,69.68,-54.15
369.532,True,72.33,-48.71
369.628,True,72.69,-42.90
369.735,True,74.98,-38.51
369.832,True,74.40,-36.43
369.932,True,77.98,-38.67
370.030,True,78.77,-40.58
370.128,True,78.37,-44.67
370.226,True,73.11,-58.93
370.334,True,60.42,-66.23
370.432,True,55.63,-69.02
370.530,True,52.66,-77.42
370.635,True,70.11,-89.33
370.733,True,74.68,-94.11
370.826,True,73.30,-97.45
370.935,True,72.13,-101.70
371.026,True,69.25,-109.24
371.132,True,77.97,-133.78
371.236,False,-4475.66,16867.16
371.336,False,-4603.86,17277.84
371.436,False,-4694.91,17858.36
371.532,False,-4508.84,17611.10
371.626,True,182.10,-181.43
371.726,True,160.96,-123.00
371.826,True,93.15,-124.41
371.935,True,92.78,-90.67
372.037,True,189.12,-65.43
372.135,False,-4709.10,20969.43
372.234,True,215.05,-201.77
372.325,True,258.96,-255.84
372.437,True,291.33,-282.18
372.526,True,388.55,-199.86
372.633,True,394.61,-184.38
372.729,True,387.48,-189.37
372.831,True,82.37,-107.74
372.936,True,8.57,-146.33
373.025,True,16.37,-118.96
373.129,True,23.82,-118.24
373.228,True,106.98,-126.79
373.339,True,111.38,-133.58
373.433,True,345.08,-175.19
373.531,True,374.88,-200.12
373.629,True,378.11,-173.46
373.728,True,370.47,-166.54
373.834,True,364.83,-166.99
373.936,True,439.87,-177.18
374.035,True,441.87,-183.84
374.131,True,458.84,-195.12
374.230,True,-3334.67,13919.68
374.329,True,-3302.66,13821.95
374.429,True,-3398.75,13863.89
374.530,True,208.95,-375.58
374.639,True,188.79,-244.86
374.728,True,190.20,-230.92
374.833,True,109.93,-178.99
374.933,True,96.01,-168.35
375.031,True,82.61,-171.13
375.133,True,206.19,-162.87
375.235,False,443.44,-155.35
375.331,False,443.59,-142.89
375.429,False,446.90,-134.44
375.525,False,450.96,-139.33
375.635,False,449.88,-136.83
375.734,False,445.23,-133.37
375.834,False,-3238.21,13440.29
375.932,True,361.33,-166.95
376.031,True,128.45,-105.69
376.136,True,-12.66,-102.85
376.226,True,129.79,-115.81
376.328,True,398.06,-135.10
376.431,True,418.58,-134.94
376.536,True,424.88,-133.14
376.625,True,421.67,-152.27
376.725,True,421.15,-151.16
376.825,True,422.20,-145.72
376.936,True,91.25,-86.81
377.026,True,93.91,-70.65
377.132,True,91.66,-56.19
377.231,True,75.29,-33.74
377.329,True,73.15,-42.35
377.433,False,-3127.29,13768.75
377.531,False,-3181.15,14036.06
377.631,True,76.46,-108.15
377.732,True,74.03,-109.39
377.831,False,-3184.71,14020.83
377.932,True,58.11,-112.17
378.034,True,84.85,-123.19
378.132,True,86.16,-141.72
378.229,True,82.43,-135.14
378.329,True,75.10,-132.53
378.435,True,61.57,-125.98
378.526,True,60.57,-112.93
378.630,True,60.93,-99.06
378.731,True,63.90,-96.73
378.831,True,61.81,-99.69
378.925,True,55.65,-105.91
379.035,True,-3208.95,13874.87
379.136,True,-3228.81,13952.79
379.225,True,-3212.47,13894.88
379.326,True,-3224.04,14004.06
379.430,True,-3189.65,13844.83
379.526,True,-3179.97,13748.46
379.627,True,-3200.02,13770.29
379.726,True,-3207.90,13727.72
379.829,True,-3228.61,13830.56
