=== 数据记录开始于 2025-12-31 14:00:52 ===
(-38.71, 174.97)
(-34.48, 167.25)
(-32.89, 193.16)
(7.68, -35.38)
(33.21, -93.63)
(35.93, -100.74)
(43.82, -144.10)
(-4.19, -98.75)
(-41.97, -60.83)
(-176.76, -65.96)
(-187.92, -63.80)
(49.27, -83.62)
(74.41, -109.84)
(16.29, 177.28)
(1.96, 175.03)
(3.65, 174.31)
(-3.27, 186.02)
(-7.47, 194.92)
(-12.22, 200.39)
(-3.46, 177.92)
(1.70, 184.74)
(1.00, 206.52)
(3.68, 204.02)
(4.56, 199.17)
(-1.32, 199.34)
(1.46, 196.60)
(-5.50, 194.37)
(-7.06, 194.42)
(-2.92, 197.97)
(-2.55, 198.78)
(0.68, 195.01)
(1.83, 196.43)
(7.42, 193.43)
(7.05, 190.22)
(6.97, 189.35)
(7.12, 186.56)
(6.37, 184.90)
(3.74, 181.56)
(3.94, 180.83)
(5.72, 181.89)
(5.09, 182.41)
(5.66, 184.17)
(7.20, 186.79)
(6.74, 188.09)
(6.82, 188.83)
(7.66, 190.37)
(6.25, 191.72)
(-2.23, 197.88)
(-2.49, 198.76)
(-2.85, 198.06)
(-5.83, 198.89)
(-6.29, 199.06)
(-4.71, 197.30)
(-4.25, 197.49)
(10.00, 191.25)
(6.15, 187.75)
(-2.67, 188.91)
(-7.26, 190.70)
(-6.05, 190.23)
(14.19, 193.66)
(2.24, 196.32)
(-1.30, 201.52)
(-2.67, 191.20)
(-0.59, 190.28)
(-0.38, 191.66)
(-314.19, 189.09)
(-330.10, 178.52)
(1317.00, -8269.66)
(-7.51, 155.57)
(4.22, 159.40)
(5.76, 156.98)
(259.58, 134.50)
(261.92, 125.24)
(265.80, 120.32)
(1338.48, -8329.23)
(181.52, 109.53)
(-129.28, 55.59)
(-134.62, 121.35)
(-132.52, 142.37)
(69.95, 140.82)
(93.03, 126.26)
(94.16, 126.06)
(95.14, 124.14)
(-291.14, 134.36)
(-326.99, 138.68)
(1303.84, -8358.93)
(-36.21, 123.14)
(-35.86, 132.32)
(373.45, 112.71)
(377.01, 96.91)
(381.72, 98.49)
(471.63, 95.73)
(483.78, 92.04)
(487.25, 86.46)
(1350.36, -8427.48)
(533.44, 27.65)
(484.55, 50.54)
(472.70, 77.63)
(461.59, 94.59)
(456.93, 80.69)
(171.80, 113.17)
(165.73, 115.12)
(160.52, 109.70)
(1402.00, -8649.45)
(164.08, -118.16)
(141.62, -169.81)
(1329.33, -8360.67)
(1305.95, -8170.35)
(321.28, 75.04)
(308.85, 60.78)
(303.66, 76.07)
(297.19, 90.17)
(286.04, 112.78)
(277.60, 96.24)
(1374.75, -8013.42)
(250.45, 91.61)
(155.79, 106.90)
(173.84, 97.80)
(113.60, 100.48)
(1396.25, -8218.71)
(1400.25, -8136.07)
(113.89, 189.85)
(77.20, 180.74)
(104.58, 117.96)
(139.97, 116.55)
(170.45, 144.04)
(105.80, 145.47)
(1434.43, -8399.46)
(1443.03, -8479.26)
(378.29, 66.38)
(452.44, 143.41)
(467.50, 146.81)
(1484.45, -8577.81)
(1484.75, -8555.59)
(52.90, 121.19)
(53.14, 137.07)
(52.61, 124.14)
(88.45, 129.58)
(96.28, 142.94)
(81.63, 156.47)
(90.18, 129.53)
(1502.22, -8626.87)
(1492.11, -8500.87)
(508.91, 79.02)
(420.69, 93.48)
(408.75, 126.65)
(346.08, 139.46)
(-179.64, 161.16)
(-167.15, 159.97)
(-193.82, 141.03)
(-205.13, 149.66)
(-227.30, 152.89)
(1428.13, -8524.17)
(32.52, 162.09)
(22.26, 155.35)
(4.83, 155.46)
(1.80, 160.59)
(18.84, 152.44)
(15.69, 162.62)
(-232.66, -1.34)
(-243.04, -10.82)
(-46.27, -99.85)
(1420.81, -8784.27)
(289.64, -37.70)
(326.35, -44.50)
(179.44, -60.84)
(1478.90, -9497.65)
(1506.23, -9828.04)
(23.31, 58.00)
(-0.11, 45.88)
(1588.68, -10248.35)
(1616.89, -10550.13)
(135.38, 78.73)
(123.07, 40.86)
(2050.81, -12963.96)
(2592.84, -16532.20)
(138.25, 24.04)
(83.67, 7.73)
(100.78, 14.63)
(129.93, 30.45)
(11537.17, -71007.84)
(112.48, 144.46)
(-25.82, 141.21)
(-52.19, 93.86)
(-46.52, 65.95)
(-59.93, 72.45)
(-59.45, 118.56)
(-16.02, 180.47)
(-20.03, 192.27)
(-22.87, 198.72)
(-20.24, 188.37)
(-19.95, 198.92)
(-8.79, 187.31)
(15693.34, -97196.80)
(0.07, 191.97)
(17.89, 220.53)
(14.03, 230.12)
(-2.62, 216.12)
(-31.43, 212.40)
(-49.95, 218.17)
(-58.14, 232.50)
(-57.26, 224.65)
(-55.64, 226.65)
(-37.93, 230.54)
(-27.22, 219.72)
(6294.99, -40707.66)
(2.23, 210.49)
(3.81, 197.14)
(4.90, 178.62)
(2.15, 179.63)
(5138.68, -33686.33)
(5786.00, -38773.70)
(5485.56, -36231.03)
(0.12, 142.41)
(-27.44, 174.41)
(-57.02, 185.22)
(10433.83, -62218.88)
(11.21, 209.27)
(6.76, 158.83)
(-3.08, 155.35)
(-4.54, 152.65)
(-17.17, 157.65)
(-20.60, 158.19)
(-40.08, 151.77)
(202338.70, -1921804.00)
(-134.33, -49.26)
(-119.00, -31.45)
(-156.88, -16.80)
(155.89, -48.23)
(172.16, -84.26)
(194.95, -68.48)
(125.00, 115.07)
(90.56, 171.17)
(92.96, 171.92)
(7505.23, -69678.85)
(-267.96, 145.61)
(-451.81, 131.89)
(-454.35, 265.04)
(8161.80, -77312.45)
(376.60, 223.90)
(415.22, 153.94)
(403.75, 138.53)
(406.97, 111.84)
(6027.55, -59984.36)
(-23.94, 140.13)
(-35.54, 151.49)
(5849.91, -58548.43)
(-4.44, 91.16)
(-2.96, 125.71)
(1.34, 142.44)
(6648.73, -68134.74)
(-215.93, 98.15)
(-241.77, 98.45)
(5697.86, -59883.71)
(5689.18, -60049.70)
(4.62, 57.39)
(20.87, 116.85)
(21.75, 108.59)
(19.09, 104.98)
(6.25, 159.76)
(0.10, 180.21)
(-5.12, 176.13)
(-5.03, 165.62)
(-3.87, 153.61)
(6409.33, -65963.90)
(-62.27, 74.19)
(-66.96, 119.25)
(-63.58, 141.55)
(6358.36, -64987.55)
(44.14, 82.62)
(56.64, 145.39)
(31.44, 161.32)
(12.11, 174.41)
(10.18, 180.17)
(6596.08, -65721.37)
(5.71, 132.73)
(-9.02, 140.86)
(-5.36, 176.71)
(-3.15, 174.17)
(-4.42, 146.45)
(6968.32, -69135.70)
(17.91, 122.25)
(23.40, 170.74)
(20.10, 168.00)
(6.27, 170.08)
(-4.07, 170.90)
(6981.32, -69379.18)
(-20.53, 98.03)
(-36.27, 136.11)
(-37.00, 152.35)
(-7.98, 143.63)
(18.94, 160.82)
(15.52, 151.56)
(4.88, 157.34)
(10392.92, -99756.59)
(-4.67, 114.50)
(8.65, 158.19)
(9.37, 148.97)
(34.51, 150.58)
(208.07, 146.61)
(207.24, 160.96)
(-376.06, 155.76)
(-386.60, 137.17)
(25187.35, -235944.90)
(-125.41, 97.62)
(-118.60, 133.14)
(17676.80, -171321.80)
(16863.52, -160765.70)
(58.40, 80.18)
(75.14, 144.94)
(71.20, 145.30)
(68.78, 136.54)
(-6.07, 134.99)
(-28.17, 143.44)
(-26.81, 139.62)
(-18.78, 139.54)
(-14.31, 145.30)
(-17.93, 154.98)
(-20.70, 151.26)
(8519.65, -76059.23)
(49.28, 62.24)
(100.26, 53.67)
(105.95, 92.64)
(120.02, 118.29)
(-2.76, 129.54)
(-18.11, 166.17)
(-23.76, 175.81)
(9502.72, -90820.88)
(14.63, 125.71)
(28.03, 124.09)
(22.35, 130.49)
(5.30, 129.95)
(-5.87, 105.99)
(-13.91, 113.13)
(5417.95, -50917.41)
(5334.75, -50212.71)
(88.10, -95.76)
(51.82, -34.64)
(48.28, -52.42)
(47.63, -66.11)
(41.20, -61.69)
(5773.66, -55130.63)
(2.61, -55.20)
(-55.10, 48.04)
(-51.46, 77.04)
(-50.29, 76.48)
(6699.27, -62495.72)
(32.86, 64.01)
(32.32, 144.05)
(35.26, 150.03)
(7498.41, -72044.78)
(7952.16, -76654.02)
(-273.26, -311.37)
(-370.67, 60.98)
(-389.41, 90.89)
(-332.36, 124.72)
(6.55, 107.90)
(7245.82, -70367.92)
(7112.82, -69661.62)
(102.38, 1.53)
(103.34, 71.55)
(104.97, 100.77)
(103.18, 106.21)
(101.41, 95.40)
(-32.54, 127.11)
(7182.89, -68423.32)
(-41.80, 75.12)
(-5.35, 137.89)
(-1.58, 158.02)
(-1.51, 156.92)
(-1.33, 157.89)
(7382.57, -68965.23)
(-3.38, 99.23)
(10.56, -23.40)
(17.52, 24.11)
(19.49, 40.69)
(20.26, 38.20)
(18.70, 26.07)
(8574.46, -79149.74)
(8958.72, -82548.19)
(-466.51, 164.28)
(-451.65, 118.54)
(-452.41, 138.54)
(-59.73, 146.52)
(-42.35, 125.51)
(9857.85, -89726.56)
(72.25, 80.27)
(83.48, 158.73)
(82.17, 168.81)
(84.19, 167.24)
(-3.90, 175.66)
(-14.28, 184.14)
(-15.22, 191.04)
(-13.79, 197.16)
(-13.34, 205.35)
(-13.71, 206.75)
(-11.46, 200.39)
(10355.20, -93718.77)
(-265.01, 177.29)
(-335.61, 118.38)
(-340.23, 175.75)
(-307.93, 197.91)
(66.60, 154.75)
(70.99, 151.71)
(71.70, 148.92)
(72.41, 150.65)
(34.71, 148.76)
(21.23, 160.52)
(20.81, 161.35)
(-432.99, 171.90)
(-491.26, 181.75)
(-515.73, 212.58)
(15881.21, -140774.90)
(-42.00, 136.76)
(-41.97, 122.69)
(-40.61, 125.82)
(22.20, 165.30)
(33.37, 175.71)
(34.02, 183.31)
(33.54, 185.43)
(31.48, 177.93)
(31548.28, -279551.50)
(-61.10, 148.94)
(-67.99, 142.03)
(-70.92, 149.62)
(29341.89, -258190.30)
(27366.42, -258226.70)
(23.23, 51.00)
(19.11, 179.15)
(24.16, 212.99)
(27.85, 235.17)
(-1.95, 227.26)
(-13.40, 194.95)
(-7.56, 177.63)
(-8.47, 178.77)
(-20.58, 167.64)
(-20804.55, 212438.10)
(-442.42, 26.91)
(-486.39, 140.70)
(-467.47, 160.80)
(-18647.51, 201396.60)
(-158.71, 145.56)
(34.76, 83.87)
(40.63, 159.41)
(40.11, 172.86)
(21.46, 175.09)
(-12.81, 165.02)
(-16.08, 165.56)
(-14.01, 160.95)
(-16.24, 167.85)
(-14.79, 175.29)
(80230.74, -849156.40)
(-75.69, 168.21)
(-407.99, 166.68)
(-389.21, 291.65)
(43.41, 213.55)
(145.57, 161.30)
(35584.10, -373657.80)
(133.70, 141.99)
(105.14, 156.55)
(101.14, 197.60)
(106.04, 193.46)
(100.34, 174.14)
(36062.37, -238863.60)
(87.53, 136.72)
(52.26, 166.68)
(37.44, 168.16)
(34210.56, -231155.90)
(-40.77, 168.53)
(-12.64, 150.12)
(-16.18, 154.31)
(-16.15, 172.32)
(-19.81, 179.29)
(13791.22, -99754.87)
(-35.95, 174.92)
(-106.15, 94.94)
(-101.96, 124.81)
(-105.46, 157.23)
(-108.18, 140.14)
(-100.98, 140.95)
(-2.90, 171.56)
(9.47, 192.25)
(-168.61, 194.13)
(14351.24, -107267.30)
(14408.83, -107601.90)
(15173.15, -113770.30)
(-78.79, 118.86)
(-67.89, 131.73)
(14760.47, -111095.50)
(-32.20, 129.21)
(-20.75, 155.05)
(-20.62, 172.26)
(-17.76, 187.26)
(-12.45, 195.64)
(-1.80, 196.02)
(2.27, 201.71)
(13698.29, -103681.70)
(-0.24, 125.27)
(-3.58, 146.84)
(-3.02, 167.71)
(-1.67, 178.93)
(0.40, 187.71)
(-0.77, 186.94)
(-0.93, 191.93)
(-1.39, 193.38)
(-2.97, 191.30)
(-2.65, 186.82)
(-2.14, 184.23)
(-6.45, 176.19)
(-6.96, 170.71)
(-8197.53, 53982.65)
(-58.72, 120.18)
(-61.65, 112.11)
(-56.56, 114.86)
(-4.96, 160.21)
(5.08, 180.61)
(8.62, 181.96)
(12.70, 177.22)
(11.48, 173.08)
(10.85, 166.54)
(5.71, 172.07)
(-15.00, 174.74)
(-22.95, 181.08)
(-22.43, 173.78)
(-22.70, 156.81)
(-8.50, 141.89)
(-5.05, 189.39)
(-9.10, 170.48)
(-7364.97, 50170.69)
(-361.30, 138.66)
(-415.11, 130.19)
(-419.62, 133.93)
(-7703.31, 52856.37)
(58.85, 134.17)
(36.45, 100.92)
(44.88, 144.45)
(42.80, 148.47)
(14.07, 151.94)
(1.90, 161.06)
(-0.01, 163.37)
(21.35, 163.90)
(184.16, 158.47)
(189.01, 161.49)
(211.42, 161.82)
(252.60, 132.97)
(-8125.07, 55698.70)
(-8378.20, 57285.72)
(-87.70, 172.03)
(-86.83, 173.26)
(-33.08, 194.28)
(6.39, 170.44)
(12.06, 167.91)
(5.89, 170.60)
(-0.15, 174.77)
(-1.92, 176.74)
(-3.22, 177.02)
(-5.98, 159.97)
(-8391.07, 58366.65)
(-20.12, 59.91)
(-27.52, 71.70)
(-35.43, 95.31)
(-35.17, 93.73)
(-54.05, 80.58)
(-31.33, 158.96)
(-27.98, 166.77)
(-29.77, 169.74)
(-34.35, 155.80)
(10.41, 148.56)
(-7687.91, 53625.82)
(8.44, 139.63)
(17.73, 156.66)
(22.77, 171.48)
(24.87, 161.18)
(16.21, 164.48)
(5.13, 167.38)
(-4.17, 173.98)
(-3.68, 175.94)
(0.94, 176.61)
(-2.19, 169.94)
(-7734.74, 52955.68)
(-14.59, 107.00)
(-10.73, 153.15)
(-6.00, 161.47)
(-2.65, 159.52)
(-9.24, 129.23)
(-7709.66, 53784.36)
(-5.00, 124.55)
(-0.87, 175.10)
(-3.23, 175.56)
(-3.30, 190.55)
(1.48, 191.25)
(0.58, 189.09)
(-4.14, 171.50)
(-6834.99, 47710.34)
(-60.91, 160.96)
(-41.04, 132.05)
(-36.79, 134.57)
(-7256.79, 50082.93)
(-8.73, 144.83)
(14.51, 179.19)
(6.86, 184.52)
(-2.45, 164.22)
(-1.21, 187.66)
(-1.08, 187.92)
(-4.80, 189.80)
(-6.63, 189.35)
(-7069.56, 49757.37)
(-11.65, 160.56)
(-17.43, 152.97)
(-16.65, 157.57)
(-18.72, 155.64)
(-7639.76, 53329.88)
(-2.91, 116.59)
(12.74, 175.39)
(20.81, 165.51)
(18.84, 149.89)
(4.95, 162.87)
(-2.41, 170.63)
(-5.47, 171.07)
(-16.25, 170.37)
(-211.75, 120.12)
(-7115.00, 49444.22)
(-86.94, 44.75)
(-20.06, 35.81)
(-14.29, 21.20)
(-54.15, 44.68)
(-36.27, -7.45)
(-6948.02, 49386.87)
(182.97, 123.21)
(180.34, 191.54)
(157.58, 154.06)
(-7410.11, 52191.42)
(405.36, 57.52)
(368.09, 96.10)
(363.78, 84.35)
(204.82, 124.53)
(79.92, 165.44)
(73.50, 154.73)
(68.61, 104.60)
(-7.65, 141.96)
(-4.05, 178.32)
(190.40, 132.53)
(402.50, -70.40)
(417.63, -71.47)
(414.94, -69.09)
(419.11, -78.17)
(-7641.14, 53042.53)
(-7.44, -19.34)
(-11.56, 113.84)
(503.17, -62.23)
(492.57, -95.10)
(475.78, -89.21)
(471.84, -84.37)
(468.60, -80.09)
(489.03, -84.21)
(487.51, -82.22)
(352.77, -53.38)
(-7391.25, 51168.70)
(101.05, 39.39)
(87.52, 78.61)
(97.22, 107.43)
(-7330.46, 50595.04)
(313.56, 6.77)
(367.90, 80.42)
(438.59, 87.33)
(498.46, 41.26)
(503.70, 23.70)
(-7312.87, 50477.15)
(408.41, -151.15)
(311.37, -104.89)
(290.98, -88.22)
(292.51, -90.44)
(272.33, -94.76)
(-7394.38, 50704.84)
(204.04, -0.97)
(180.66, 53.74)
(186.31, 72.88)
(180.00, 76.20)
(1.36, 128.12)
(-2.93, 127.96)
(-3.08, 135.68)
(-2.87, 143.88)
(0.88, 183.39)
(9.85, 194.18)
(18.50, 199.96)
(15.48, 203.02)
(16.25, 202.26)
(21.41, 198.47)
(21.71, 197.95)
(20.79, 193.32)
(8.47, 188.85)
(-5.05, 139.04)
(-10.61, 205.53)
(4.46, 202.49)
(9.27, 198.75)
(8.72, 203.82)
(7.90, 204.34)
(391.86, 105.20)
(402.27, 106.07)
(202.78, 144.39)
(22.67, 180.10)
(22.03, 175.94)
(19.36, 185.72)
(14.31, 186.93)
(15.41, 180.94)
(15.46, 179.97)
(10.53, 189.42)
(11.27, 191.24)
(15.02, 189.36)
(18.21, 190.80)
(17.85, 189.87)
(19.35, 189.83)
(17.13, 195.37)
(11.90, 195.07)
(10.54, 194.78)
(11.16, 194.39)
(13.24, 192.70)
(13.80, 188.69)
(14.16, 187.87)
(15.73, 187.48)
(13.76, 188.10)
(9.24, 193.53)
(9.80, 196.71)
(8.46, 198.98)
(4.58, 199.08)
(4.41, 200.18)
(4.69, 201.47)
(2.48, 200.37)
(0.77, 200.22)
(1.70, 196.79)
(1.85, 202.35)
(-0.40, 209.21)
(0.62, 209.65)
(0.00, 206.60)
(-7683.34, 52592.04)
(-1.95, 212.07)
(-2.73, 215.71)
(-6.56, 215.90)
(-7.79, 206.62)
(2.47, 161.74)
(1.86, 181.35)
(1.15, 187.02)
(1.43, 187.33)
(1.16, 186.38)
(1.88, 187.64)
(5.20, 192.46)
(7.63, 193.80)
(7.27, 193.24)
(9.61, 192.69)
(9.22, 193.75)
(4.68, 196.16)
(4.36, 197.66)
(4.59, 196.92)
(2.35, 194.53)
(2.78, 191.08)
(4.80, 190.53)
(4.57, 191.89)
(3.77, 190.89)
(2.06, 191.73)
(3.96, 190.80)
(5.34, 188.07)
(2.26, 188.85)
(2.69, 191.01)
(-0.59, 191.34)
(33.84, 297.39)
(49.73, 318.64)
(-7429.62, 51440.52)
(108.69, 83.99)
(-178.11, 21.42)
(-222.50, -23.76)
(-223.12, -27.72)
(83.50, -34.04)
(207.38, -58.31)
(305.92, -47.61)
(-21.01, 145.17)
(-36.93, 171.31)
(-34.66, 168.17)
(-37.02, 172.74)
(58.93, 214.48)
(76.34, 242.42)
(71.09, 242.79)
(90.35, 243.34)
(97.37, 246.11)
(96.29, 248.86)
(96.32, 249.81)
(96.64, 250.65)
(96.58, 249.55)
(94.82, 249.17)
(93.61, 253.65)
(86.95, 250.08)
(83.86, 243.90)
(91.41, 247.43)
(44.72, 242.18)
(17.18, 233.23)
(14.62, 228.85)
(17.27, 228.08)
(1.39, 215.05)
(-1.91, 204.12)
(-0.69, 198.78)
(-1.53, 196.56)
(-3.80, 194.97)
(-3.47, 188.27)
(-4.09, 198.58)
(-4.10, 198.16)
(-2.76, 195.75)
(-0.89, 193.51)
(-1.28, 195.47)
(-1.39, 196.11)
(-1.23, 189.27)
(-3.10, 175.64)
(-9.54, 206.78)
(-8.42, 191.52)
(-4.51, 186.23)
(-5.00, 187.18)
(-3.49, 188.38)
(-3.84, 188.40)
(-4.23, 189.37)
(-3.49, 191.31)
(-2.33, 192.54)
(-2.52, 193.06)
(-3.00, 193.73)
(-0.74, 193.73)
(0.12, 193.35)
(-3.50, 192.73)
(-3.54, 192.78)
(-2.84, 192.76)
(-3.35, 190.86)
(-4.29, 189.61)
(11.04, 33.12)
(21.65, 4.78)
(22.99, 0.95)
(24.52, 0.66)
(18.17, 208.36)
(13.24, 214.35)
(12.92, 219.16)
(11.75, 225.49)
(7.96, 224.71)
(5.57, 224.75)
(-7550.39, 51068.76)
(8.02, 127.03)
(-1.52, 131.26)
(-4.36, 137.68)
(-7534.19, 51033.60)
(-0.50, 120.20)
(-3.29, 162.18)
(4.44, 162.60)
(5.43, 156.28)
(5.38, 150.43)
(20.82, 147.71)
(-6872.02, 47818.09)
(303.89, 63.17)
(302.22, 90.24)
(311.15, 97.13)
(315.84, 105.50)
(316.33, 104.94)
(144.83, 108.08)
(-12.42, 150.86)
(-22.62, 145.77)
(-24.17, 107.77)
(-82.42, 239.78)
(-13.35, 147.72)
(-2.53, 169.16)
(0.18, 183.47)
(-3.97, 178.73)
(-4.89, 177.55)
(-1.08, 177.11)
(2.54, 170.94)
(5.76, 169.38)
(190.20, 132.92)
(217.54, 111.71)
(314.01, 124.52)
(438.38, 116.96)
(442.70, 107.71)
(60.91, 141.58)
(61.01, 141.37)
(57.73, 131.74)
(57.96, 126.96)
(53.82, 156.81)
(29.59, 166.82)
(62.22, -118.53)
(15.03, -95.13)
(43.01, 112.05)
(14.58, 134.86)
(14.92, 157.13)
(15.83, 169.67)
(15.20, 170.81)
(12.37, 172.89)
(13.30, 173.86)
(9.66, 174.16)
(4.75, 174.55)
(4.18, 175.66)
(4.20, 176.34)
(2.76, 177.54)
(1.22, 178.78)
(-0.18, 179.73)
(-2.54, 180.21)
(-3.56, 179.29)
(-1.91, 178.63)
(-1.65, 179.30)
(-0.93, 179.01)
(-0.62, 178.68)
(-1.62, 178.80)
(-0.34, 177.80)
(-1.32, 180.34)
(-4.14, 191.24)
(-4.62, 193.00)
(-6.35, 191.89)
(-7.51, 189.88)
(-9.40, 187.77)
(-9.64, 185.87)
(-10.96, 182.68)
(-11.45, 178.57)
(-9.76, 174.85)
(-11.20, 174.36)
(-11.46, 174.74)
(-10.14, 176.33)
(-8.90, 179.19)
(-8.24, 181.47)
(-5.20, 185.84)
(-0.67, 188.06)
(-1.08, 188.24)
(-1.45, 190.13)
(2.42, 190.12)
(2.18, 189.89)
(1.46, 188.99)
(2.32, 187.64)
(0.38, 187.15)
(-1.98, 186.90)
(-2.24, 188.68)
(-0.87, 190.95)
(-1.42, 192.29)
(4.89, 192.70)
(12.50, 191.91)
(9.87, 191.91)
(6.80, 190.94)
(5.73, 191.50)
(5.13, 188.64)
(3.90, 181.73)
(2.29, 180.42)
(-11.25, 199.58)
(-7.44, 191.60)
(-1.77, 173.68)
(-9145.19, 69316.84)
(-8950.43, 67943.07)
(-210.55, 136.14)
(-201.07, 148.09)
(-129.66, 158.17)
(80.12, 150.91)
(81.88, 159.16)
(45.23, 166.75)
(11.82, 176.17)
(8.62, 177.63)
(9.20, 180.09)
(6.90, 187.38)
(-3.41, 190.21)
(-6.34, 190.45)
(-6.74, 189.99)
(-6.54, 189.60)
(-6592.46, 48238.85)
(-6725.52, 49358.96)
(13.86, 193.43)
(31.55, 143.82)
(27.17, 175.39)
(10.05, 202.43)
(5.59, 192.91)
(11.12, 185.67)
(-8.52, 240.19)
(-20.71, 191.14)
(-17.61, 195.56)
(-9.79, 219.09)
(-42349.01, 489598.30)
(-30499.83, 345276.70)
(30.40, 159.63)
(17.20, 199.25)
(28.21, 158.98)
(26.96, 161.35)
(13.68, 190.22)
(31235.23, -318495.80)
(-68691.68, 671934.80)
(12.68, 142.09)
(14.53, 142.22)
(24.21, 172.42)
(26.36, 181.51)
(26.61, 194.56)
(16.44, 195.13)
(12.34, 202.03)
(5.77, 207.29)
(5.09, 207.47)
(2.44, 210.61)
(-3.99, 211.09)
(-0.94, 200.85)
(-21557.82, 195838.10)
(-25782.22, 236788.80)
(321.75, 130.88)
(352.59, 125.66)
(351.88, 95.89)
(108.95, 118.18)
(105.20, 140.02)
(34.65, 134.83)
(2.07, 144.05)
(27877.62, -232701.80)
(48178.96, -387619.90)
(460.42, 124.84)
(61.23, 117.22)
(54.81, 140.47)
(54.89, 131.87)
(147.40, 127.53)
(105.34, 128.28)
(137.09, 136.51)
(136.30, 143.29)
(-38882.55, 301187.90)
(-33538.14, 262055.70)
(177.16, 169.96)
(246.70, 105.70)
(241.39, 115.19)
(178.77, 134.08)
(158.29, 140.05)
(-11245.50, 86701.70)
(-14267.43, 108222.90)
(0.14, 212.14)
(111.59, 122.77)
(-19996.99, 152970.40)
(-29665.32, 229812.90)
(270.34, 42.43)
(201.76, 119.47)
(41.35, 135.43)
(31.09, 133.77)
(26.63, 136.41)
(45.72, 138.57)
(81.41, 154.52)
(23.25, 142.65)
(17.44, 133.60)
(111.95, 141.42)
(-43543.14, 337901.50)
(75.49, 174.65)
(518.99, 65.95)
(206.44, 117.80)
(192.97, 118.41)
(143.25, 134.25)
(144.08, 133.06)
(32.60, 127.78)
(63243.32, -509188.80)
(49.49, 174.02)
(288.35, 107.20)
(196.20, 120.69)
(167.35, 151.43)
(168.86, 152.83)
(167.44, 153.94)
(193.59, 154.88)
(58442.13, -455303.40)
(81342.03, -631438.40)
(6.90, 157.69)
(165.79, 94.93)
(-14.47, 127.73)
(37.38, 124.43)
(-12.62, 118.99)
(122.11, 111.89)
(131.65, 116.86)
(82.35, 117.79)
(168.14, 128.36)
(273.47, 133.60)
(152.85, 147.03)
(161607.10, -1256421.00)
(36.30, 180.10)
(521.24, 55.12)
(236.08, 88.23)
(315.64, 119.24)
(216.06, 135.16)
(182.65, 135.02)
(2.18, 161.76)
(-1.99, 174.59)
(-12.04, 173.90)
(127411.70, -982486.60)
(-0.46, 181.73)
(486.32, 65.08)
(46.65, 168.21)
(-54553.21, 419000.30)
(28.51, 204.44)
(462.77, 27.78)
(472.87, 32.15)
(197.69, 86.71)
(302.83, 107.01)
(217.55, 107.71)
(52222.79, -397120.40)
(48099.01, -365188.80)
(39.53, 221.94)
(433.35, 33.90)
(398.89, 59.96)
(23.50, 173.48)
(111.13, 170.19)
(25.77, 159.82)
(174.97, 129.61)
(97.66, 121.55)
(72.33, 128.37)
(128.23, 127.77)
(55.97, 124.17)
(138.93, 126.10)
(41709.08, -307923.40)
(16.23, 156.27)
(456.64, 41.93)
(273.73, 51.24)
(87.12, 105.08)
(83631.05, -639230.90)
(77979.73, -596068.30)
(43.38, 172.76)
(17.40, 90.09)
(12.70, 154.52)
(12.68, 143.17)
(37.71, 143.38)
(16.80, 159.13)
(168.59, 176.56)
(204.49, 145.43)
(-776538.40, 5779191.00)
(201.43, 118.96)
(188.51, 147.37)
(167.22, 153.47)
(22.67, 164.74)
(17.01, 167.37)
(-5782301.00, 42958210.00)
(0.47, 157.39)
(-39.11, 195.89)
(-30.29, 174.93)
(-26.78, 151.24)
(-5.45, 159.40)
(-111472.70, 833972.40)
(-88099.39, 659191.40)
(-66.78, 177.09)
(-153.30, 105.42)
(-171.67, 169.76)
(-59.65, 162.70)
(3.37, 160.77)
(7.06, 173.88)
(6.75, 184.36)
(6.63, 188.90)
(8.34, 185.19)
(-136468.40, 1059910.00)
(-19.45, 178.07)
(-14.76, 176.92)
(-12.85, 158.85)
(-7.66, 148.48)
(-2.65, 157.69)
(5.43, 165.76)
(8.11, 163.91)
(-62000.58, 468509.70)
(-61033.35, 459441.70)
(15.03, 160.10)
(9.64, 160.83)
(6.77, 158.77)
(2.32, 160.62)
(-0.92, 165.58)
(2.14, 172.34)
(7.36, 167.97)
(4.30, 179.56)
(5.59, 195.90)
(3.18, 197.12)
(-0.98, 196.29)
(0.27, 195.95)
(-24580.31, 183124.00)
(-22601.95, 169192.80)
(13.26, 202.80)
(12.23, 194.05)
(13.28, 190.88)
(11.09, 198.47)
(6.64, 203.30)
(-4.35, 205.20)
(-8.39, 205.37)
(-7.12, 204.28)
(-8.26, 204.25)
(-8.34, 204.68)
(-6.30, 203.10)
(-7.08, 207.34)
(-4.21, 215.96)
(0.82, 211.52)
(4.06, 201.44)
(3.81, 199.35)
(0.82, 198.78)
(1.01, 199.56)
(-0.01, 197.38)
(-0.81, 197.75)
(6.44, 191.36)
(9.45, 187.86)
(7.43, 187.93)
(4.32, 197.43)
(4.26, 193.97)
(6.07, 185.21)
(-4.23, 194.47)
(-0.70, 193.27)
(-1.81, 191.54)
(-3.44, 197.16)
(-1.65, 199.88)
(-3.88, 204.32)
(-1.45, 200.93)
(4.18, 198.71)
(5.46, 194.98)
(4.57, 189.11)
(3.81, 195.25)
(3.07, 197.48)
(2.97, 191.69)
(4.28, 192.94)
(5.10, 193.03)
(3.68, 191.15)
(-0.82, 191.40)
(0.71, 184.46)
(-0.04, 180.60)
(-0.78, 177.45)
(-0.20, 179.09)
(1.69, 182.58)
(0.46, 183.83)
(0.23, 186.41)
(4.76, 185.13)
(6.16, 182.10)
(6.51, 180.75)
(8.72, 180.61)
(10.25, 179.77)
(9.07, 180.84)
(9.37, 181.33)
(8.96, 181.66)
(7.04, 181.26)
(307.19, 188.43)
(327.63, 197.10)
(41.46, 192.04)
(38.27, 186.37)
(15.57, 185.08)
(3.96, 185.34)
(2.44, 182.46)
(2.08, 181.76)
(3.26, 181.79)
(-0.16, 181.65)
(-2.76, 179.61)
(1.84, 182.59)
(-25723.85, 181746.80)
(-43.65, 178.85)
(-26593.88, 188119.50)
(-24.89, 144.62)
(29.81, 130.17)
(19.72, 99.77)
(38.38, 81.05)
(33.51, 140.40)
(28.78, 170.47)
(26.62, 160.96)
(16.50, 178.47)
(10.17, 186.12)
(81.35, 198.33)
(289.43, 117.64)
(296.53, 126.45)
(27.78, 131.21)
(20.99, 121.13)
(21.39, 119.79)
(22.79, 119.51)
(20.52, 120.50)
(17.65, 120.84)
(15.86, 122.71)
(12.43, 129.62)
(9.00, 134.18)
(8.59, 137.52)
(9.86, 137.11)
(8.73, 137.02)
(7.75, 137.05)
(8.51, 136.84)
(7.04, 146.23)
(-1.78, 155.89)
(-1.20, 159.57)
(-1.90, 157.88)
(-2.78, 177.31)
(0.16, 175.44)
(0.23, 185.21)
(4.22, 177.61)
(5.08, 177.90)
(10.09, 185.96)
(9.57, 182.99)
(4.84, 179.26)
(3.21, 180.25)
(5.36, 181.81)
(5.70, 178.61)
(5.17, 175.48)
(6.54, 175.92)
(8.08, 174.87)
(9.72, 177.47)
(13.30, 177.30)
(13.88, 178.52)
(12.01, 178.28)
(13.84, 180.07)
(15.97, 180.98)
(21.67, 180.37)
(21.24, 181.68)
(14.96, 181.32)
(197.99, 102.86)
(229.14, 73.03)
(115.60, 141.26)
(66.41, 172.37)
(61.52, 175.86)
(34.28, 180.40)
(3.24, 183.07)
(-2.07, 181.57)
(-4.46, 180.38)
(-4.32, 179.81)
(-5.55, 177.14)
(-4.40, 177.53)
(-4.89, 182.95)
(-4.00, 182.21)
(0.58, 177.61)
(29.93, 164.42)
(21.41, 176.47)
(-22942.74, 159026.40)
(26.64, 148.88)
(19.98, 121.58)
(28.92, 118.72)
(-7.99, 96.30)
(-16.26, 94.71)
(-24605.54, 172727.30)
(338.80, 25.78)
(213.71, -19.93)
(283.90, -38.63)
(306.15, -44.94)
(70.67, 10.70)
(39.12, 31.56)
(36.49, 27.68)
(99.22, 40.90)
(124.54, 79.55)
(123.33, 84.41)
(120.48, 74.59)
(120.72, 80.68)
(33.30, 143.64)
(26.74, 159.18)
(22.57, 201.73)
(20.86, 209.29)
(15.06, 210.13)
(11.64, 211.54)
(11.04, 207.20)
(8.55, 193.54)
(5.78, 188.34)
(7.77, 173.75)
(10.46, 171.02)
(9.62, 169.80)
(12.32, 169.38)
(150.55, 105.92)
(153.24, 96.19)
(141.11, 106.37)
(66.66, 167.89)
(59.82, 160.53)
(28.43, 178.69)
(17.92, 182.54)
(11.30, 185.43)
(5.20, 186.27)
(6.82, 179.28)
(6.44, 182.17)
(4.43, 181.95)
(4.82, 180.42)
(6.33, 177.52)
(6.39, 177.57)
(5.31, 178.30)
(6.04, 180.38)
(5.32, 180.13)
(4.27, 177.47)
(5.25, 175.00)
(4.30, 165.23)
(85.12, 124.76)
(2.26, 157.30)
(4.52, 149.69)
(6.42, 150.73)
(5.87, 149.63)
(1.69, 157.43)
(2.82, 163.62)
(4.05, 166.66)
(-0.34, 168.48)
(-5.36, 170.01)
(-1.64, 159.60)
(0.53, 161.74)
(5.36, 172.63)
(4.42, 172.95)
(2.91, 170.29)
(2.34, 174.15)
(-2.98, 175.57)
(-2.06, 176.93)
(-3.17, 178.87)
(-7.21, 181.88)
(-4.35, 184.86)
(300.93, 188.33)
(301.99, 182.49)
(307.12, 184.93)
(312.04, 184.84)
(309.70, 166.57)
(-20474.93, 140195.90)
(-25.31, 176.31)
(-39.37, 147.62)
(-43.31, 145.72)
(297.86, 107.13)
(312.31, 79.78)
(-1.86, 104.09)
(-0.39, 105.32)
(2.07, 104.44)
(-1.49, 136.23)
(1.11, 157.42)
(456.40, -39.59)
(446.61, -97.53)
(445.99, -106.03)
(57.81, 74.42)
(37.68, 52.19)
(38.70, 99.07)
(10.50, 169.31)
(13.10, 205.36)
(8.80, 194.57)
(10.19, 204.41)
(13.46, 179.71)
(13.24, 171.56)
(10.89, 171.51)
(10.66, 171.14)
(10.05, 169.80)
(8.80, 167.87)
(9.60, 165.00)
(11.19, 159.74)
(10.62, 157.98)
(16.51, 156.47)
(40.86, 139.24)
(41.55, 130.44)
(41.55, 127.49)
(42.10, 127.33)
(40.67, 127.62)
(37.95, 128.30)
(37.51, 128.54)
(36.98, 130.52)
(31.48, 133.54)
(21.78, 150.55)
(18.86, 154.66)
(13.75, 156.84)
(7.88, 162.68)
(7.46, 163.74)
(4.64, 164.86)
(2.60, 164.97)
(3.68, 165.28)
(3.25, 163.65)
(3.27, 171.38)
(4.70, 170.94)
(7.37, 167.73)
(9.02, 163.67)
(11.01, 157.08)
(28.20, 60.66)
(28.29, 52.27)
(27.75, 108.87)
(31.05, 185.49)
(32.12, 187.33)
(31.26, 189.78)
(159.90, 255.02)
(213.35, 296.32)
(210.12, 292.33)
(209.07, 293.95)
(210.66, 297.61)
(209.43, 299.01)
(54.85, 249.44)
(12.64, 197.09)
(7.44, 192.87)
(4.14, 191.33)
(4.20, 191.90)
(6.20, 192.81)
(5.49, 193.48)
(5.69, 192.94)
(7.05, 191.63)
(6.74, 191.54)
(6.81, 191.74)
(9.92, 190.93)
(-21181.96, 142029.80)
(-53.20, 191.08)
(-73.06, 172.60)
(159.12, 107.85)
(186.43, 69.55)
(189.67, 58.57)
(190.06, 55.85)
(51.29, 149.67)
(14.90, 161.34)
(16.26, 167.60)
(16.27, 177.80)
(50.72, 116.46)
(60.87, 105.87)
(36.82, 139.73)
(21.97, 152.48)
(20.11, 155.02)
(13.50, 160.65)
(8.57, 161.58)
(7.01, 162.25)
(7.94, 163.84)
(8.10, 165.28)
(6.26, 164.10)
(7.11, 161.83)
(8.23, 159.47)
(7.08, 159.38)
(108.50, 169.37)
(115.91, 170.94)
(100.94, 171.22)
(44.56, 169.83)
(40.60, 167.75)
(38.79, 168.39)
(35.27, 168.40)
(34.55, 170.05)
(25.26, 171.95)
(16.39, 171.15)
(11.98, 168.57)
(13.00, 166.58)
(12.61, 162.10)
(11.05, 160.83)
(11.24, 160.30)
(10.97, 159.57)
(8.09, 158.60)
(7.41, 155.84)
(8.51, 155.97)
(9.12, 157.56)
(11.40, 159.78)
(15.53, 162.34)
(15.74, 166.91)
(13.23, 167.22)
(15.09, 167.92)
(17.67, 167.14)
(17.54, 166.51)
(22.63, 165.26)
(32.08, 163.92)
(135.75, 166.53)
(300.32, 207.96)
(293.95, 200.37)
(279.62, 188.62)
(277.58, 189.56)
(328.68, 189.61)
(18.53, 174.37)
(18.44, 167.44)
(18.99, 163.43)
(14.79, 164.83)
(14.94, 174.75)
(16.70, 174.74)
(15.98, 172.29)
(14.32, 171.89)
(17.61, 168.68)
(28.44, 173.53)
(11.39, 165.37)
(33.57, 141.78)
(41.62, 129.57)
(36.49, 117.81)
(37.58, 114.33)
(10.53, 120.21)
(-0.77, 132.87)
(0.15, 154.68)
(5.17, 169.19)
(5.22, 176.86)
(3.79, 180.43)
(4.53, 182.94)
(2.53, 180.70)
(-0.19, 175.66)
(9.08, 175.38)
(9.66, 171.00)
(5.12, 161.32)
(5.31, 157.99)
(4.69, 155.77)
(4.59, 141.40)
(5.63, 138.67)
(6.54, 139.04)
(5.33, 140.61)
(5.85, 144.18)
(6.74, 148.17)
(4.74, 149.56)
(2.91, 150.08)
(3.39, 149.38)
(328.57, 275.25)
(269.68, 195.06)
(13.57, 150.26)
(11.62, 143.78)
(9.56, 142.26)
(7.78, 141.92)
(4.31, 140.97)
(-0.95, 139.37)
(-1.59, 138.80)
(-3.15, 138.63)
(-6.42, 137.78)
(-5.42, 138.03)
(-5.90, 137.96)
(-4.88, 138.20)
(-0.19, 141.06)
(0.54, 146.89)
(0.58, 153.43)
(3.82, 165.10)
(30.04, 170.47)
(193.72, 170.93)
(133.61, 164.70)
(31.62, 174.98)
(24.10, 173.87)
(18.22, 173.76)
(18.73, 171.85)
(16.50, 170.29)
(15.01, 169.84)
(84.32, 164.31)
(101.71, 160.84)
(105.37, 156.64)
(106.08, 155.57)
(118.31, 158.32)
(118.18, 159.93)
(290.99, 161.35)
(324.93, 179.41)
(324.22, 182.54)
(322.16, 176.20)
(316.76, 167.25)
(-544402.80, 3654900.00)
(141.79, 187.20)
(135.28, 194.02)
(106.54, 185.98)
(-15.59, 145.55)
(-25.33, 138.88)
(-22.38, 137.87)
(-7.90, 140.68)
(105.57, 141.96)
(400.31, 81.24)
(406.43, 74.52)
(406.14, 74.55)
(408.59, 72.97)
(1390016.00, -9207703.00)
(7.68, 155.04)
(17.02, 141.26)
(13.96, 116.40)
(15.23, 113.31)
(19.11, 125.73)
(21.65, 171.98)
(25.65, 190.96)
(25.32, 200.08)
(26.73, 173.79)
(23.50, 174.58)
(14.08, 173.93)
(3.14, 223.25)
(-1.07, 232.38)
(4.46, 233.13)
(4.01, 229.01)
(0.46, 223.74)
(26.21, 327.99)
(79.00, 309.48)
(13.41, 184.62)
(6.50, 180.98)
(6.11, 179.65)
(5.71, 176.68)
(42.90, 266.97)
(30.53, 162.81)
(24.90, 153.20)
(23.95, 152.20)
(23.17, 153.93)
(21.50, 155.24)
(19.00, 156.79)
(17.89, 157.49)
(18.01, 159.43)
(16.75, 158.69)
(15.07, 157.00)
(-8.16, 159.61)
(-15.53, 160.81)
(-3.00, 169.51)
(46.43, 197.91)
(51.78, 203.65)
(50.58, 204.19)
(50.89, 205.37)
(54.46, 208.38)
(54.13, 210.25)
(58.98, 219.32)
(169.82, 411.11)
(169.72, 421.05)
(169.60, 427.69)
(10.42, 236.12)
(40.46, 210.57)
(40.66, 200.68)
(38.88, 199.55)
(36.63, 196.77)
(35.69, 194.73)
(36.05, 193.74)
(33.21, 193.14)
(31.52, 192.29)
(26.36, 189.59)
(1.54, 175.38)
(-5.08, 167.85)
(-4.96, 166.37)
(-65.54, 81.24)
(37.59, 27.93)
(32.51, 21.01)
(166.32, 268.10)
(168.76, 269.79)
(167.12, 276.29)
(161.79, 270.20)
(40.11, 155.64)
(48731.48, -319331.20)
(61.85, 144.80)
(68.98, 128.24)
(46863.16, -310660.20)
(48656.29, -324182.30)
(55379.60, -371532.30)
(53661.07, -360319.40)
(-64.29, 217.32)
(-221.46, 79.44)
(-224.28, 82.28)
(69875.68, -479334.10)
(16.96, 37.32)
(-19.03, 56.14)
(17.70, 56.63)
(15.76, 59.47)
(232.74, 107.54)
(236.43, 109.29)
(237.12, 113.53)
(234.89, 115.90)
(-1.12, 149.65)
(-15.57, 150.62)
(-11.92, 161.14)
(-6.64, 163.40)
(-1.27, 167.18)
(1.15, 168.63)
(1.03, 168.16)
(0.11, 166.75)
(-16.09, -127.12)
(-19.40, -125.28)
(-5.48, 88.90)
(22.93, 200.75)
(24.01, 197.24)
(25.80, 196.32)
(27.75, 195.38)
(26.50, 194.57)
(23.25, 195.05)
(21.39, 197.52)
(19.22, 198.69)
(16.75, 198.70)
(12.63, 198.50)
(-0.06, 199.79)
(-2.46, 200.70)
(-1.82, 201.32)
(7.68, 169.87)
(10.37, 156.01)
(10.06, 152.98)
(10.18, 152.26)
(8.00, 155.14)
(4.49, 159.76)
(4.38, 159.86)
(16.73, 147.59)
(23.93, 138.52)
(27.64, 136.52)
(26.58, 134.80)
(24.67, 134.46)
(26.49, 138.42)
(28.48, 139.28)
(27.96, 141.03)
(29.42, 146.92)
(29.96, 148.37)
(26.90, 149.84)
(25.87, 151.28)
(27.94, 151.87)
(28.11, 152.29)
(27.14, 151.66)
(27.76, 151.20)
(25.95, 150.92)
(22.08, 150.94)
(23.08, 150.59)
(22.01, 149.51)
(19.24, 148.81)
(20.73, 148.51)
(20.32, 147.71)
(17.63, 146.17)
(18.72, 145.27)
(19.65, 145.60)
(17.40, 145.76)
(12.61, 148.94)
(11.78, 153.19)
(11.74, 152.76)
(25081.29, -167141.60)
(22.10, 173.05)
(33.14, 224.03)
(48.94, 211.14)
(52.75, 199.69)
(30.70, 181.01)
(20.17, 164.03)
(19.02, 158.81)
(24.73, 158.25)
(19.19, 158.56)
(21.93, 159.32)
(142.54, 162.57)
(246.66, 90.71)
(262.33, 121.03)
(61.93, 145.31)
(51.78, 145.09)
(48.32, 147.05)
(47.75, 147.79)
(135.10, 136.42)
(218.02, 92.62)
(219.05, 90.03)
(214.65, 56.28)
(62.35, -43.15)
(60.32, -56.20)
(32.12, 145.80)
(27.51, 148.44)
(28.09, 150.49)
(28.98, 151.78)
(28.37, 150.49)
(26.86, 148.53)
(27.89, 145.18)
(26.92, 141.75)
(23.80, 141.36)
(25.72, 142.81)
(26.52, 146.18)
(26.34, 145.11)
(27.09, 145.20)
(36.33, 159.57)
(37.51, 161.35)
(37.04, 159.81)
(38.77, 158.24)
(38.35, 157.71)
(34.12, 156.51)
(4.44, 148.48)
(0.25, 144.35)
(-0.75, 143.40)
(1.10, 146.92)
(2.63, 152.91)
(1.62, 158.79)
(1.97, 161.69)
(2.01, 162.32)
(-0.08, 162.00)
(1.10, 162.17)
(28.45, 148.83)
(20.87, 151.03)
(27.89, 153.23)
(29.19, 157.04)
(27.51, 158.53)
(33.61, 155.69)
(40.36, 151.14)
(40.50, 150.08)
(31.27, 160.25)
(24.47, 160.33)
(269.38, 166.29)
(264.74, 141.62)
(270.63, 136.98)
(273.59, 134.71)
(352.76, 189.16)
(394.24, 205.97)
(397.95, 201.17)
(21249.53, -141949.70)
(71.41, 207.09)
(34.77, 136.06)
(35.47, 127.77)
(33.08, 116.04)
(31.54, 119.22)
(19.24, 122.06)
(16.78, 137.96)
(18.73, 150.63)
(221.23, 163.02)
(238.34, 160.60)
(244.77, 159.51)
(-22.66, 161.22)
(-27.95, 157.92)
(-24.89, 158.41)
(-10.16, 157.25)
(2.60, 150.89)
(7.99, 148.14)
(12.49, 145.28)
(11.86, 143.85)
(109.47, 152.05)
(150.97, 156.92)
(133.89, 152.29)
(104.73, 146.30)
(102.53, 145.41)
(148.60, 160.78)
(202.65, 184.25)
(209.56, 188.54)
(207.32, 189.98)
(109.02, 185.74)
(103.45, 184.20)
(98.85, 184.95)
(96.87, 187.50)
(88.30, 218.46)
(110.07, 206.59)
(110.42, 205.84)
(144.70, 189.30)
(151.53, 176.46)
(52.01, 157.93)
(43.56, 148.36)
(30.68, 149.63)
(-18.37, 153.12)
(-23.10, 155.24)
(-22.52, 157.54)
(67.92, 161.94)
(91.25, 159.18)
(94.17, 157.94)
(93.03, 157.43)
(94.05, 158.17)
(95.41, 157.06)
(93.53, 153.98)
(93.06, 141.42)
(37.16, -157.04)
(249.14, 70.78)
(207.48, 135.84)
(200.36, 125.74)
(201.40, 134.60)
(204.20, 141.48)
(205.18, 144.98)
(32.38, 167.41)
(26.64, 169.16)
(24.60, 168.79)
(21.43, 167.40)
(20.70, 166.48)
(21.90, 166.51)
(22.06, 166.87)
(20.98, 166.80)
(21.28, 164.20)
(42.71, 175.65)
(-17.59, 179.60)
(-34.01, 164.43)
(14582.14, -96503.14)
(70.71, 160.91)
(64.55, 160.03)
(46.99, 176.45)
(-34.44, 195.53)
(-5.99, 202.58)
(3.10, 195.69)
(3.63, 188.98)
(9.19, 130.87)
(18.71, 133.95)
(24.09, 153.46)
(27.21, 165.30)
(30.59, 170.10)
(32.52, 169.66)
(32.28, 165.03)
(32.16, 159.15)
(33.86, 156.61)
(29.44, 156.00)
(21.67, 159.98)
(22.01, 162.78)
(20.91, 162.07)
(19.78, 161.91)
(20.59, 160.78)
(20.46, 163.81)
(18.41, 163.79)
(18.56, 162.96)
(20.50, 162.17)
(18.39, 161.16)
(18.47, 161.89)
(29.61, 167.63)
(73.18, 191.57)
(78.07, 193.19)
(80.05, 193.49)
(79.78, 193.20)
(88.35, 205.68)
(44.24, 196.78)
(35.94, 174.62)
(31.91, 179.11)
(32.88, 181.40)
(31.66, 181.82)
(30.54, 181.44)
(32.55, 177.66)
(31.45, 176.19)
(29.54, 176.38)
(30.97, 175.33)
(31.02, 175.26)
(28.75, 175.08)
(30.73, 175.30)
(31.79, 176.48)
(62.41, 190.64)
(73.40, 198.96)
(77.91, 200.92)
(77.44, 199.90)
(76.51, 199.68)
(79.74, 198.83)
(79.19, 175.84)
(78.26, 159.73)
(51.19, 159.07)
(37.76, 159.08)
(12.23, 158.82)
(7.44, 156.62)
(6.94, 154.92)
(108.43, 81.34)
(103.08, 58.52)
(25.24, 127.47)
(22.65, 131.52)
(486.89, -90.12)
(493.23, -98.92)
(17407.88, -110624.70)
(138.60, 93.29)
(124.39, 122.56)
(119.64, 123.01)
(117.92, 126.10)
(14.62, 130.73)
(7.27, 133.02)
(1.99, 138.66)
(95.29, 139.65)
(168.06, 145.79)
(170.67, 145.46)
(2.68, 158.69)
(-23.92, 178.84)
(1.55, 169.78)
(5.05, 172.88)
(3.50, 182.86)
(2.78, 188.52)
(0.93, 191.09)
(-4.58, 190.18)
(9.47, 205.40)
(20.75, 213.92)
(22.11, 215.69)
(20.48, 216.02)
(21.39, 214.07)
(21.98, 212.76)
(18.19, 210.98)
(18.54, 208.34)
(21.92, 215.06)
(37.52, 236.70)
(41.84, 238.23)
(42.47, 242.47)
(41.31, 242.88)
(38.62, 243.03)
(45.94, 245.24)
(47.46, 243.79)
(48.75, 215.06)
(52.68, 211.25)
(52.20, 209.01)
(24.99, 194.87)
(20.62, 186.98)
(17.99, 184.38)
(15.18, 181.31)
(14.53, 180.69)
(15.36, 179.69)
(14.40, 178.31)
(14.69, 177.54)
(18.87, 178.25)
(20.77, 176.64)
(20.82, 188.40)
(27.92, 202.07)
(27.29, 202.30)
(28.72, 195.47)
(29.54, 179.67)
(27.85, 170.81)
(28.35, 168.73)
(28.74, 173.27)
(26.07, 173.86)
(25.56, 171.80)
(26.47, 171.05)
(25.33, 169.87)
(23.38, 168.11)
(132.24, 255.69)
(200.56, 358.72)
(208.15, 364.01)
(203.77, 340.07)
(200.42, 334.43)
(199.66, 333.96)
(201.25, 336.77)
(-24.60, 166.09)
(-93.79, 40.12)
(-119.57, -25.87)
(17768.40, -114501.00)
(17779.77, -114974.10)
(73.93, -44.63)
(-43.63, 59.97)
(-89.19, 76.53)
(125.76, 38.03)
(273.51, 20.32)
(338.47, -26.53)
(507.74, -104.04)
(487.31, -93.75)
(501.80, 78.19)
(512.94, 95.64)
(119.83, 102.64)
(102.76, 94.76)
(5.65, 207.57)
(6.86, 196.75)
(9.48, 195.09)
(14.70, 202.84)
(20.39, 213.24)
(19.72, 208.56)
(15.33, 200.14)
(-27.33, -49.52)
(-45.33, -77.51)
(-29.55, 4.38)
(43.44, 192.50)
(45.68, 190.49)
(43.53, 191.03)
(41.75, 192.50)
(41.51, 192.66)
(35.76, 191.94)
(7.00, 172.20)
(2.67, 164.39)
(-1.51, 160.63)
(-2.80, 158.78)
(-3.09, 156.96)
(-4.54, 155.98)
(-6.82, 156.66)
(-5.92, 158.81)
(-6.28, 159.71)
(-8.40, 160.40)
(-6.51, 161.47)
(-7.52, 160.89)
(-9.38, 158.64)
(-3.54, 123.29)
(0.33, 110.98)
(-0.98, 107.68)
(0.57, 97.03)
(0.77, 98.65)
(-15.59, 41.77)
(-17.12, 23.65)
(-17.34, 27.75)
(-14.27, 29.07)
(-10.86, 28.26)
(1.13, 165.41)
(6.37, 176.23)
(6.67, 180.47)
(8.56, 181.18)
(5.89, 180.90)
(4.61, 179.45)
(6.56, 177.35)
(-21.81, 50.17)
(-56.81, -74.20)
(-58.20, -72.86)
(-63.98, -75.01)
(-86.06, -124.96)
(-88.07, -130.76)
(-93.03, -137.61)
(-95.46, -140.97)
(-85.44, -145.56)
(-38.53, -151.20)
(25.45, 145.48)
(15.94, 179.86)
(11.07, 184.75)
(5.14, 186.28)
(8.51, 178.25)
(15.35, 169.98)
(23.65, 147.75)
(10507.89, -68297.37)
(45.84, 86.75)
(20.48, 105.10)
(17.84, 114.78)
(26.06, 112.27)
(197.31, 112.29)
(235.28, 118.48)
(206.96, 122.08)
(-25.17, 128.47)
(-27.50, 127.54)
(-22.60, 126.71)
(-20.35, 128.81)
(-24.16, 130.64)
(-21.93, 131.61)
(-12.62, 146.70)
(-7.62, 155.86)
(2.56, 168.53)
(9.99, 172.81)
(9.53, 174.00)
(8.21, 176.25)
(9.25, 177.75)
(9.58, 177.81)
(24.34, 160.53)
(34.12, 133.13)
(34.12, 131.17)
(136.86, 68.86)
(191.66, 24.07)
(54.48, 146.86)
(20.24, 168.26)
(18.00, 169.04)
(15.79, 171.81)
(14.76, 175.18)
(13.81, 176.66)
(14.46, 177.58)
(14.90, 176.75)
(12.75, 176.02)
(13.35, 176.56)
(12.53, 176.48)
(11.23, 175.84)
(11.00, 174.76)
(10.81, 173.79)
(9.13, 171.24)
(7.23, 166.85)
(7.10, 164.30)
(5.93, 159.43)
(5.75, 156.72)
(9.28, 156.89)
(11.10, 155.19)
(11.09, 149.75)
(13.11, 150.05)
(15.04, 151.71)
(13.60, 152.82)
(14.07, 157.77)
(16.79, 162.68)
(15.70, 165.27)
(14.60, 165.69)
(15.08, 163.45)
(13.54, 160.96)
(11.94, 159.50)
(17.15, 158.69)
(14.89, 143.80)
(4.50, 134.15)
(3.66, 133.08)
(4.55, 132.82)
(5.23, 133.47)
(4.21, 133.88)
(5.20, 135.16)
(7.11, 135.30)
(7.96, 134.42)
(9.14, 134.02)
(6.47, 142.42)
(3.35, 150.76)
(1.19, 152.20)
(1.84, 152.59)
(12881.99, -81772.13)
(16.73, 215.19)
(9.52, 184.02)
(-3.29, 203.97)
(5.75, 178.24)
(116.15, 0.47)
(200.49, -26.33)
(448.89, -78.42)
(453.71, -88.54)
(454.15, -96.00)
(36.23, 39.17)
(24.19, 48.18)
(38.73, 57.87)
(44.55, 66.55)
(37.59, 109.41)
(4.99, 173.55)
(4.61, 169.27)
(0.60, 167.95)
(-4.86, 170.34)
(-4.09, 172.08)
(-4.16, 170.93)
(-6.78, 172.17)
(-6.48, 174.94)
(-5.45, 172.88)
(-7.89, 171.69)
(-7.31, 168.04)
(-6.00, 165.59)
(7.80, 166.30)
(41.87, 160.50)
(46.77, 156.05)
(39.99, 148.40)
(10.02, 105.14)
(9.25, 98.70)
(7.64, 97.72)
(7.27, 97.62)
(-15.25, 122.48)
(-23.40, 129.38)
(-27.68, 127.14)
(-28.97, 125.98)
(-29.45, 126.05)
(-9.30, 158.32)
(-4.47, 165.18)
(-5.39, 164.31)
(-3.60, 162.38)
(-3.21, 159.59)
(-5.35, 157.34)
(-6.79, 156.55)
(-6.42, 155.04)
(-9.31, 152.86)
(-11.24, 153.46)
(-9.58, 153.71)
(-9.30, 157.12)
(237.74, 45.87)
(281.45, -14.92)
(-25.24, 204.02)
(-20.31, 185.38)
(-23.80, 185.35)
(-15.85, 176.52)
(-5.39, 165.99)
(1.97, 161.29)
(2.93, 159.99)
(-0.51, 160.62)
(-1.97, 161.41)
(12.06, 125.42)
(4.56, 178.43)
(0.70, 180.89)
(-2.66, 189.94)
(-5.73, 184.50)
(-3.26, 181.59)
(-2.98, 179.31)
(-3.43, 178.00)
(-2.91, 177.15)
(-1.81, 177.03)
(-2.04, 175.73)
(3.63, 157.39)
(52.57, 161.83)
(65.15, 149.43)
(81.13, 148.55)
(83.31, 151.81)
(82.62, 152.04)
(82.91, 150.11)
(38.70, 147.08)
(7.98, 151.88)
(1.56, 157.50)
(3.93, 169.14)
(5.16, 172.42)
(6.11, 175.58)
(8.20, 174.35)
(9.55, 174.26)
(287.25, -7.09)
(-9.84, 139.07)
(-13.29, 142.26)
(-12.68, 140.98)
(-8.01, 139.63)
(-7.94, 140.84)
(-6.42, 150.25)
(-1.92, 155.40)
(0.54, 155.20)
(266.43, -22.92)
(51.15, 155.46)
(1.08, 165.85)
(14.19, 161.35)
(18.41, 155.21)
(24.82, 149.51)
(24.06, 148.51)
(22.45, 148.70)
(24.59, 148.44)
(24.58, 149.85)
(19.21, 154.60)
(18.63, 156.24)
(16.32, 156.43)
(13.16, 156.42)
(12.54, 155.95)
(12.94, 154.09)
(13.57, 147.58)
(15.51, 144.56)
(16.12, 145.72)
(10.20, 149.30)
(9.49, 150.85)
(11.69, 153.12)
(12.99, 156.85)
(15.64, 159.78)
(17.33, 161.45)
(15.82, 161.25)
(16.39, 161.37)
(20.57, 160.37)
(20.81, 156.98)
(21.65, 145.54)
(23.07, 148.89)
(48.90, 143.55)
(58.55, 140.65)
(56.13, 142.03)
(38.37, 139.30)
(43.95, 131.43)
(48.16, 127.13)
(49.29, 126.31)
(26.30, 132.17)
(-1.56, 148.46)
(-7.46, 148.87)
(-11.26, 150.18)
(-9.13, 147.64)
(-7.88, 148.59)
(-8.13, 144.31)
(13799.72, -84891.75)
(13.32, 144.51)
(-20.50, 121.72)
(-14.75, 104.24)
(-17.87, 104.87)
(35.96, 45.06)
(51.98, 16.32)
(51.73, 13.61)
(36.34, 24.30)
(-32.70, 142.25)
(-19.04, 171.73)
(-36.49, 77.50)
(-22.78, 328.63)
(14.89, 258.74)
(13.52, 253.89)
(12.22, 251.53)
(8.20, 233.18)
(7.52, 176.08)
(6.94, 168.39)
(4.06, 163.93)
(4.43, 164.44)
(5.87, 164.55)
(5.04, 164.36)
(2.45, 164.76)
(2.64, 164.35)
(2.36, 163.48)
(-1.19, 162.13)
(8.85, 158.82)
(13.03, 156.11)
(12.05, 153.75)
(14.07, 150.59)
(15.40, 150.93)
(14.11, 149.53)
(13.11, 149.84)
(12.51, 154.67)
(9.80, 155.22)
(6.39, 154.58)
(6.70, 154.62)
(4.84, 154.13)
(1.51, 152.86)
(1.74, 153.14)
(2.01, 152.96)
(0.44, 152.18)
(0.94, 151.54)
(1.92, 150.73)
(1.04, 151.18)
(3.16, 155.31)
(5.99, 160.69)
(7.03, 163.43)
(6.25, 164.73)
(8.91, 167.23)
(8.38, 168.02)
(6.00, 167.30)
(5.55, 165.79)
(5.47, 165.19)
(3.34, 163.93)
(2.93, 162.78)
(2.73, 159.64)
(0.61, 157.74)
(-0.55, 157.75)
(0.32, 158.65)
(-1.38, 157.98)
(-2.80, 156.89)
(-1.15, 155.80)
(-1.80, 156.53)
(-3.77, 157.60)
(-3.47, 157.66)
(-4.21, 157.27)
(-5.24, 154.21)
(-9.65, 159.60)
(6710.24, -42653.47)
(19.88, 132.27)
(-0.27, 158.15)
(1.46, 173.02)
(6876.09, -43942.27)
(6767.23, -43243.24)
(3.08, 23.05)
(-13.96, 169.98)
(-17.80, 193.62)
(-12.67, 173.64)
(-7.47, 163.33)
(0.10, 158.03)
(0.47, 159.75)
(-4.89, 161.93)
(-10.84, 165.06)
(-11.97, 169.68)
(-15.98, 121.96)
(-18.42, 87.42)
(-18.48, 79.91)
(-17.55, 81.68)
(-6.72, 140.58)
(-1.22, 144.17)
(-1.48, 142.19)
(-74.40, -158.84)
(-11.24, 131.73)
(-18.32, 151.47)
(-23.11, 156.08)
(-25.62, 153.70)
(-70.61, -101.19)
(-70.67, -99.94)
(-83.15, -144.59)
(-37.50, 138.48)
(-36.05, 135.72)
(-35.63, 142.63)
(-34.05, 143.30)
(-36.22, 140.95)
(-37.49, 138.43)
(-38.09, 136.42)
(-40.68, 133.98)
(-12.23, 141.28)
(-0.38, 145.34)
(0.32, 145.09)
(0.00, 144.84)
(2.39, 144.31)
(3.05, 143.56)
(-0.46, 140.94)
(-59.84, -108.78)
(-70.73, -105.37)
(-71.16, -109.30)
(-32.48, 241.35)
(-24.92, 213.66)
(-26.06, 208.86)
(-26.25, 207.87)
(-24.33, 204.20)
(-25.97, 200.99)
(-28.31, 197.45)
(-27.96, 195.08)
(-27.85, 193.51)
(-41.44, -122.00)
(-35.38, 145.80)
(-35.35, 168.61)
(-31.20, 162.13)
(2.33, 163.58)
(15.51, 162.71)
(18.88, 161.89)
(19.01, 161.02)
(17.31, 158.68)
(16.69, 158.13)
(17.80, 156.87)
(12.19, 158.37)
(12.22, 157.35)
(32.35, 153.43)
(-30.89, 159.98)
(-14.29, 164.30)
(-8.56, 150.55)
(-8.37, 151.28)
(1.34, 148.02)
(-1.47, 157.11)
(-5.92, 158.00)
(0.49, 157.30)
(-6.90, 148.29)
(-34.82, -74.64)
(-93.20, -154.87)
(-96.38, -158.61)
(2.78, 186.74)
(-5.25, 164.27)
(-7.56, 161.64)
(-1.69, 169.55)
(-4.21, 156.94)
(1.27, 143.08)
(-2.52, 140.15)
(18.12, 142.28)
(11.93, 124.80)
(8.78, 148.76)
(26.32, 137.11)
(10.98, 131.29)
(8.87, 85.52)
(5.00, 170.39)
(2.47, 166.11)
(1.17, 137.41)
(-7.54, 122.89)
(-13.55, 82.21)
(1.40, 48.92)
(24.63, 60.43)
(15.08, 78.04)
(2.90, 95.21)
(-3.21, 109.25)
(-15.53, 126.89)
(-17.66, 159.20)
(0.18, 79.27)
(-3.00, 91.13)
(-15.24, 177.54)
(-21.14, 157.60)
(-16.44, 94.78)
(-20.41, -170.35)
(-3.82, 120.69)
(16.53, 142.99)
(21.01, 132.93)
(12.59, 169.14)
(17.15, 169.74)
(17.46, 161.85)
(22.26, 147.02)
(11.33, 173.38)
(9.46, 178.16)
(7.09, 180.77)
(6.39, 186.34)
(6.45, 206.02)
(5.32, 218.53)
(-0.94, 224.43)
(-1.06, 231.76)
(4.01, 178.82)
(20.86, 125.77)
(22.32, 120.51)
(13.01, 179.48)
(3.39, 200.71)
(47532.74, -319286.00)
(27062.84, -182691.30)
(31422.15, -214536.20)
(428.50, 91.42)
(371.06, 101.59)
(314.94, 106.81)
(285.99, 114.83)
(16359.22, -109485.60)
(17581.53, -119339.40)
(19217.03, -130550.20)
(112.88, 66.59)
(381.24, 21.79)
(313.39, 88.67)
(280.94, 131.82)
(245.43, 123.29)
(14694.49, -95388.77)
(18310.14, -118902.60)
(267.66, 59.14)
(314.73, 52.42)
(312.29, 74.04)
(280.23, 117.50)
(260.26, 161.78)
(245.99, 171.01)
(422.18, -67.42)
(481.93, -90.99)
(293.79, -54.70)
(-0.66, 112.80)
(28935.09, -176639.00)
(20533.64, -127193.00)
(265.19, 132.12)
(380.88, 67.92)
(312.95, 91.92)
(302.78, 96.66)
(302.58, 119.78)
(312.06, 125.88)
(12104.45, -81531.59)
(24981.95, -163162.40)
(456.84, 59.86)
(395.01, 92.52)
(249.15, 88.48)
(163.67, 138.79)
(259.43, 137.39)
(19512.00, -125742.60)
(19309.80, -124046.00)
(453.69, 76.11)
(302.68, 101.40)
(158.99, 124.08)
(19830.52, -125829.50)
(20409.18, -129248.10)
(30.39, 202.42)
(-10.41, 158.10)
(-4.64, 145.68)
(-2.38, 149.04)
(2.11, 143.23)
(1.54, 141.61)
(29755.14, -197490.90)
(26481.88, -177822.40)
(32093.15, -214171.80)
(31.98, 189.06)
(297.29, -18.09)
(274.84, 32.84)
(5.66, 161.45)
(-15.12, 179.74)
(-7.82, 215.03)
(-7.67, 220.51)
(-6.97, 212.06)
(26418.20, -175105.00)
(25093.50, -166181.60)
(89.77, 204.35)
(46.01, 174.85)
(51.29, 188.87)
(46.54, 233.50)
(45.21, 220.15)
(22010.77, -146478.10)
(25411.95, -169703.20)
(94.19, 173.54)
(68.22, 143.52)
(-104.15, 134.42)
(-389.58, 109.95)
(-416.51, 173.26)
(15743.20, -104374.60)
(17770.88, -117459.30)
(88.88, 80.70)
(362.43, -35.86)
(326.99, -10.96)
(289.00, 38.10)
(287.36, 35.75)
(290.40, 38.90)
(15932.57, -104263.30)
(13408.64, -88870.05)
(-255.48, 102.66)
(-404.66, 141.58)
(-38.74, 176.81)
(11263.54, -74027.41)
(33.88, 151.26)
(513.45, -31.78)
(298.86, 27.53)
(367.74, 43.95)
(267.15, 75.04)
(162.06, 93.75)
(141.12, 103.94)
(142.11, 105.59)
(10904.48, -70667.33)
(12450.55, -80283.20)
(-159.29, 197.56)
(-165.13, 206.02)
(-45.40, 161.90)
(44.55, 122.10)
(32.21, 164.50)
(25.56, 175.16)
(13.81, 164.31)
(6.15, 158.15)
(2.47, 160.34)
(15243.37, -100908.10)
(15111.12, -101210.20)
(10804.27, -73561.98)
(-12.95, 184.80)
(-28.58, 144.71)
(8504.92, -58101.25)
(9743.29, -65321.40)
(8819.76, -58834.83)
(349.31, -46.38)
(394.19, -71.23)
(341.64, 15.29)
(60.46, 147.97)
(249.67, 11.79)
(234.16, 22.76)
(252.95, -18.30)
(-20005.10, 104807.80)
(-25241.99, 130545.80)
(6.09, 64.10)
(-26853.94, 142155.50)
(-34635.98, 187017.60)
(19.31, 149.26)
(18.08, 118.81)
(1.46, 101.48)
(-10.53, 105.90)
(-3.11, 167.53)
(33862.77, -197891.30)
(22515.96, -134540.70)
(21136.05, -125498.80)
(481.18, -10.39)
(-13.01, 155.80)
(-8.32, 160.94)
(-5.22, 168.89)
(-0.16, 157.44)
(-3.04, 159.07)
(15435.37, -90847.70)
(15689.06, -92928.98)
(428.82, -41.77)
(456.63, 4.70)
(389.93, 43.48)
(338.43, 84.32)
(154.98, 85.60)
(252.48, 93.47)
(282.49, 90.81)
(282.82, 70.98)
(60.94, 74.64)
(33.52, 158.48)
(9759.40, -70763.88)
(13001.68, -97187.51)
(473.89, -26.81)
(276.00, 56.41)
(179.75, 80.71)
(174.85, 88.38)
(177.23, 83.49)
(173.40, 80.66)
(181.69, 90.20)
(202.08, 121.11)
(196.87, 122.60)
(278.11, -37.66)
(340.65, -41.21)
(50267.84, -356772.50)
(40697.54, -291453.90)
(5.24, 86.36)
(89172.70, -632492.40)
(33.17, 146.57)
(95.78, 235.35)
(81.68, 193.78)
(11.92, 148.94)
(-0.54, 163.61)
(-0.28, 168.72)
(-3.83, 169.54)
(-3.25, 147.76)
(-11.96, 147.64)
(-12.20, 149.44)
(-2.47, 136.24)
(-53428.11, 366695.60)
(142.98, 167.36)
(413.70, 47.71)
(472.21, 52.64)
(206.65, 84.60)
(169.26, 113.67)
(163.35, 116.61)
(158.26, 115.16)
(154.80, 119.86)
(154.63, 125.07)
(153.68, 125.80)
(174.27, 129.34)
(266.80, 111.97)
(123.58, 134.18)
(164.32, 109.12)
(111.48, 138.03)
(23.99, 148.83)
(10.81, 161.89)
(9.75, 146.69)
(11.92, 139.89)
(12.94, 139.76)
(13.27, 140.24)
(10.05, 146.44)
(12.35, 151.17)
(11.47, 141.89)
(4.78, 141.88)
(7.12, 143.70)
(6.69, 142.97)
(2.02, 143.08)
(1.93, 143.46)
(3.05, 148.08)
(1.99, 149.50)
(1.31, 154.79)
(1.95, 154.43)
(-0.54, 156.55)
(0.46, 164.76)
(3.57, 169.12)
(2.31, 176.79)
(2.08, 177.30)
(3.06, 177.45)
(2.21, 175.58)
(0.54, 175.13)
(0.66, 175.23)
(0.54, 173.37)
(-0.53, 171.70)
(-0.55, 168.99)
(-0.94, 166.66)
(-2.88, 164.93)
(-4.66, 165.37)
(-3.37, 166.15)
(-3.86, 166.23)
(-4.57, 166.92)
(-4.00, 169.10)
(-4.04, 170.20)
(-4.63, 170.15)
(-5.16, 170.62)
(24.80, 138.62)
(30.81, 111.27)
(25.21, 197.07)
(21.41, 185.63)
(16.92, 192.82)
(17.53, 183.41)
(16.10, 185.21)
(17.16, 159.20)
(11.65, 144.93)
(7.56, 166.52)
(8.62, 167.31)
(7.30, 172.55)
(17.31, 190.11)
(17.22, 185.54)
(17.75, 193.71)
(19.23, 204.23)
(12.42, 213.01)
(2.83, 219.76)
(-37946.83, 273642.20)
(27.03, 233.30)
(17.31, 271.59)
(-42887.50, 312573.80)
(136651.00, -1017155.00)
(54.29, 197.43)
(41.93, 176.76)
(20.98, 202.88)
(2.57, 192.15)
(-4.09, 141.45)
(-3.87, 130.38)
(-4.01, 158.00)
(-2.47, 158.94)
(-10.45, 164.59)
(50.99, 170.16)
(-102622.70, 774548.10)
(40.36, 182.81)
(-0.26, 167.88)
(-12.54, 185.73)
(-6.69, 176.11)
(-5.46, 152.03)
(-4.74, 169.83)
(0.46, 168.43)
(3.49, 166.61)
(2.49, 180.45)
(-4.48, 201.73)
(-4.85, 218.98)
(-2.94, 220.58)
(-3.79, 228.34)
(-7.46, 250.72)
(-6.31, 250.13)
(-4.73, 247.15)
(-6.21, 221.05)
(6.86, 228.41)
(7.53, 267.24)
(18.19, 296.31)
(20.60, 301.02)
(20.41, 303.40)
(15.72, 296.70)
(9.52, 255.92)
(9.48, 247.11)
(8.86, 241.10)
(5.36, 254.77)
(5.57, 270.04)
(9.75, 240.02)
(9.57, 234.27)
(23.53, 285.34)
(19.31, 318.25)
(64.40, 259.08)
(39.01, 188.46)
(25.67, 191.23)
(12.49, 214.01)
(8.56, 216.21)
(7.99, 213.65)
(6.50, 215.21)
(2.60, 213.65)
(1.08, 213.83)
(2.34, 193.57)
(-0.08, 195.41)
(-2.36, 201.56)
(-0.79, 202.25)
(-2.49, 194.87)
(-6.12, 192.43)
(-7.80, 197.81)
(-8.02, 188.58)
(-5.60, 181.70)
(-8.33, 191.19)
(-6.35, 192.73)
(-2.62, 186.90)
(13.33, 191.28)
(9.81, 217.53)
(4.96, 228.95)
(5.27, 230.89)
(6.63, 232.23)
(3.81, 226.59)
(1.82, 224.72)
(4.09, 224.84)
(5.43, 220.90)
(0.04, 276.74)
(0.23, 289.55)
(1.35, 292.82)
(4.67, 252.45)
(13.03, 203.73)
(10.56, 194.93)
(3.59, 192.67)
(-2.78, 191.99)
(-2.83, 190.87)
(-1.86, 191.07)
(-4.23, 190.52)
(-3.95, 189.07)
(0.16, 177.83)
(1.93, 173.58)
(1.52, 172.12)
(0.69, 181.08)
(2.29, 182.87)
(-21041.81, 156273.60)
(28.78, 187.09)
(22.74, 168.47)
(11.73, 131.77)
(10.78, 145.82)
(7.18, 157.30)
(4.52, 163.32)
(0.67, 163.90)
(0.81, 164.15)
(2.25, 162.77)
(0.46, 158.09)
(-2.58, 168.23)
(-0.59, 194.98)
(6.43, 204.48)
(7.17, 210.21)
(11.11, 209.09)
(15.87, 211.84)
(5.78, 259.08)
(-3.16, 269.63)
(-4.25, 265.88)
(-5.82, 254.61)
(-6.77, 252.06)
(-4.54, 229.69)
(-2.69, 188.12)
(-1.93, 174.78)
(0.86, 174.76)
(1.56, 184.27)
(0.04, 186.17)
(0.48, 190.96)
(0.89, 190.99)
(-0.60, 188.69)
(-1.44, 190.79)
(1.52, 190.31)
(24.38, 183.90)
(26.78, 197.71)
(28.42, 198.35)
(13.06, 195.34)
(8.30, 188.01)
(7.23, 182.14)
(5.79, 181.29)
(3.55, 177.04)
(3.12, 171.87)
(3.80, 167.57)
(4.61, 166.06)
(5.81, 174.45)
(6.00, 189.88)
(4.95, 195.51)
(5.81, 195.17)
(9.68, 206.07)
(4.00, 220.33)
(0.79, 204.58)
(3.01, 210.70)
(3.64, 197.70)
(3.45, 188.73)
(3.67, 195.37)
(3.04, 195.28)
(2.16, 195.49)
(0.13, 191.36)
(5.80, 185.41)
(6.15, 176.70)
(5.40, 175.87)
(7.06, 176.17)
(5.26, 175.75)
(1.23, 175.71)
(2.26, 175.57)
(2.27, 174.91)
(0.52, 173.77)
(3.21, 173.78)
(-54.59, 173.07)
(-61.18, 169.79)
(-63.99, 168.75)
(-53051.34, 391931.50)
(28.20, 194.77)
(-45286.46, 328659.40)
(-42749.94, 311268.80)
(18.93, 183.08)
(33.67, 167.78)
(32.54, 147.03)
(4.57, 138.68)
(-8.70, 140.37)
(-11.11, 134.90)
(-6.82, 170.50)
(8.18, 215.97)
(15.01, 222.98)
(17.08, 225.39)
(13.28, 227.96)
(13.97, 227.54)
(14.42, 213.93)
(12.65, 210.79)
(11.83, 200.14)
(11.74, 184.85)
(10.27, 182.33)
(7.80, 180.09)
(7.07, 178.35)
(6.96, 178.73)
(7.90, 172.74)
(7.51, 158.44)
(10.33, 145.05)
(7.56, 175.04)
(4.70, 186.04)
(5.72, 193.88)
(0.16, 185.27)
(1.20, 177.32)
(14.79, 178.64)
(24.28, 175.86)
(12.49, 177.87)
(4.62, 177.69)
(4.53, 176.45)
(3.53, 173.64)
(1.61, 173.14)
(2.65, 172.41)
(-1.03, 172.11)
(-5.54, 174.18)
(-6.82, 167.94)
(-9.46, 167.29)
(-10.63, 170.30)
(-10.67, 173.33)
(-9.01, 175.79)
(-9.24, 177.52)
(-8.71, 179.17)
(-5.76, 176.72)
(27.55, 210.47)
(31.86, 219.35)
(33.55, 230.52)
(34.99, 228.79)
(35.24, 223.12)
(37.79, 220.34)
(37.23, 218.85)
(39.07, 217.35)
(36.76, 214.01)
(39.25, 210.42)
(35.71, 208.38)
(38.19, 205.24)
(34.81, 207.52)
(25.45, 182.63)
(19.02, 172.40)
(20.22, 169.48)
(17.45, 166.51)
(4.73, 167.21)
(5.47, 173.69)
(-59150.08, 430074.00)
(21.11, 204.37)
(28.91, 201.87)
(25.50, 186.39)
(13.62, 157.49)
(6.39, 184.19)
(4.77, 193.93)
(4.52, 198.90)
(4.99, 200.13)
(11.99, 202.89)
(14.40, 203.25)
(10.64, 203.37)
(8.42, 205.46)
(5.87, 207.00)
(0.39, 206.80)
(3.87, 207.42)
(11.67, 210.18)
(11.60, 209.50)
(-2.33, 204.87)
(-6.67, 201.91)
(-10.46, 199.55)
(-11.64, 197.10)
(-0.51, 182.48)
(8.08, 179.00)
(14.01, 179.01)
(17.54, 178.52)
(16.79, 176.24)
(-89892.33, 675470.70)
(29.04, 203.36)
(16.82, 201.12)
(5.39, 205.52)
(8.56, 187.83)
(-5.76, 181.57)
(-12.43, 181.33)
(-12.31, 181.41)
(-11.12, 179.95)
(-13.33, 179.57)
(-4.39, 183.85)
(9.65, 187.01)
(10.85, 187.95)
(11.51, 190.08)
(13.21, 196.58)
(13.14, 201.39)
(14.40, 208.11)
(16.40, 210.39)
(16.46, 210.85)
(16.61, 211.07)
(16.15, 211.21)
(6.38, 207.08)
(2.22, 183.55)
(2.60, 182.64)
(2.54, 181.37)
(0.22, 180.70)
(-0.64, 181.29)
(-0.38, 181.05)
(1.47, 178.74)
(5.85, 178.87)
(30.14, 185.98)
(31.69, 188.80)
(29.10, 188.41)
(30.33, 185.44)
(29.88, 185.68)
(27.23, 182.15)
(27.78, 178.81)
(28.08, 177.82)
(47.61, 234.60)
(39.29, 221.23)
(26.40, 201.89)
(14.82, 196.10)
(7.15, 189.41)
(5.96, 187.70)
(4.52, 186.09)
(14.42, 173.18)
(29.45, 164.95)
(-108627.00, 800318.90)
(-88435.62, 654104.50)
(-73795.39, 544174.50)
(25.62, 131.37)
(2.37, 110.51)
(8.80, 107.36)
(8.05, 130.40)
(15.95, 134.69)
(-63668.24, 473393.20)
(-66182.18, 492294.70)
(-112686.30, 836414.10)
(-164673.60, 1221903.00)
(104.91, 944.39)
(-83.31, 179.24)
(-103.13, 143.13)
(-100.44, 138.65)
(-5.08, 142.18)
(16.62, 116.19)
(20.75, 113.93)
(-6.19, 159.82)
(-4.81, 152.36)
(-10.06, 162.80)
(-15.39, 162.67)
(-14.89, 160.95)
(-5.03, 212.76)
(2.88, 203.21)
(9.98, 210.49)
(13.10, 212.60)
(10.67, 179.90)
(11.32, 179.48)
(12.96, 179.64)
(11.62, 180.67)
(11.24, 181.27)
(15.14, 180.35)
(15.56, 178.43)
(13.16, 174.46)
(14.42, 171.56)
(14.70, 175.51)
(13.31, 201.08)
(15.24, 204.76)
(16.09, 204.74)
(12.64, 198.79)
(13.41, 194.16)
(13.81, 189.83)
(13.65, 186.79)
(13.20, 187.35)
(14.27, 188.82)
(14.40, 189.14)
(14.26, 189.98)
(14.47, 188.17)
(15.35, 182.69)
(16.84, 173.18)
(18.34, 168.89)
(19.32, 167.39)
(18.62, 164.93)
(18.25, 161.08)
(18.76, 159.14)
(18.70, 158.46)
(22.03, 158.43)
(28.54, 160.15)
(28.69, 163.43)
(28.71, 165.43)
(29.56, 166.02)
(27.04, 168.24)
(23.48, 215.83)
(28.17, 196.83)
(23.94, 204.22)
(17.68, 220.33)
(16.37, 221.65)
(13.61, 220.54)
(12.32, 204.01)
(19.66, 169.00)
(28.97, 147.28)
(27.71, 143.85)
(25.92, 142.56)
(26.33, 142.62)
(22.38, 142.11)
(-10.40, -9.33)
(-5.33, 94.90)
(-39.91, 177.83)
(-42.87, 173.80)
(-31.83, 174.59)
(-43.76, 183.90)
(-32.94, 148.86)
(-26.96, 147.81)
(-25.10, 148.50)
(-26.46, 143.59)
(-24.64, 141.16)
(-23.36, 152.72)
(-14.95, 138.22)
(-0.80, 122.53)
(2.25, 123.89)
(6.16, 114.31)
(11.67, 109.83)
(11.31, 109.65)
(5.99, 113.29)
(-0.77, 121.87)
(10.41, 122.12)
(13.30, 157.56)
(13.38, 165.20)
(10.45, 166.15)
(9.65, 167.04)
(2.80, 168.71)
(-13.83, 169.15)
(-13.59, 172.29)
(-1.52, 179.93)
(-0.46, 180.43)
(-0.52, 181.36)
(-1.11, 183.10)
(-0.35, 183.36)
(0.37, 184.13)
(-0.43, 184.02)
(0.52, 183.76)
(-1.20, 184.94)
(-3.50, 184.04)
(-3.27, 181.09)
(-4.57, 179.81)
(-6.41, 178.21)
(-5.75, 175.28)
(-4.92, 171.70)
(-7.47, 168.03)
(-9.44, 165.56)
(-9.50, 164.25)
(-11.79, 164.08)
(-12.05, 164.14)
(-10.47, 166.03)
(-11.04, 167.25)
(-10.10, 188.76)
(-12.33, 186.52)
(-17.68, 187.80)
(-23.66, 166.98)
(-22.34, 161.13)
(-21.76, 160.10)
(-23.72, 162.85)
(-22.08, 169.93)
(-22.02, 174.65)
(-22.53, 175.28)
(-24.23, 174.30)
(-22.07, 171.56)
(-14.62, 168.80)
(-9.11, 166.89)
(-3.22, 166.62)
(-0.25, 167.71)
(-2.44, 168.11)
(-3.92, 168.56)
(-3.91, 171.24)
(-4.49, 171.60)
(-7.81, 173.65)
(-3.25, 176.55)
(22.94, 158.94)
(16.19, 179.73)
(13.23, 177.30)
(47832.79, -353651.30)
(17.85, 176.05)
(-7.18, 182.53)
(0.47, 174.08)
(-1.57, 176.96)
(-5.52, 177.38)
(-6.83, 175.90)
(-9.52, 170.11)
(-9.91, 166.87)
(-9.11, 162.78)
(-14.05, 165.69)
(-15.59, 169.32)
(-27.53, 184.34)
(-9.67, 174.26)
(9.49, 161.68)
(21.64, 159.76)
(24.30, 165.35)
(23.31, 171.97)
(26.44, 177.48)
(21.04, 173.34)
(12.99, 161.06)
(8.72, 155.91)
(12.66, 154.55)
(13.84, 152.60)
(8.49, 150.73)
(4.12, 152.83)
(0.10, 154.08)
(1.11, 154.73)
(3.02, 156.57)
(2.30, 156.93)
(1.12, 155.94)
(2.51, 155.61)
(3.49, 155.10)
(0.85, 154.97)
(0.53, 156.13)
(1.45, 159.46)
(13859.10, -106485.00)
(-0.95, 189.16)
(1.42, 160.24)
(10.69, 162.50)
(10.88, 173.83)
(-3.88, 177.04)
(-8.48, 157.06)
(-8.27, 148.15)
(-0.76, 137.12)
(-0.20, 136.06)
(27.99, 132.41)
(39.92, 131.04)
(19.18, 126.17)
(9.02, 122.46)
(7.28, 122.00)
(3.94, 112.82)
(3.38, 103.25)
(4.29, 99.31)
(6.20, 97.93)
(7.29, 96.76)
(9.03, 94.43)
(270.44, 123.47)
(274.21, 112.49)
(287.25, 174.76)
(285.99, 165.92)
(-15.51, 146.60)
(-16.89, 137.95)
(-14.76, 139.43)
(-16.02, 141.55)
(-10.51, 149.98)
(-1.97, 157.02)
(1.43, 159.94)
(1.23, 160.55)
(2.11, 160.30)
(3.08, 158.21)
(15297.58, -118881.70)
(10.88, 186.45)
(10.15, 174.20)
(15029.68, -116762.80)
(-25.13, 172.26)
(-20.42, 163.39)
(-22.37, 160.75)
(-23.15, 163.67)
(-18.28, 164.91)
(2.35, 165.56)
(4.24, 165.32)
(5.21, 167.05)
(-102.44, 149.69)
(-109.42, 147.06)
(-112.15, 146.67)
(-22.77, 151.04)
(-10.30, 152.17)
(-9.70, 151.16)
(-6.82, 151.46)
(-3.04, 152.58)
(-4.27, 152.98)
(-5.78, 155.27)
(-3.16, 158.09)
(-1.86, 161.16)
(-2.18, 161.99)
(-0.76, 161.83)
(-0.99, 161.75)
(-3.62, 160.35)
(-3.93, 158.65)
(-3.80, 158.66)
(-4.88, 157.18)
(-1.87, 158.04)
(2.27, 159.80)
(1.31, 162.93)
(13060.09, -100675.10)
(-6.90, 175.70)
(-45.82, 186.95)
(-26.39, 183.79)
(-16.54, 173.60)
(-17.30, 170.99)
(-18.89, 171.62)
(-18.27, 171.08)
(-16.45, 170.85)
(-15.74, 170.87)
(10.42, 166.64)
(18.60, 162.64)
(18.54, 162.26)
(19.98, 163.22)
(96.01, 110.14)
(35.58, 112.02)
(32.26, 112.27)
(24.63, 124.70)
(8.33, 143.04)
(2.51, 146.18)
(3.40, 146.54)
(2.41, 146.76)
(0.01, 146.21)
(1.12, 145.35)
(2.37, 144.22)
(35.31, 149.76)
(10.55, 178.97)
(24.18, 166.25)
(9.17, 164.55)
(1.03, 161.76)
(-3.55, 160.14)
(-4.95, 158.98)
(-4.39, 158.71)
(-2.47, 155.42)
(-2.82, 154.24)
(15721.97, -122327.00)
(5.17, 159.50)
(-14.64, 160.93)
(-17.71, 173.26)
(-16.24, 152.61)
(-15.90, 154.40)
(-15.53, 153.92)
(-9.68, 162.02)
(13.97, 160.97)
(12.82, 147.42)
(-34.06, -19.69)
(-42.59, -25.81)
(-40.03, -32.92)
(-36.72, 177.04)
(-26.59, 179.14)
(-26.85, 182.80)
(-26.11, 184.85)
(-17.91, 182.08)
(-3.30, 174.69)
(-1.75, 169.83)
(1.38, 167.82)
(3.37, 166.25)
(3.88, 164.58)
(4.17, 163.40)
(6.64, 161.93)
(6.60, 161.29)
(5.30, 161.32)
(5.06, 160.96)
(5.14, 161.27)
(3.38, 160.95)
(2.56, 162.13)
(4.03, 162.31)
(2.54, 164.54)
(1.48, 164.64)
(2.35, 163.49)
(0.55, 163.06)
(-1.37, 161.97)
(-1.00, 161.06)
(-2.13, 161.32)
(-4.49, 160.40)
(-3.30, 160.73)
(-3.43, 159.01)
(-5.61, 157.72)
(-6.56, 157.92)
(-4.12, 160.38)
(-3.46, 165.03)
(-3.53, 168.87)
(-2.10, 170.77)
(-3.12, 171.93)
(-6.66, 169.97)
(-5.44, 167.06)
(-3.86, 162.82)
(-4.11, 163.43)
(-2.29, 163.75)
(-2.12, 165.10)
(-2.94, 166.03)
(-111.43, -143.58)
(-113.85, -142.84)
(-115.70, -141.86)
(-118.37, -138.12)
(-81.85, -57.69)
(14.36, 150.25)
(11.35, 149.90)
(11.50, 152.18)
(12.01, 154.05)
(-126.23, -257.28)
(-99.58, -267.34)
(13800.85, -106024.30)
(-42.83, 27.84)
(-17.42, 97.98)
(10.51, 83.52)
(2.97, 85.06)
(-14.49, 88.68)
(-17.18, 89.56)
(-16.73, 87.74)
(-11.47, 143.18)
(-9.23, 147.73)
(-15.93, 155.55)
(-64.68, 81.96)
(-75.00, 87.13)
(-133.82, 83.04)
(-14.47, 131.15)
(-8.46, 126.17)
(-9.07, 122.68)
(-11.47, 121.22)
(-4.81, 172.64)
(2.20, 181.91)
(-1.17, 179.78)
(-1.67, 179.38)
(0.54, 181.37)
(-0.53, 179.82)
(-1.11, 178.34)
(0.05, 178.81)
(0.01, 179.26)
(-1.34, 179.92)
(0.80, 175.75)
(0.67, 170.37)
(-1.75, 178.85)
(-5.24, 165.36)
(-7.59, 159.33)
(-10.91, 157.45)
(14047.53, -108178.10)
(21.66, 167.63)
(-27.92, 158.42)
(-16.01, 172.78)
(-11.68, 172.19)
(-11.32, 174.97)
(-12.23, 177.16)
(-9.33, 176.21)
(-9.03, 169.59)
(18.59, 168.70)
(-53.57, 197.44)
(-18.30, 171.13)
(-10.88, 174.09)
(-11.48, 174.13)
(-12.02, 164.66)
(-14.91, 161.57)
(-15.06, 162.45)
(-11.49, 165.38)
(-8.98, 165.61)
(-12.69, 50.36)
(23.22, -11.74)
(34.33, -93.67)
(47.48, -130.12)
(48.33, -127.76)
(24.94, 146.98)
(18.20, 158.53)
(12.50, 159.43)
(6.75, 159.02)
(4.56, 160.30)
(3.93, 153.62)
(262.77, 5.48)
(44.51, 138.26)
(28.24, 148.15)
(26.32, 152.88)
(27.13, 154.94)
(13474.95, -105412.80)
(8.58, 180.84)
(-19.33, 122.14)
(-81.83, 195.57)
(-62.48, 193.54)
(3.56, 145.49)
(-46.38, 169.46)
(-9.03, 157.01)
(5.46, 150.42)
(-40.02, 164.30)
(-28.07, 174.99)
(-13.80, 189.88)
(-14.71, 207.89)
(-17.13, 230.41)
(-17.74, 186.39)
(-16.73, 149.19)
(-26.81, 147.03)
(-34.82, 141.00)
(-43.19, 137.90)
(-36.94, 115.37)
(-38.80, 72.56)
(-38.62, 42.11)
(-41.15, 28.74)
(-50.69, 15.52)
(-65.15, 86.28)
(-39.23, 96.74)
(-18.81, 104.20)
(-11.67, 82.24)
(-8.78, 89.82)
(2.04, 115.71)
(13.77, 123.92)
(-3.42, 117.96)
(-34.11, 129.45)
(-49.74, 151.65)
(-58.83, 169.30)
(34.54, 161.66)
(42.84, 152.74)
(20.94, 153.56)
(13.07, 150.22)
(2.48, 157.43)
(4.05, 164.68)
(11.91, 150.22)
(17.48, 163.40)
(-7.90, 174.46)
(-55.66, 133.08)
(-77.31, 143.51)
(-62.59, 142.01)
(-5.69, 166.78)
(25.70, 151.93)
(47.00, 149.73)
(255.33, -51.88)
(21.29, 135.95)
(17.76, 124.03)
(14.88, 122.78)
(11.88, 127.43)
(4.64, 158.55)
(0.85, 161.61)
(-0.91, 165.31)
(-1.96, 163.82)
(-3.74, 160.77)
(26.18, 163.66)
(34.00, 165.42)
(34.04, 164.86)
(22.18, 161.21)
(15.12, 159.14)
(11.28, 159.98)
(11.08, 160.93)
(10.51, 161.45)
(1.09, 155.73)
(-6.73, 155.24)
(-13.18, 173.25)
(13.05, 223.77)
(18.26, 200.31)
(8.81, 194.53)
(-9.09, 188.53)
(-9.90, 185.26)
(-6.52, 182.68)
(-4.20, 176.52)
(-4.87, 172.87)
(-5.83, 171.97)
(-6.07, 170.20)
(-8.66, 166.48)
(-11.29, 165.63)
(-21.34, 155.48)
(-35.71, 140.92)
(-43.94, 137.54)
(-42.94, 134.49)
(-51.05, 131.80)
(-25.58, 131.03)
(9.64, 129.08)
(42.82, 135.17)
(41.80, 156.51)
(-24.76, 171.77)
(21.59, 174.49)
(30.23, 186.38)
(13.25, 176.49)
(-12.10, 161.41)
(-15.37, 159.24)
(-15.41, 158.12)
(-18.01, 157.52)
(-10.14, 153.89)
(4.88, 164.04)
(-21.82, 197.24)
(-15.20, 190.32)
(-14.07, 191.64)
(-12.11, 191.65)
(-9.88, 191.60)
(-5.33, 185.77)
(-3.71, 181.98)
(-3.69, 178.08)
(-6.82, 209.96)
(-18.41, 187.54)
(-7.05, 180.07)
(-7.31, 185.49)
(-6.67, 186.81)
(-5.78, 173.22)
(-5.74, 161.65)
(61.68, 134.38)
(71.24, 132.85)
(73.05, 137.72)
(73.15, 143.23)
(74.68, 144.58)
(75.57, 147.23)
(77.16, 145.62)
(80.22, 144.74)
(-3350.88, 11834.33)
(14.03, 183.62)
(6.75, 157.89)
(2.47, 152.59)
(1.48, 154.06)
(2.55, 162.64)
(1.46, 163.41)
(0.75, 161.12)
(-2.61, 159.59)
(-1.44, 157.30)
(6.35, 155.53)
(73.75, 128.95)
(88.00, 110.37)
(88.98, 108.36)
(87.84, 109.23)
(86.40, 110.79)
(86.53, 116.46)
(74.43, 129.58)
(17.56, 170.75)
(13.72, 173.17)
(11.39, 173.87)
(8.00, 187.41)
(8.32, 181.86)
(10.54, 176.25)
(74.75, 130.61)
(86.19, 116.51)
(88.65, 113.29)
(88.19, 110.83)
(27.24, 151.17)
(19.47, 157.84)
(16.50, 162.80)
(74.77, 158.10)
(88.26, 142.65)
(88.84, 139.10)
(87.94, 144.59)
(-3465.52, 12127.79)
(16.13, 176.24)
(3.59, 137.18)
(5.23, 134.07)
(29.21, 140.02)
(76.31, 107.34)
(71.34, 107.64)
(66.52, 105.05)
(64.17, 117.65)
(62.24, 117.15)
(62.26, 105.41)
(61.11, 115.90)
(60.83, 156.31)
(64.26, 162.10)
(69.37, 145.81)
(69.22, 142.55)
(66.68, 128.12)
(69.64, 129.92)
(65.67, 127.04)
(69.82, 146.64)
(58.05, 72.63)
(52.41, -47.77)
(52.14, -51.76)
(56.76, 10.22)
(9.75, 3.93)
(4.40, 7.39)
(-25.74, 49.89)
(-28.32, 29.17)
(-26.66, 28.53)
(-26.64, 27.72)
(-27.04, 35.31)
(-3582.10, 12079.33)
(-29.03, 120.07)
(-55.40, 122.18)
(-57.34, 130.17)
(-58.76, 134.29)
(-52.30, 150.66)
(-21.24, 154.21)
(-15.82, 151.10)
(71.75, 117.60)
(75.09, 67.80)
(74.31, 92.51)
(30.69, 137.49)
(5.47, 128.20)
(4.59, 127.58)
(1.83, 154.21)
(2.64, 169.32)
(-4.95, 196.26)
(-11.05, 180.68)
(-11.03, 188.40)
(-11.80, 197.12)
(-15.44, 196.38)
(-15.68, 195.46)
(-15.92, 193.66)
(-16.84, 187.13)
(-11.59, 188.60)
(-7.56, 188.74)
(-7.00, 187.38)
(-6.11, 185.22)
(-4.08, 184.48)
(-6.06, 184.24)
(-6.61, 185.69)
(-5.89, 186.64)
(-4.12, 186.98)
(-0.87, 182.58)
(3.07, 186.71)
(2.91, 187.91)
(2.49, 175.03)
(3.28, 171.69)
(-3780.84, 12502.58)
(0.76, 173.45)
(-5.60, 158.75)
(-4.52, 150.64)
(-4.26, 146.90)
(-3.82, 145.33)
(-3.43, 142.68)
(3.79, 118.27)
(-1.74, 121.87)
(-4.54, 127.82)
(-8.14, 132.61)
(-10.52, 133.96)
(-9.41, 135.61)
(-8.10, 134.48)
(-7.82, 132.17)
(-7.58, 130.94)
(-7.86, 150.79)
(-7.86, 159.29)
(-7.84, 123.79)
(-4.88, 109.44)
(-7.76, 109.25)
(-20.13, 142.57)
(-21.33, 148.11)
(-15.76, 161.85)
(13.89, 169.37)
(11.36, 167.30)
(5.57, 166.47)
(5.40, 166.40)
(7.54, 164.59)
(7.13, 162.51)
(4.95, 164.76)
(-3789.42, 12629.81)
(-3767.17, 12555.12)
(-8.73, 169.29)
(-23.82, 180.11)
(-22.24, 156.40)
(-24.04, 165.10)
(-29.48, 177.68)
(-21.30, 166.41)
(-15.93, 156.28)
(-18.29, 157.38)
(-18.35, 157.24)
(-17.13, 158.73)
(-6.11, 174.41)
(1.84, 178.15)
(6.11, 179.07)
(5.58, 179.30)
(2.90, 177.77)
(3.97, 177.26)
(3.96, 176.45)
(1.11, 176.65)
(1.01, 179.44)
(2.61, 179.69)
(0.71, 178.86)
(0.62, 176.00)
(1.64, 175.76)
(1.38, 174.34)
(1.29, 174.14)
(1.87, 174.59)
(1.62, 173.21)
(1.30, 180.95)
(1.52, 184.67)
(0.73, 183.88)
(-0.14, 185.15)
(0.64, 185.26)
(-1.39, 187.49)
(-3896.02, 12769.87)
(11.28, 193.24)
(7.06, 202.51)
(-0.82, 182.65)
(-3889.16, 12840.32)
(-3959.67, 13135.30)
(-4004.64, 13326.20)
(-1.64, 195.73)
(-26.49, 186.01)
(-39.35, 181.73)
(-43.36, 176.60)
(-37.75, 178.99)
(-33.65, 196.49)
(-45.24, 209.55)
(-38.09, -61.91)
(-42.85, -67.59)
(-11.84, 159.71)
(0.35, 154.31)
(2.32, 162.16)
(2.20, 172.73)
(2.34, 192.40)
(0.58, 200.00)
(1.15, 198.92)
(3.69, 189.72)
(4.24, 190.56)
(-1.85, 199.09)
(-2.94, 205.41)
(2.59, 186.89)
(5.85, 175.89)
(5.81, 177.54)
(5.63, 176.79)
(4.04, 175.28)
(6.21, 175.53)
(8.22, 174.99)
(8.05, 172.46)
(8.11, 173.10)
(7.45, 172.36)
(5.02, 169.15)
(3.08, 168.88)
(1.73, 170.89)
(-1.04, 171.73)
(-2.02, 176.21)
(-0.96, 175.24)
(-1.44, 173.69)
(-8.95, 173.53)
(-10.45, 174.03)
(-7.60, 175.92)
(0.12, 180.20)
(3.04, 182.50)
(3.56, 182.59)
(4.91, 183.30)
(4.66, 186.27)
(6.88, 188.49)
(7.50, 188.60)
(6.44, 189.23)
(5.24, 188.28)
(3.51, 187.95)
(3.10, 183.65)
(2.28, 179.85)
(1.37, 173.20)
(2.10, 170.86)
(3.36, 173.62)
(2.59, 178.18)
(1.31, 181.68)
(2.40, 184.35)
(2.15, 182.32)
(1.47, 181.77)
(4.49, 179.31)
(6.22, 175.71)
(1.09, 178.28)
(-3943.72, 12952.09)
(-3956.20, 13004.49)
(4.74, 196.47)
(5.35, 191.47)
(-12.12, 195.71)
(-15.77, 172.78)
(-10.22, 173.47)
(-8.18, 172.94)
(-7.79, 173.18)
(-9.47, 181.22)
(-7.31, 205.37)
(-6.56, 193.21)
(7.30, 179.98)
(3.96, 174.21)
(2.76, 176.72)
(4.21, 182.78)
(1.21, 184.47)
(-1.87, 185.23)
(-2.86, 186.12)
(-5.73, 183.53)
(-5.92, 182.53)
(-3.91, 182.71)
(-0.70, 180.59)
(-1.48, 170.59)
(3.76, 160.95)
(5.30, 160.94)
(0.06, 165.34)
(-1.48, 168.07)
(-1.49, 170.05)
(-4.75, 169.19)
(-6.94, 168.31)
(-6.80, 170.09)
(-4.95, 165.69)
(-0.99, 161.04)
(-4029.38, 13093.38)
(-4006.44, 13045.38)
(-4016.51, 13045.25)
(-19.02, 194.40)
(-35.42, 148.90)
(-15.47, 136.30)
(8.71, 154.57)
(10.91, 159.30)
(11.18, 157.54)
(10.99, 158.48)
(-1.01, 172.42)
(-8.57, 183.99)
(-7.96, 202.20)
(0.11, 215.98)
(1.04, 213.27)
(-0.24, 211.92)
(0.18, 209.97)
(0.25, 208.09)
(-0.36, 204.51)
(0.45, 201.00)
(5.46, 199.34)
(4.25, 199.86)
(-1.03, 200.86)
(-0.44, 200.32)
(-0.70, 199.29)
(-4.91, 199.47)
(-6.08, 200.23)
(-6.25, 198.21)
(-7.83, 193.97)
(-9.97, 188.66)
(-10.99, 191.02)
(-11.56, 193.70)
(-12.72, 214.69)
(-8.59, 201.36)
(-4255.93, 13932.10)
(-5.90, 198.45)
(-7.00, 183.92)
(-10.61, 174.52)
(-9.93, 173.73)
(-13.12, 180.21)
(-17.72, 176.69)
(-17.76, 162.08)
(-3908.60, 12739.00)
(-14.28, 183.20)
(-3.66, 157.58)
(-20.78, 125.50)
(-21.49, 122.68)
(-10.49, 127.65)
(-9.90, 132.45)
(-10.82, 140.82)
(-7.66, 187.91)
(-6.74, 195.65)
(-2.86, 196.75)
(1.31, 196.39)
(-1.39, 197.23)
(-2.11, 196.60)
(-0.92, 195.80)
(-3.23, 195.61)
(-2.58, 191.72)
(-2.27, 190.88)
(-7.95, 193.74)
(-9.91, 194.18)
(-8.11, 186.52)
(-12.47, 181.67)
(-11.79, 182.50)
(-4.82, 189.26)
(6.30, 209.57)
(6.77, 210.87)
(6.06, 204.00)
(-17.01, 188.29)
(-13.73, 185.66)
(-17.91, 204.53)
(-17.65, 203.44)
(-16.06, 191.74)
(-13.53, 184.77)
(-3802.17, 12598.09)
(-9.30, 174.10)
(-14.91, 198.79)
(-22.77, 185.51)
(-24.89, 189.87)
(-27.23, 197.84)
(-29.62, 199.03)
(-31.37, 198.35)
(-32.02, 195.46)
(-31.64, 194.78)
(-10.12, 195.47)
(5.08, 195.19)
(10.23, 197.81)
(12.82, 201.28)
(12.40, 203.70)
(12.77, 203.92)
(12.02, 202.80)
(11.94, 201.55)
(9.29, 196.55)
(7.71, 192.55)
(7.70, 190.71)
(5.41, 189.90)
(2.68, 189.19)
(0.77, 189.37)
(-3.94, 188.28)
(-6.27, 187.58)
(-1.62, 178.15)
(2.10, 214.73)
(-4.38, 216.46)
(-14.24, 168.26)
(-12.42, 174.23)
(-11.45, 182.88)
(-12.64, 195.77)
(-12.86, 197.46)
(-13.00, 201.75)
(-9.59, 205.44)
(-10.19, 203.52)
(-3854.68, 12644.62)
(11.75, 198.93)
(21.53, 183.38)
(19.83, 183.06)
(13.94, 146.90)
(-26.54, 135.13)
(-39.63, 142.06)
(-45.20, 151.25)
(202.79, 70.37)
(168.57, 76.46)
(-53.55, 197.24)
(-55.91, 200.69)
(-24.42, 180.27)
(-15.04, 172.06)
(-12.77, 171.33)
(-13.53, 170.93)
(-15.18, 171.06)
(-15.70, 171.66)
(-14.71, 173.80)
(-13.56, 175.49)
(-12.01, 177.29)
(-11.29, 179.88)
(-12.68, 181.15)
(-7.43, 183.41)
(0.37, 186.28)
(1.85, 187.74)
(1.57, 187.72)
(2.50, 187.54)
(5.45, 180.64)
(6.50, 171.93)
(4.57, 169.18)
(3.85, 170.50)
(4.72, 177.64)
(0.27, 197.01)
(-0.42, 194.51)
(4.20, 172.31)
(5.40, 166.69)
(2.48, 168.53)
(-8.45, 191.99)
(-9.16, 193.55)
(-12.67, 192.61)
(-14.95, 191.58)
(-14.06, 191.74)
(-9.33, 191.98)
(-6.52, 196.78)
(-3.25, 203.14)
(1.47, 205.94)
(0.14, 206.66)
(0.11, 206.32)
(1.22, 206.61)
(-0.82, 203.14)
(-4.75, 203.34)
(-4.22, 202.02)
(-3.23, 202.16)
(-4.78, 202.93)
(-5.15, 201.02)
(-5.25, 199.04)
(-5.19, 187.58)
(-5.91, 183.80)
(-7.58, 182.50)
(-8.98, 182.38)
(-11.90, 180.53)
(-11.23, 178.86)
(-9.62, 179.24)
(-9.74, 178.35)
(-10.81, 177.90)
(-4045.98, 13017.80)
(-4022.68, 12984.30)
(-4038.13, 13086.23)
(-3992.08, 12958.32)
(-3980.13, 12977.50)
(-3938.13, 12935.04)
(399.32, 965.54)
(-30.53, 171.70)
(-46.34, 155.55)
(-45.18, 152.16)
(-36.31, 150.58)
(-31.38, 160.97)
(-39.76, 178.92)
(-10.11, 137.36)
(-11.04, 136.18)
(-10.22, 130.11)
(-9.40, 121.26)
(-9.17, 115.78)
(-11.49, 121.61)
(-16.96, 139.71)
(-18.73, 139.78)
(-16.92, 137.62)
(-13.58, 132.35)
(-13.08, 125.56)
(-11.43, 132.08)
(-7.49, 136.86)
(-7.88, 137.73)
(-5.28, 137.56)
(0.50, 140.87)
(-0.31, 143.19)
(-2.67, 144.52)
(-4.98, 164.71)
(-6.57, 168.53)
(-7.60, 166.65)
(-7.79, 166.63)
(-6.56, 165.01)
(-7.36, 164.30)
(-8.12, 163.71)
(-8.38, 163.64)
(-9.31, 163.74)
(-8.58, 164.91)
(-6.44, 164.32)
(-8.56, 162.10)
(-10.89, 161.20)
(-11.18, 160.11)
(-14.85, 161.21)
(-16.80, 163.99)
(-16.01, 168.32)
(-17.64, 172.22)
(-20.46, 182.18)
(-19.01, 183.24)
(-18.97, 181.40)
(-13.34, 181.79)
(-4.42, 181.41)
(-0.02, 180.55)
(-0.65, 180.30)
(0.13, 179.89)
(0.15, 179.78)
(-26.79, 189.47)
(-31.46, 189.50)
(-31.51, 182.29)
(-33.60, 171.91)
(-32.30, 170.53)
(-28.00, 168.78)
(-31.01, 167.29)
(-32.81, 166.47)
(-30.81, 166.47)
(-29.77, 165.59)
(-32.67, 165.51)
(-33.63, 164.68)
(-32.64, 166.53)
(-3916.71, 12802.35)
(-3936.55, 12820.79)
(-3971.12, 12896.96)
(-3983.60, 12941.78)
(-3982.08, 12947.02)
(-4010.87, 12995.20)
(-3994.03, 12950.42)
(-3983.58, 12930.36)
(-111.57, 549.23)
(-133.68, 189.91)
(-137.64, 180.23)
(-95.97, 180.92)
(-23.87, 163.83)
(-18.90, 160.06)
(-15.13, 156.24)
(-12.00, 189.47)
(-23.30, 151.66)
(-11.31, 155.21)
(-11.53, 153.92)
(-11.87, 151.47)
(-11.30, 168.28)
(-7.74, 175.83)
(-7.37, 177.44)
(-10.12, 179.95)
(-8.57, 184.13)
(-7.21, 176.85)
(-6.59, 168.99)
(-5.11, 167.44)
(-2.10, 166.32)
(-5.54, 171.64)
(-8.18, 175.73)
(-8.61, 177.46)
(-10.88, 177.13)
(-11.24, 175.18)
(-10.53, 172.64)
(-12.34, 170.76)
(-8.27, 170.77)
(2.24, 167.80)
(2.74, 165.34)
(1.67, 162.72)
(4.03, 163.24)
(1.09, 163.32)
(-10.31, 157.54)
(-12.84, 150.71)
(-12.58, 157.31)
(-12.76, 162.05)
(-13.35, 161.90)
(-12.98, 153.98)
(-14.15, 150.09)
(-16.42, 157.02)
(-16.24, 161.79)
(-16.59, 163.66)
(-17.75, 166.28)
(-16.77, 170.37)
(-15.44, 171.29)
(-18.09, 171.69)
(-17.12, 171.81)
(-13.26, 171.18)
(-14.83, 170.13)
(-17.99, 174.04)
(-14.32, 171.72)
(-14.60, 170.51)
(-21.95, 176.18)
(-22.95, 182.39)
(-24.17, 183.50)
(-24.69, 180.04)
(-22.78, 166.25)
(-22.88, 170.08)
(-24.49, 183.13)
(-24.15, 185.58)
(-23.43, 170.78)
(-22.86, 158.51)
(-23.95, 168.64)
(-24.72, 159.47)
(-4132.29, 13141.73)
(-15.87, 184.51)
(-18.02, 182.71)
(-15.64, 150.76)
(-10.37, 146.03)
(-2.40, 141.23)
(-7.18, 150.93)
(-15.28, 163.44)
(-12.90, 170.25)
(-12.69, 179.31)
(-10.53, 178.76)
(-17.04, 185.44)
(-21.79, 183.63)
(-20.25, 171.46)
(-22.01, 172.86)
(-24.66, 178.38)
(-18.04, 164.15)
(-11.85, 150.06)
(-4.07, 144.85)
(5.27, 160.25)
(23.37, 169.21)
(22.48, 169.99)
(2.89, 175.18)
(-2.99, 179.03)
(-5.66, 178.90)
(-9.14, 178.94)
(-8.43, 180.73)
(-9.50, 181.75)
(-3.93, 167.29)
(2.14, 163.56)
(6.57, 161.78)
(3.92, 164.13)
(12.22, 209.13)
(-2.41, 209.54)
(-7.52, 195.91)
(-8.38, 179.28)
(-12.42, 170.20)
(-12.98, 167.00)
(-11.65, 165.69)
(-14.21, 163.68)
(-15.33, 154.85)
(-10.85, 147.83)
(-11.73, 150.72)
(-15.27, 183.69)
(-14.97, 181.94)
(-13.68, 164.22)
(-18.53, 181.14)
(-18.65, 184.89)
(-17.27, 186.66)
(-16.84, 186.08)
(-18.31, 186.37)
(-16.12, 174.15)
(-14.41, 157.49)
(-15.10, 157.74)
(-13.13, 157.49)
(-38.20, 15.85)
(-83.28, -131.86)
(-88.88, -133.48)
(-89.18, -114.84)
(14.54, 117.45)
(18.31, 120.55)
(18.28, 120.37)
(16.58, 121.77)
(14.93, 122.99)
(15.03, 124.74)
(12.95, 125.42)
(-4457.09, 14346.87)
(13.67, 144.89)
(-2.74, 178.30)
(-15.12, 157.18)
(-15.41, 158.01)
(-14.34, 163.14)
(-19.66, 165.74)
(-17.60, 170.78)
(-3.35, 165.61)
(7.10, 151.71)
(4.59, 152.82)
(-0.22, 166.51)
(-0.54, 167.04)
(-3.02, 165.66)
(-10.20, 154.21)
(-72.09, -108.46)
(20.86, 173.62)
(31.83, 171.68)
(24.96, 169.62)
(3.56, 165.42)
(0.52, 161.53)
(-0.52, 157.39)
(-3.16, 161.64)
(-11.99, 170.96)
(-7.81, 162.69)
(-6.57, 159.27)
(-8.22, 157.77)
(-7.14, 155.71)
(-6.55, 158.17)
(-6.97, 159.87)
(-8.03, 159.11)
(-8.14, 163.77)
(-8.50, 165.49)
(-8.22, 164.44)
(-1.88, 157.73)
(-0.69, 154.74)
(-1.77, 157.36)
(-2.59, 156.70)
(-4.47, 161.01)
(-5.97, 158.27)
(-6.09, 151.50)
(-5.20, 149.77)
(-4.43, 149.29)
(-3.04, 150.58)
(-0.96, 154.12)
(-0.87, 156.33)
(-0.14, 157.21)
(2.44, 157.11)
(1.92, 156.58)
(-0.25, 158.08)
(0.46, 159.40)
(-0.92, 160.28)
(-2.61, 159.74)
(-3.18, 158.05)
(-4.20, 155.54)
(-6.14, 154.38)
(-1.26, 155.74)
(0.85, 197.58)
(2.75, 175.85)
(8.54, 177.58)
(-7.77, 173.15)
(-8.30, 169.57)
(-5.11, 160.81)
(-4479.30, 14381.14)
(36.29, 214.51)
(-4.01, 162.89)
(2.22, 163.40)
(-6.65, 160.12)
(-6.90, 157.06)
(-1.44, 153.94)
(-2.77, 146.04)
(-4.33, 145.31)
(-96.84, -112.54)
(-105.06, -126.56)
(-105.05, -99.17)
(-6.15, 138.85)
(-11.84, 149.70)
(-18.65, 151.48)
(-18.34, 165.58)
(-13.94, 177.26)
(-14.10, 180.39)
(-12.89, 180.57)
(-11.64, 178.06)
(-14.39, 182.37)
(-16.45, 184.85)
(-17.64, 190.25)
(-21.71, 191.24)
(-25.58, 172.48)
(-26.91, 172.57)
(-28.20, 138.74)
(-28.74, 121.52)
(-28.22, 119.79)
(-20.09, 156.45)
(-13.92, 182.99)
(-15.40, 178.45)
(-19.90, 168.01)
(-28.84, 181.24)
(-18.54, 187.19)
(-19.59, 185.81)
(-18.13, 182.51)
(-21.45, 181.34)
(-18.05, 173.25)
(-6.73, 149.44)
(1.09, 198.08)
(-19.60, 193.47)
(-12.99, 191.86)
(-9.06, 195.43)
(-12.42, 202.97)
(-15.13, 207.31)
(-13.40, 209.31)
(-12.67, 207.09)
(-14.24, 201.57)
(-16.08, 189.97)
(-16.55, 191.24)
(-20.13, 198.25)
(-20.69, 196.95)
(-7.25, 179.44)
(-4.67, 170.23)
(-6.16, 172.42)
(-5.07, 176.65)
(-6.42, 178.86)
(-8.96, 176.22)
(-7.94, 176.03)
(-7.01, 174.68)
(-8.76, 168.74)
(-8.81, 171.85)
(-6.84, 171.77)
(-8.96, 170.48)
(-5.67, 169.25)
(-5.39, 180.30)
(-6.66, 185.18)
(-8.11, 186.44)
(-11.16, 184.74)
(26.71, 227.82)
(-0.30, 199.51)
(-10.48, 180.47)
(-8.81, 180.63)
(-7.23, 185.99)
(-6.81, 188.13)
(-6.18, 184.90)
(-16.42, 178.61)
(-17.26, 176.40)
(-7.42, 179.26)
(-7.48, 183.76)
(-10.77, 183.39)
(-10.19, 182.74)
(-10.73, 181.55)
(-9.03, 181.22)
(-6.71, 180.76)
(-7.97, 179.58)
(-8.61, 178.92)
(-13.16, 177.47)
(-15.99, 177.83)
(3.28, 96.45)
(11.39, 78.28)
(10.63, 72.32)
(9.29, 147.33)
(9.77, 153.78)
(6.19, 164.23)
(3.38, 165.96)
(3.18, 167.24)
(2.29, 167.54)
(0.21, 167.87)
(-0.08, 167.25)
(-9.66, 148.41)
(-36.61, 146.78)
(-41.50, 147.43)
(-11.68, 192.82)
(-6.39, 200.58)
(-5.92, 204.45)
(-0.77, 187.81)
(0.25, 178.81)
(-0.06, 174.97)
(1.00, 173.54)
(-0.18, 172.18)
(-2.48, 171.35)
(-1.40, 170.83)
(-1.99, 171.55)
(-2.88, 194.47)
(1.62, 226.00)
(-18.67, 171.78)
(-26.13, 145.50)
(-10.92, 178.56)
(-10.71, 184.02)
(-10.90, 188.51)
(-8.35, 186.74)
(-7.38, 186.31)
(-38.93, 176.89)
(-48.36, 173.34)
(-48.14, 172.98)
(-4552.59, 14278.60)
(-43.69, 169.23)
(-28.20, 158.64)
(-41.90, 148.45)
(-32.16, 147.57)
(-19.83, 156.98)
(-13.35, 161.14)
(-9.92, 160.50)
(-10.10, 161.27)
(-13.10, 148.88)
(-4413.22, 14093.06)
(13.72, 137.65)
(5.64, 133.29)
(1.98, 132.48)
(1.64, 132.37)
(-2.19, 124.72)
(-0.94, 110.07)
(-13.75, 90.61)
(-35.63, 76.53)
(-29.76, 64.89)
(-4176.44, 14950.92)
(-4613.56, 16503.50)
(-5039.84, 18334.36)
(-6362.26, 24739.63)
(-13974.59, 63623.64)
(35506.25, -206198.00)
(-158.88, 112.48)
(-129.56, 208.70)
(1210.23, -17758.26)
(446.48, -12673.00)
(100.42, 64.34)
(201.94, 51.40)
(309.72, 78.25)
(117.54, 95.91)
(111.79, 107.50)
(140.15, 93.92)
(347.06, 88.02)
(312.63, 8.20)
(-587.95, -16213.66)
(-482.28, -14737.29)
(-346.70, -13456.47)
(-276.92, -13198.46)
(-102.82, -12034.00)
(-132.75, -326.63)
(-55.29, -468.82)
(349.67, -8718.41)
(483.03, -8311.10)
(537.32, -7909.29)
(336.09, -812.70)
(246.45, -832.24)
(501.33, -467.05)
(123.84, -409.16)
(59.34, -845.43)
(17.87, -23.09)
(7.87, -27.16)
(-57.31, -8.33)
(-49.77, -439.01)
(-69.03, -682.07)
(662.85, -6371.94)
(128.07, -708.22)
(97.36, -687.46)
(114.20, -753.81)
(117.99, -844.13)
(-3.72, -905.29)
(-45.19, -723.73)
(-70.42, -603.51)
(530.73, -8806.35)
(658.16, -10112.41)
(699.74, -12593.05)
(685.34, -17974.80)
(201.22, -27348.39)
(-13939.88, -245993.30)
(483.89, -708.11)
(487.17, -708.59)
(487.59, -707.79)
(488.27, -707.55)
(488.08, -707.64)
(488.13, -708.09)
(488.87, -708.94)
(488.20, -708.78)
(487.60, -707.88)
(487.14, -708.10)
(485.96, -707.63)
(485.77, -707.18)
(485.16, -706.54)
(484.65, -706.37)
(484.78, -705.60)
(483.48, -704.31)
(483.74, -704.34)
(483.73, -704.66)
(484.03, -704.82)
(484.72, -704.58)
(485.25, -704.56)
(485.78, -703.28)
(485.82, -704.02)
(485.74, -704.78)
(485.59, -704.36)
(485.20, -703.91)
(485.00, -704.59)
(485.02, -706.51)
(485.32, -709.30)
(484.97, -709.31)
(484.70, -711.49)
(484.71, -712.35)
(485.70, -708.58)
(484.43, -708.03)
(484.59, -705.75)
(483.69, -705.09)
(484.45, -706.14)
(484.45, -707.32)
(485.22, -709.41)
(485.37, -710.10)
(485.52, -708.85)
(485.63, -707.13)
(485.23, -706.62)
(484.27, -705.32)
(482.74, -703.54)
(483.75, -701.94)
(483.83, -701.15)
(483.86, -700.96)
(485.02, -701.99)
(486.48, -702.63)
(487.02, -705.48)
(487.97, -706.36)
(488.96, -705.40)
(488.13, -704.92)
(487.12, -706.83)
(487.23, -706.63)
(488.95, -705.92)
(489.87, -706.22)
(492.20, -707.55)
(494.11, -708.22)
(497.15, -707.65)
(493.58, -705.91)
(491.87, -705.82)
(491.00, -706.06)
(490.61, -706.34)
(489.88, -706.63)
(489.45, -706.94)
(488.35, -706.15)
(487.65, -705.60)
(487.34, -705.34)
(487.31, -704.90)
(486.88, -704.64)
(486.77, -705.61)
(486.16, -704.84)
(484.66, -705.19)
(482.99, -707.21)
(481.45, -709.07)
(482.33, -706.94)
(483.09, -707.35)
(482.59, -707.87)
(485.31, -708.53)
(486.73, -707.32)
(487.17, -707.02)
(487.26, -705.61)
(487.24, -704.86)
(486.60, -704.90)
(486.80, -705.92)
(486.94, -705.34)
(486.62, -705.80)
(486.68, -704.72)
(487.20, -704.77)
(488.81, -704.20)
(490.71, -704.23)
(491.89, -704.46)
(493.75, -704.51)
(493.86, -703.87)
(490.18, -703.36)
(490.32, -703.66)
(490.96, -703.85)
(489.44, -704.71)
(486.99, -705.63)
(485.84, -705.01)
(485.85, -704.28)
(486.05, -704.47)
(483.27, -705.87)
(482.68, -705.69)
(482.76, -705.32)
(482.76, -705.69)
(482.03, -706.64)
(484.52, -707.60)
(486.69, -708.76)
(488.47, -708.86)
(488.77, -708.81)
(488.71, -707.51)
(488.60, -707.67)
(488.00, -706.35)
(487.25, -704.17)
(488.27, -699.64)
(488.95, -697.68)
(490.80, -697.73)
(-134.13, -6906.71)
(-96.91, -5532.32)
(232.29, -4591.25)
(106.56, -3770.31)
(189.50, -3486.77)
(366.37, -3720.51)
(273.31, -3986.93)
(-22.13, -3725.67)
(-91.95, -3566.76)
(-13.50, -3807.91)
(108.03, -4435.21)
(19.19, -4963.92)
(-182.99, -5283.36)
(-249.73, -5030.66)
(-208.16, -5235.84)
(-103.05, -5353.30)
(-35.78, -5245.49)
(-31.32, -4997.95)
(-78.69, -5006.56)
(-181.18, -5017.07)
(-136.02, -5226.88)
(-178.61, -5007.74)
(-175.66, -4834.01)
(-155.62, -4777.86)
(-151.70, -4770.99)
(-154.92, -4737.03)
(-153.24, -4649.02)
(-150.36, -4551.78)
(-153.00, -4593.53)
