=== 数据记录开始于 2026-01-05 16:26:18 ===
13.762,True,105.09,-112.09
13.848,True,105.66,-111.72
13.957,True,104.61,-113.57
14.052,True,103.35,-113.24
14.154,True,101.15,-107.93
14.252,True,104.23,-97.57
14.351,True,107.54,-93.00
14.454,True,107.98,-92.12
14.555,True,107.59,-91.17
14.658,True,100.44,-93.14
14.759,True,98.31,-93.69
14.854,True,97.67,-92.43
14.952,True,95.82,-92.32
15.047,True,92.59,-92.92
15.153,True,212.88,34.32
15.248,True,211.24,42.65
15.359,True,214.28,33.03
15.457,True,215.10,32.57
15.557,True,215.60,34.10
15.658,True,217.41,32.64
15.754,True,217.61,31.35
15.859,True,165.42,55.76
15.959,True,156.21,53.98
16.054,True,136.51,51.97
16.154,True,130.31,50.79
16.253,True,122.11,47.73
16.355,True,110.49,45.01
16.453,True,110.56,45.93
16.549,True,112.66,46.77
16.659,True,114.12,46.92
16.758,True,111.72,43.54
16.855,True,109.01,39.78
16.953,True,109.05,38.50
17.062,True,109.48,37.04
17.148,True,109.34,37.04
17.249,True,107.99,36.43
17.358,True,108.85,35.48
17.449,True,111.59,39.41
17.558,True,121.73,41.13
17.654,True,123.07,43.95
17.749,True,118.43,47.20
17.851,True,115.11,46.39
17.952,True,107.52,41.95
18.051,True,105.84,39.12
18.158,True,107.47,39.82
18.254,True,106.69,39.10
18.355,True,118.40,36.30
18.450,True,122.47,34.75
18.557,True,114.42,34.41
18.654,True,109.97,29.27
18.757,True,112.02,31.45
18.851,True,113.04,29.59
18.956,True,121.46,30.22
19.053,True,129.61,30.33
19.149,True,128.12,22.04
19.257,True,121.97,17.92
19.353,True,119.51,18.39
19.448,True,115.60,29.22
19.558,True,113.74,34.38
19.652,True,113.96,34.53
19.758,True,114.47,34.58
19.854,True,115.58,30.47
19.953,True,117.72,26.72
20.053,True,118.27,21.16
20.160,True,-101.49,59.97
20.248,True,-105.28,63.43
20.355,True,-108.76,60.37
20.459,True,-169.27,-107.89
20.555,True,230.67,-78.36
20.650,True,382.89,-25.08
20.749,True,-3092.56,54606.41
20.849,True,490.22,50.05
20.949,True,481.76,54.82
21.059,True,-3150.93,54479.20
21.149,True,484.84,58.09
21.248,True,486.35,77.15
21.356,True,-3796.14,64665.66
21.454,True,460.63,69.95
21.553,True,439.62,70.43
21.649,False,428.45,80.64
21.749,False,420.93,67.58
21.858,False,417.04,62.85
21.960,True,126.86,73.05
22.056,True,75.23,78.82
22.159,True,86.83,79.30
22.258,True,97.84,71.52
22.353,True,87.21,62.76
22.449,True,62.74,45.52
22.559,True,57.89,39.53
22.656,True,49.82,45.70
22.755,True,88.20,52.08
22.851,True,101.05,51.97
22.950,True,104.11,53.91
23.051,True,104.99,55.36
23.151,True,102.97,58.95
23.260,True,94.74,51.06
23.350,True,86.21,47.80
23.461,True,79.44,44.67
23.548,True,76.53,44.66
23.654,True,75.25,59.79
23.758,True,75.49,65.98
23.860,True,77.53,64.16
23.959,True,80.09,63.42
24.049,True,83.36,65.93
24.162,True,84.58,62.59
24.247,True,107.39,36.96
24.350,True,117.99,26.72
24.450,True,-22.29,-226.91
24.553,True,-23.96,-231.53
24.648,True,-23.13,-240.89
24.752,True,98.41,-60.34
24.848,True,102.49,-55.47
24.958,True,168.70,91.64
25.060,True,184.22,89.88
25.154,True,182.07,86.22
25.249,True,180.36,84.14
25.348,True,108.57,77.49
25.458,True,87.03,68.15
25.560,True,84.43,65.78
25.652,True,84.12,64.75
25.754,True,85.71,63.23
25.855,True,87.84,62.82
25.951,True,87.94,63.68
26.048,True,85.87,68.00
26.158,True,86.08,76.57
26.252,True,87.13,76.88
26.350,True,85.23,76.70
26.449,True,87.70,77.71
26.550,True,87.13,82.52
26.656,True,90.64,80.75
26.755,True,93.58,76.78
26.854,True,95.05,75.78
26.953,True,94.70,76.45
27.052,True,94.05,75.60
27.152,True,93.95,75.54
27.250,True,98.29,75.68
27.348,True,102.84,75.96
27.456,True,210.02,16.63
27.558,True,145.80,48.91
27.658,True,132.04,52.17
27.757,True,108.84,53.83
27.852,True,92.39,32.61
27.953,True,89.27,31.75
28.054,True,88.43,30.28
28.155,True,116.38,32.89
28.256,True,121.94,35.68
28.356,True,123.13,34.99
28.454,True,123.80,34.60
28.552,True,122.68,35.58
28.651,True,121.77,38.42
28.753,True,120.43,42.13
28.851,True,118.75,44.72
28.957,True,114.26,45.58
29.048,True,113.13,45.12
29.158,True,114.56,43.80
29.258,True,117.14,41.30
29.359,True,388.19,-42.91
29.450,True,404.33,-85.33
29.550,True,407.23,-80.42
29.656,True,331.98,-75.25
29.750,True,52.58,57.39
29.847,True,46.36,50.04
29.959,True,44.46,49.05
30.049,True,44.01,50.70
30.159,True,50.61,13.86
30.258,True,61.99,-46.70
30.358,True,90.39,-90.71
30.453,True,98.86,-113.06
30.548,True,100.65,-115.58
30.655,True,100.79,-111.73
30.754,True,101.14,-110.62
30.850,True,100.68,-106.53
30.959,True,99.43,-102.39
31.048,True,98.42,-100.54
31.153,True,97.40,-100.27
31.252,True,96.88,-100.62
31.351,True,96.50,-99.54
31.460,True,97.53,-100.44
31.558,True,98.21,-101.55
31.661,True,96.93,-102.08
31.760,True,94.81,-101.09
31.860,True,93.22,-101.97
31.954,True,91.49,-103.66
32.058,True,90.39,-105.00
32.154,True,90.05,-107.70
32.252,True,89.58,-109.53
32.353,True,90.11,-111.16
32.451,True,90.83,-114.66
32.558,True,89.62,-114.47
32.653,True,90.18,-111.51
32.752,True,93.07,-108.45
32.851,True,97.00,-101.67
32.949,True,96.96,-98.06
33.057,True,94.51,-96.36
33.158,True,92.19,-94.12
33.259,True,91.32,-93.98
33.358,True,91.98,-92.84
33.448,True,92.01,-84.27
33.549,True,91.45,-80.62
33.650,True,89.95,-80.71
33.757,True,90.42,-80.23
33.854,True,90.77,-80.53
33.954,True,90.72,-82.58
34.052,True,91.68,-82.44
34.154,True,93.91,-80.79
34.249,True,93.52,-80.91
34.348,True,93.58,-81.92
34.456,True,93.89,-81.91
34.548,True,94.46,-85.47
34.657,True,93.70,-92.68
34.757,True,98.89,-96.11
34.855,True,101.35,-101.78
34.953,True,101.11,-103.82
35.059,True,103.38,-103.65
35.159,True,103.18,-105.39
35.257,True,102.55,-110.32
35.352,True,101.48,-113.73
35.449,True,91.78,-104.74
35.559,True,-36.82,56.81
35.660,True,-76.27,88.22
35.750,True,-83.33,71.81
35.850,True,-80.30,64.05
35.956,True,-72.63,64.60
36.048,True,-71.79,63.25
36.151,True,-72.49,64.95
36.254,True,-71.11,66.06
36.352,True,272.13,-63.60
36.450,True,287.28,-104.25
36.550,True,152.42,-98.90
36.660,True,94.51,-88.44
36.748,True,93.51,-88.34
36.862,True,92.71,-86.70
36.947,True,91.53,-86.78
37.051,True,91.81,-90.40
37.150,True,93.80,-94.14
37.252,True,96.37,-93.84
37.348,True,96.59,-91.92
37.448,True,97.62,-90.44
37.554,True,98.71,-90.44
37.655,True,103.11,-95.51
37.755,True,104.58,-100.91
37.854,True,104.37,-103.81
37.952,True,103.94,-107.39
38.053,True,103.49,-107.42
38.152,True,106.47,-105.95
38.255,True,108.17,-106.82
38.356,True,108.07,-109.50
38.448,True,107.61,-110.21
38.550,True,107.32,-112.80
38.660,True,107.49,-114.53
38.747,True,106.55,-114.26
38.855,True,106.09,-114.56
38.954,True,105.25,-116.36
39.049,True,103.48,-116.83
39.149,True,103.34,-118.00
39.250,True,102.10,-117.48
39.349,True,101.44,-116.52
39.457,True,101.08,-115.24
39.552,True,101.13,-114.89
39.657,True,100.56,-115.78
39.753,True,98.23,-119.32
39.849,True,98.01,-117.99
39.958,True,101.42,-115.44
40.059,True,102.55,-112.67
40.156,True,102.37,-110.26
40.256,True,102.11,-108.14
40.350,True,102.84,-105.68
40.452,True,104.70,-104.05
40.555,True,104.84,-103.71
40.653,True,103.60,-103.76
40.752,True,303.95,-126.93
40.858,True,295.77,-136.56
40.957,True,309.99,-138.95
41.054,True,206.57,-124.47
41.158,True,88.64,-75.84
41.257,True,92.01,-82.30
41.356,True,90.94,-94.59
41.454,True,92.11,-100.11
41.554,True,87.80,-106.70
41.656,True,83.92,-108.05
41.761,True,83.16,-103.02
41.850,True,83.03,-102.22
41.959,True,83.03,-105.36
42.051,True,83.58,-105.71
42.150,True,83.61,-103.81
42.251,True,84.57,-105.04
42.359,True,85.50,-107.79
42.456,True,84.59,-110.09
42.554,True,84.82,-109.46
42.655,True,84.60,-105.73
42.754,True,84.48,-100.25
42.857,True,82.63,-101.45
42.960,True,78.98,-107.13
43.051,True,79.40,-115.00
43.159,True,81.18,-122.03
43.259,True,82.92,-121.12
43.359,True,83.48,-119.38
43.458,True,84.83,-111.95
43.554,True,85.16,-104.92
43.653,True,84.63,-103.15
43.753,True,84.36,-101.20
43.848,True,83.49,-99.83
43.957,True,86.37,-103.52
44.057,True,86.89,-106.18
44.154,True,86.05,-109.60
44.256,True,85.91,-109.96
44.354,True,86.09,-109.33
44.452,True,81.21,-113.11
44.551,True,81.57,-113.73
44.652,True,88.57,-114.14
44.759,True,91.63,-115.83
44.852,True,93.23,-116.46
44.953,True,96.84,-115.49
45.053,True,91.92,-120.78
45.154,True,86.53,-124.37
45.250,True,84.93,-126.17
45.351,True,81.10,-128.81
45.452,True,82.21,-130.63
45.554,True,83.68,-133.75
45.651,True,85.09,-134.92
45.752,True,87.29,-134.88
45.855,True,90.95,-134.02
45.956,True,92.02,-133.51
46.051,True,91.78,-132.73
46.152,True,93.41,-119.85
46.251,True,89.78,-118.19
46.350,True,91.26,-120.69
46.449,True,92.86,-121.37
46.550,True,91.11,-120.12
46.650,True,90.84,-132.75
46.751,True,91.29,-139.32
46.851,True,96.24,-131.26
46.959,True,98.37,-124.68
47.056,True,98.72,-122.19
47.154,True,99.23,-119.16
47.257,True,99.43,-115.52
47.353,True,99.31,-113.52
47.459,True,98.93,-109.96
47.555,True,98.12,-106.94
47.655,True,96.80,-107.07
47.752,True,97.00,-104.62
47.852,True,95.20,-104.64
47.950,True,93.68,-106.55
48.050,True,92.21,-107.76
48.150,True,90.01,-111.69
48.255,True,93.46,-116.87
48.353,True,96.64,-118.12
48.451,True,103.00,-117.35
48.551,True,101.87,-116.71
48.652,True,98.26,-116.66
48.756,True,96.80,-119.65
48.857,True,96.32,-122.91
48.952,True,94.26,-127.08
49.058,True,93.33,-130.85
49.154,True,88.68,-133.79
49.252,True,88.11,-132.00
49.350,True,89.24,-127.99
49.448,True,91.85,-121.91
49.548,True,86.07,-112.96
49.659,True,81.38,-99.04
49.750,True,82.79,-99.67
49.852,True,84.74,-100.99
49.959,True,82.36,-103.91
50.057,True,83.83,-116.30
50.160,True,88.16,-117.62
50.253,True,90.89,-115.12
50.357,True,91.36,-112.58
50.455,True,90.14,-103.15
50.556,True,91.11,-105.34
50.649,True,90.05,-103.07
50.748,True,92.09,-94.83
50.858,True,91.80,-94.79
50.959,True,89.46,-96.86
51.057,True,89.12,-95.55
51.155,True,88.98,-93.38
51.256,True,86.85,-91.25
51.353,True,85.56,-90.73
51.448,True,84.75,-89.00
51.549,True,83.99,-88.86
51.653,True,82.70,-90.60
51.755,True,83.55,-92.45
51.857,True,84.08,-90.89
51.957,True,84.50,-91.02
52.054,True,87.16,-90.49
52.148,True,88.17,-92.43
52.249,True,90.83,-98.52
52.348,True,91.44,-102.44
52.455,True,92.34,-103.88
52.555,True,90.95,-100.43
52.651,True,88.93,-98.40
52.749,True,87.19,-97.08
52.859,True,84.95,-94.71
52.957,True,82.20,-94.99
53.057,True,80.02,-96.99
53.152,True,78.66,-98.62
53.248,True,81.82,-104.59
53.356,True,87.46,-104.95
53.456,True,87.61,-104.94
53.551,True,81.25,-103.50
53.648,True,25.20,-147.38
53.755,True,10.76,-160.13
53.859,True,22.83,-148.43
53.957,True,90.69,-95.80
54.054,True,94.88,-90.64
54.155,True,94.15,-94.40
54.250,True,92.21,-97.00
54.357,True,90.28,-98.99
54.452,True,88.84,-99.78
54.557,True,86.07,-104.10
54.649,True,86.16,-109.27
54.748,True,85.50,-112.36
54.849,True,85.43,-114.20
54.952,True,85.05,-114.61
55.052,True,87.20,-113.95
55.152,True,89.33,-111.63
55.251,True,85.98,-108.36
55.361,True,85.38,-110.24
55.456,True,84.97,-113.47
55.548,True,84.70,-113.86
55.648,True,85.93,-112.87
55.757,True,88.00,-85.71
55.848,True,98.22,-95.43
55.948,True,100.45,-99.10
56.057,True,101.82,-102.98
56.159,True,100.52,-105.50
56.257,True,103.33,-106.43
56.358,True,106.99,-106.77
56.455,True,108.21,-105.61
56.548,True,-4083.32,47821.95
56.657,True,119.14,-148.47
56.759,True,-3981.40,46521.26
56.858,True,-3943.80,46051.21
56.955,True,-3898.08,45743.57
57.053,True,-3957.41,46219.72
57.156,True,-4056.27,47560.04
57.254,True,-4176.16,49271.25
57.356,True,-4152.34,49027.05
57.459,True,-4269.80,50107.75
57.552,True,-5139.25,60203.07
57.649,True,-11073.54,130140.00
57.748,True,9.03,-93.72
57.856,True,21.81,-27.99
57.952,True,-166.91,127.44
58.051,True,-35.43,-2.79
58.150,True,-151.01,-60.10
58.251,True,-152.17,-66.03
58.355,True,-149.74,-61.32
58.455,True,-167.69,56.68
58.551,True,-155.77,83.83
58.648,True,-129.31,105.60
58.749,True,101.29,125.24
58.848,True,93.77,129.54
58.949,True,93.25,129.13
59.061,True,101.15,106.49
59.159,True,111.06,103.66
59.257,True,110.44,109.32
59.358,True,110.15,113.45
59.454,True,107.34,80.87
59.552,True,81.45,-97.73
59.652,True,94.48,-93.13
59.748,True,88.59,-94.97
59.858,True,93.54,-67.17
59.955,True,90.67,-94.63
60.054,True,104.46,-94.56
60.154,False,-6031.84,67135.20
60.257,True,115.19,-121.99
60.358,True,105.21,-106.05
60.455,True,104.67,-106.27
60.559,True,104.70,-108.33
60.655,True,104.69,-110.61
60.749,True,104.86,-108.81
60.856,True,104.44,-108.31
60.952,True,103.59,-108.42
61.048,True,103.54,-108.32
61.154,True,103.86,-108.22
61.254,True,102.58,-110.37
61.348,True,99.95,-113.39
61.453,True,100.69,-114.83
61.552,True,103.57,-114.84
61.655,True,101.04,-113.59
61.758,True,96.99,-109.50
61.853,True,93.86,-108.04
61.957,True,91.54,-107.39
62.055,True,91.90,-112.01
62.151,True,92.22,-114.69
62.253,True,94.19,-114.59
62.351,True,95.90,-110.80
62.462,True,96.04,-105.04
62.550,True,95.72,-105.38
62.657,True,96.46,-104.64
62.751,True,97.16,-100.21
62.856,True,97.94,-99.49
62.952,True,97.47,-97.40
63.057,True,97.78,-95.51
63.159,True,99.99,-93.01
63.261,True,103.22,-91.76
63.359,True,105.03,-88.80
63.458,True,99.34,-80.32
63.554,True,95.32,-78.22
63.648,True,93.25,-77.97
63.748,True,92.36,-78.38
63.857,True,92.02,-80.82
63.957,True,90.77,-78.21
64.056,True,90.28,-74.61
64.157,True,87.55,-75.77
64.254,True,86.66,-79.56
64.350,True,86.60,-80.65
64.448,True,86.82,-82.20
64.558,True,88.60,-82.85
64.657,True,90.96,-80.08
64.759,True,96.27,-80.69
64.857,True,97.43,-83.57
64.953,True,98.39,-85.51
65.051,True,99.98,-84.46
65.153,True,101.68,-84.28
65.256,True,102.36,-89.62
65.348,True,102.72,-88.96
65.452,True,103.74,-89.64
65.555,True,105.05,-90.95
65.652,True,105.53,-89.67
65.752,True,108.03,-83.90
65.852,True,110.31,-79.01
65.955,True,111.05,-78.16
66.055,True,109.10,-79.49
66.154,True,106.93,-82.30
66.252,True,106.85,-84.37
66.348,True,108.09,-83.47
66.450,True,107.46,-80.25
66.555,True,106.50,-74.65
66.660,True,105.74,-70.47
66.749,True,104.92,-68.00
66.847,True,105.53,-67.44
66.952,True,105.75,-69.50
67.051,True,105.31,-73.06
67.150,True,105.71,-75.35
67.260,True,106.51,-78.37
67.350,True,104.64,-82.67
67.457,True,101.94,-86.48
67.550,True,99.38,-87.02
67.651,True,98.48,-86.36
67.748,True,96.72,-88.18
67.861,True,95.72,-93.28
67.956,True,265.05,-140.95
68.050,True,339.11,-174.08
68.151,True,341.22,-169.21
68.252,True,39.69,-73.50
68.359,True,42.93,-85.56
68.449,True,49.81,-77.45
68.549,True,78.42,-78.00
68.650,True,80.68,-80.81
68.751,True,81.13,-98.88
68.849,True,85.88,-109.52
68.948,True,89.44,-114.89
69.055,True,90.43,-106.55
69.154,True,91.49,-99.47
69.252,True,91.27,-98.33
69.350,True,89.74,-101.99
69.449,True,89.53,-103.66
69.551,True,90.88,-118.63
69.652,True,90.93,-136.10
69.753,True,92.61,-139.23
69.857,True,94.12,-137.34
69.958,True,96.60,-123.82
70.057,True,98.91,-117.35
70.155,True,100.55,-115.09
70.257,True,99.89,-111.58
70.349,True,102.75,-110.17
70.450,True,103.34,-110.23
70.558,True,357.60,-111.19
70.657,True,353.76,-105.98
70.757,True,88.23,-88.05
70.853,True,69.45,-84.31
70.955,True,59.83,-82.49
71.056,True,47.79,-87.82
71.157,True,57.25,-87.58
71.253,True,52.36,-92.38
71.359,True,69.55,-91.38
71.448,True,72.84,-94.30
71.552,True,76.09,-95.07
71.659,True,77.72,-95.99
71.760,True,79.53,-99.85
71.852,True,92.28,-106.30
71.954,True,98.32,-109.88
72.057,True,98.10,-110.71
72.157,True,100.15,-116.87
72.252,True,102.36,-124.48
72.351,True,103.63,-126.43
72.452,True,102.46,-128.20
72.548,True,109.38,-144.60
72.649,True,101.83,-146.70
72.752,True,103.17,-166.27
72.853,True,107.67,-157.99
72.949,True,118.19,-170.32
73.056,True,118.68,-169.52
73.149,True,115.68,-164.44
73.256,True,121.80,-162.59
73.354,True,119.46,-164.80
73.454,True,118.77,-133.13
73.552,True,112.75,-120.01
73.651,True,106.45,-105.49
73.751,True,110.90,-83.74
73.860,True,110.24,-83.11
73.954,True,111.07,-85.61
74.054,True,109.77,-89.59
74.152,True,106.23,-93.72
74.251,True,104.78,-97.00
74.352,True,103.30,-96.22
74.455,True,103.35,-95.70
74.561,True,103.52,-96.30
74.648,True,104.52,-100.63
74.749,True,104.53,-105.48
74.849,True,101.60,-111.69
74.948,True,98.72,-114.61
75.055,True,96.88,-109.56
75.153,True,96.27,-102.16
75.249,True,97.53,-101.11
75.349,True,97.91,-100.19
75.454,True,97.66,-97.44
75.553,True,96.53,-98.14
75.657,True,96.32,-98.96
75.748,True,96.41,-98.56
75.858,True,96.95,-98.09
75.956,True,97.20,-98.94
76.059,True,101.50,-105.82
76.159,True,101.35,-109.74
76.255,True,104.59,-108.47
76.358,True,100.86,-112.35
76.458,True,98.26,-111.71
76.552,True,96.16,-110.00
76.659,True,98.28,-106.51
76.748,True,105.06,-107.47
76.858,True,107.98,-110.35
76.957,True,109.55,-111.05
77.058,True,110.94,-106.23
77.159,True,112.58,-102.53
77.255,True,114.28,-100.04
77.356,True,114.31,-98.73
77.452,True,114.37,-94.34
77.549,True,113.80,-93.98
77.649,True,112.33,-94.67
77.752,True,110.62,-96.61
77.852,True,109.17,-97.46
77.949,True,108.18,-94.09
78.051,True,107.87,-91.14
78.149,True,109.00,-90.09
78.250,True,108.29,-88.34
78.349,True,107.64,-88.19
78.455,True,107.50,-94.10
78.556,True,107.78,-93.71
78.653,True,108.45,-93.90
78.758,True,111.33,-98.54
78.848,True,111.11,-99.48
78.951,True,107.29,-98.98
79.053,True,102.49,-99.16
79.150,True,98.17,-96.22
79.250,True,98.89,-99.77
79.350,True,99.86,-102.28
79.452,True,102.98,-102.21
79.550,True,103.75,-103.14
79.656,True,104.89,-105.67
79.749,True,105.81,-106.04
79.849,True,107.55,-104.87
79.957,True,106.66,-103.18
80.057,True,106.60,-102.35
80.158,True,107.08,-101.63
80.254,True,107.06,-100.69
80.350,True,105.78,-99.83
80.448,True,106.43,-99.83
80.553,True,106.12,-98.70
80.652,True,105.94,-96.22
80.759,True,104.43,-94.67
80.857,True,102.70,-94.09
80.952,True,101.59,-93.46
81.048,True,100.63,-93.46
81.148,True,101.09,-93.63
81.251,True,101.09,-94.05
81.361,True,100.93,-95.73
81.460,True,101.19,-95.35
81.558,True,99.09,-95.22
81.659,True,97.54,-95.28
81.748,True,97.46,-95.82
81.862,True,97.75,-97.07
81.948,True,102.23,-99.89
82.051,True,107.03,-100.92
82.154,True,108.55,-101.20
82.256,True,107.43,-87.02
82.348,True,110.52,-89.37
82.455,True,111.83,-92.95
82.551,True,108.15,-75.98
82.648,True,104.66,-67.27
82.759,True,103.56,-63.73
82.856,True,98.66,-69.47
82.959,True,96.66,-81.12
83.049,True,100.17,-81.08
83.160,True,104.53,-79.90
83.252,True,105.90,-79.93
83.351,True,107.51,-89.98
83.457,True,108.48,-90.06
83.557,True,108.80,-79.86
83.657,True,107.76,-77.42
83.758,True,102.68,-79.54
83.858,True,103.26,-90.78
83.949,True,106.88,-96.72
84.058,True,106.87,-92.07
84.157,True,102.81,-81.94
84.256,True,99.90,-77.56
84.356,True,100.80,-74.07
84.458,True,99.11,-75.54
84.551,True,98.79,-82.78
84.648,True,99.08,-85.05
84.759,True,97.72,-84.28
84.856,True,97.90,-87.43
84.960,True,102.63,-99.62
85.060,True,101.01,-101.50
85.158,True,91.61,-105.32
85.258,True,102.50,-154.44
85.353,True,104.57,-123.73
85.451,True,101.39,-117.47
85.550,True,79.75,-107.58
85.656,True,84.46,-114.27
85.755,True,90.64,-114.50
85.854,True,93.53,-111.25
85.951,True,93.00,-108.14
86.051,True,-5324.58,56412.53
86.148,True,112.39,-111.01
86.249,True,115.00,-87.45
86.358,True,110.77,-80.53
86.448,True,99.63,-94.90
86.559,True,95.30,-103.26
86.658,True,96.10,-106.81
86.756,True,95.94,-115.42
86.857,True,96.82,-122.81
86.955,True,98.86,-123.53
87.057,True,99.02,-115.90
87.157,True,98.49,-109.14
87.257,True,99.29,-105.85
87.358,True,95.36,-103.69
87.455,True,96.36,-94.66
87.559,True,96.24,-92.10
87.648,True,95.06,-92.79
87.758,True,95.08,-93.62
87.858,True,94.79,-97.29
87.959,True,95.96,-99.01
88.048,True,98.17,-99.62
88.151,True,98.94,-101.65
88.256,True,97.93,-93.99
88.352,True,97.16,-95.18
88.452,True,98.14,-95.14
88.556,True,-39.37,-87.17
88.653,True,-43.24,-83.42
88.758,True,-44.14,-87.17
88.859,True,-44.08,-91.86
88.947,True,49.63,-90.11
89.051,True,56.78,-90.47
89.154,True,74.11,-92.70
89.253,True,80.33,-94.80
89.356,True,82.11,-95.16
89.455,True,85.75,-97.79
89.555,True,88.28,-102.49
89.656,True,90.01,-109.57
89.754,True,91.22,-113.13
89.852,True,93.90,-116.55
89.957,True,91.51,-110.57
90.054,True,89.12,-109.01
90.153,True,90.68,-107.85
90.259,True,90.51,-111.48
90.350,True,90.18,-119.63
90.450,True,90.14,-120.77
90.553,True,91.63,-112.29
90.657,True,92.54,-99.17
90.753,True,283.64,-113.76
90.859,True,320.71,-124.11
90.953,True,311.38,-121.85
91.051,True,94.70,-103.92
91.152,True,97.18,-99.86
91.255,True,92.14,-96.50
91.355,True,92.64,-92.61
91.458,True,88.82,-103.29
91.556,True,85.45,-115.26
91.648,True,85.39,-120.68
91.754,True,84.60,-125.13
91.856,True,84.40,-125.82
91.954,True,84.01,-124.50
92.054,True,82.15,-119.17
92.157,True,78.53,-112.38
92.259,False,-5396.66,56409.07
92.348,True,102.85,-147.27
92.450,True,101.72,-122.24
92.560,True,99.99,-122.35
92.659,True,98.57,-122.61
92.749,True,98.01,-124.85
92.849,True,97.49,-125.47
92.953,True,94.99,-124.59
93.055,True,95.24,-120.90
93.158,True,98.58,-118.98
93.256,True,99.45,-114.38
93.357,True,97.57,-110.89
93.460,True,95.02,-106.38
93.560,True,94.25,-108.42
93.655,True,93.26,-108.37
93.755,True,94.45,-112.91
93.855,True,98.90,-114.15
93.948,True,101.75,-114.32
94.051,True,99.42,-114.07
94.151,True,97.29,-115.37
94.253,True,94.82,-117.76
94.351,True,95.15,-114.77
94.449,True,95.20,-108.16
94.548,True,91.83,-102.47
94.658,True,90.73,-101.44
94.757,True,91.10,-98.45
94.850,True,93.25,-89.72
94.950,True,87.77,-85.83
95.057,True,75.36,-81.13
95.157,True,75.57,-93.95
95.259,True,84.94,-103.66
95.356,True,88.39,-106.64
95.450,True,88.97,-110.61
95.559,True,89.54,-111.33
95.656,True,91.75,-108.45
95.753,True,95.35,-105.10
95.853,True,95.18,-104.49
95.953,True,96.17,-111.44
96.056,True,101.35,-115.53
96.148,True,102.63,-121.87
96.259,True,102.37,-124.38
96.359,True,100.91,-124.43
96.457,True,97.57,-118.73
96.552,True,98.40,-115.22
96.659,True,98.02,-112.83
96.759,True,98.46,-113.41
96.853,True,96.38,-114.60
96.950,True,95.57,-116.48
97.053,True,98.20,-114.04
97.157,True,98.67,-107.24
97.247,True,97.06,-109.25
97.353,True,96.07,-115.83
97.458,True,97.40,-119.64
97.556,True,95.38,-113.23
97.656,True,94.24,-109.18
97.750,True,94.72,-107.34
97.847,True,96.77,-108.44
97.958,True,97.41,-106.86
98.054,True,97.91,-105.73
98.153,True,94.84,-98.07
98.256,True,96.15,-101.20
98.359,True,97.37,-102.91
98.451,True,95.82,-103.27
98.558,True,93.02,-102.20
98.658,True,94.88,-119.44
98.755,True,93.09,-122.89
98.856,True,88.44,-114.34
98.955,True,89.98,-112.07
99.056,True,96.19,-117.42
99.160,True,101.80,-127.47
99.256,True,105.41,-127.88
99.357,True,100.26,-129.69
99.459,True,99.08,-133.39
99.553,True,100.82,-138.50
99.653,True,101.00,-134.57
99.753,True,101.77,-132.05
99.851,True,103.64,-131.60
99.951,True,104.96,-132.01
100.049,True,105.76,-131.27
100.155,True,105.94,-130.17
100.254,True,102.93,-121.93
100.355,True,100.11,-113.77
100.459,True,104.16,-121.23
100.557,True,104.60,-123.05
100.657,True,102.40,-116.61
100.753,True,102.37,-114.89
100.850,True,98.79,-105.35
100.958,True,101.60,-106.93
101.048,True,101.62,-104.15
101.148,True,101.71,-102.16
101.256,True,98.63,-93.29
101.358,True,98.94,-99.65
101.449,True,98.32,-100.87
101.553,True,95.05,-95.66
101.653,True,94.81,-93.68
101.754,True,96.78,-92.60
101.853,True,98.75,-95.70
101.953,True,99.51,-96.22
102.049,True,99.40,-97.60
102.151,True,98.85,-99.70
102.260,True,100.11,-100.79
102.361,True,96.58,-100.22
102.450,True,93.33,-98.02
102.551,True,93.14,-99.42
102.652,True,94.87,-103.73
102.759,True,94.67,-100.42
102.856,True,94.94,-100.70
102.959,True,97.52,-101.99
103.054,True,102.05,-118.73
103.154,True,102.36,-124.25
103.256,True,100.08,-119.66
103.351,True,95.14,-108.32
103.449,True,94.24,-112.10
103.550,True,92.67,-114.09
103.648,True,97.13,-133.11
103.751,True,97.82,-117.43
103.851,True,97.61,-97.84
103.960,True,98.31,-121.01
104.058,True,97.07,-118.27
104.148,True,99.87,-119.96
104.252,True,99.55,-107.65
104.363,True,97.97,-98.23
104.451,True,97.62,-98.27
104.553,True,94.86,-97.42
104.655,True,93.46,-95.55
104.755,True,94.91,-94.70
104.855,True,94.89,-94.17
104.953,True,95.66,-96.27
105.053,True,95.40,-97.04
105.152,True,96.64,-97.32
105.252,True,96.71,-96.24
105.351,True,100.08,-101.50
105.448,True,98.54,-99.58
105.560,True,95.57,-99.17
105.653,True,94.29,-97.43
105.758,True,95.45,-103.82
105.851,True,91.77,-105.05
105.959,True,91.82,-94.99
106.051,True,90.94,-95.57
106.154,True,91.98,-95.25
106.258,True,94.06,-101.84
106.356,True,94.47,-102.99
106.457,True,95.21,-106.08
106.559,True,96.43,-109.72
106.657,True,96.55,-110.24
106.754,True,96.40,-108.46
106.849,True,96.64,-100.02
106.957,True,97.52,-98.47
107.058,True,96.45,-99.98
107.159,True,99.35,-107.78
107.255,True,99.64,-109.88
107.360,True,101.35,-109.44
107.462,True,104.33,-109.32
107.559,True,104.47,-105.89
107.658,True,102.96,-98.12
107.758,True,102.42,-96.06
107.856,True,109.93,-100.12
107.952,True,108.07,-98.92
108.054,True,102.15,-90.29
108.155,True,13.84,-174.71
108.253,True,17.04,-196.50
108.348,True,18.10,-196.79
108.460,True,103.02,-134.62
108.558,True,105.23,-129.85
108.649,True,102.60,-122.00
108.755,True,99.94,-124.21
108.849,True,101.16,-124.93
108.952,True,100.64,-126.50
109.051,True,94.57,-115.15
109.158,True,95.36,-118.01
109.255,True,96.71,-123.85
109.349,True,96.04,-125.52
109.456,True,91.63,-112.17
109.555,True,91.62,-109.02
109.656,True,91.71,-109.91
109.756,True,92.32,-110.71
109.861,True,95.02,-117.83
109.948,True,96.60,-123.65
110.062,True,93.68,-118.12
110.148,True,93.95,-120.17
110.250,True,94.94,-127.09
110.359,True,96.05,-127.83
110.455,True,95.62,-127.87
110.558,True,96.03,-134.87
110.649,True,96.94,-140.72
110.759,True,97.63,-127.61
110.860,True,95.66,-99.50
110.955,True,96.89,-93.80
111.057,True,97.78,-91.41
111.157,True,97.61,-88.47
111.254,True,98.57,-86.36
111.350,True,100.85,-85.79
111.450,True,99.36,-88.20
111.548,True,94.19,-85.56
111.657,True,94.32,-78.03
111.758,True,92.81,-81.54
111.860,True,92.53,-84.72
111.955,True,91.42,-85.85
112.059,True,89.06,-84.31
112.148,True,88.37,-82.76
112.251,True,88.16,-84.12
112.358,True,85.88,-86.08
112.461,True,86.96,-88.44
112.558,True,93.03,-88.75
112.648,True,97.35,-92.89
112.753,True,95.90,-92.03
112.855,True,92.47,-91.61
112.959,True,94.14,-93.35
113.057,True,95.23,-91.76
113.150,True,94.79,-97.33
113.257,True,95.46,-100.58
113.359,True,97.17,-110.45
113.454,True,98.34,-95.89
113.553,True,97.87,-93.31
113.653,True,97.13,-94.71
113.757,True,96.31,-99.27
113.848,True,96.63,-101.59
113.957,True,97.89,-101.41
114.056,True,96.41,-103.26
114.154,True,94.00,-102.32
114.252,True,93.24,-100.34
114.352,True,92.88,-100.18
114.455,True,92.34,-98.94
114.548,True,91.42,-98.40
114.660,True,91.59,-97.36
114.758,True,91.83,-96.31
114.850,True,91.91,-95.68
114.949,True,93.67,-94.81
115.059,True,95.09,-96.48
115.155,True,93.67,-101.20
115.251,True,104.53,-97.35
115.354,True,112.71,-89.11
115.458,True,95.66,-92.67
115.558,True,90.42,-92.88
115.659,True,89.79,-97.24
115.758,True,91.32,-102.57
115.859,True,94.47,-107.29
115.964,True,97.44,-107.44
116.051,True,97.98,-110.33
116.151,True,100.49,-108.48
116.252,True,100.16,-107.21
116.355,True,99.49,-107.34
116.453,True,100.81,-108.62
116.552,True,103.43,-113.03
116.651,True,104.43,-114.24
116.748,True,105.21,-115.91
116.857,True,104.44,-114.20
116.951,True,102.67,-115.44
117.050,True,101.20,-118.18
117.156,True,101.64,-118.94
117.252,True,101.32,-118.63
117.358,True,100.13,-114.17
117.452,True,97.95,-110.63
117.552,True,98.11,-108.99
117.655,True,98.60,-106.19
117.756,True,99.41,-100.18
117.850,True,99.22,-96.71
117.950,True,99.98,-95.55
118.059,True,100.83,-95.54
118.158,True,101.08,-93.67
118.250,True,101.34,-93.08
118.350,True,100.99,-92.34
118.454,True,101.30,-94.11
118.550,True,96.83,-91.86
118.652,True,95.79,-93.42
118.756,True,95.85,-93.87
118.858,True,98.04,-95.13
118.958,True,103.10,-97.45
119.048,True,96.90,-141.27
119.153,True,100.93,-156.60
119.255,True,115.83,-124.37
119.353,True,111.96,-121.85
119.449,True,107.22,-120.22
119.551,True,106.72,-119.31
119.653,True,106.34,-117.60
119.752,True,105.85,-113.26
119.858,True,105.16,-105.34
119.949,True,103.32,-99.21
120.057,True,100.28,-101.97
120.149,True,95.95,-105.63
120.253,True,95.08,-105.35
120.353,True,95.49,-107.81
120.450,True,94.56,-107.54
120.557,True,92.79,-101.39
120.652,True,91.43,-96.37
120.753,True,99.02,-105.09
120.849,True,102.17,-109.84
120.950,True,104.64,-109.22
121.054,True,109.42,-111.54
121.158,True,103.90,-113.82
121.256,True,99.65,-111.71
121.355,True,96.25,-110.82
121.456,True,97.69,-110.44
121.550,True,101.08,-109.80
121.653,True,104.55,-107.42
121.758,True,107.68,-107.06
121.856,True,109.66,-108.47
121.956,True,110.19,-107.19
122.056,True,110.30,-106.79
122.156,True,106.73,-107.60
122.253,True,105.71,-105.65
122.350,True,105.18,-106.04
122.451,True,98.62,-106.24
122.548,True,92.75,-107.13
122.649,True,91.83,-105.83
122.750,True,90.86,-106.59
122.851,True,92.01,-107.40
122.952,True,94.27,-108.00
123.056,True,94.30,-108.63
123.149,True,94.80,-109.71
123.251,True,94.02,-110.90
123.360,True,97.76,-116.89
123.456,True,96.19,-125.10
123.550,True,98.72,-125.96
123.651,True,104.18,-125.03
123.758,True,105.08,-125.02
123.855,True,106.68,-126.67
123.949,True,104.68,-116.34
124.050,True,103.45,-120.96
124.151,True,102.66,-130.44
124.254,True,100.30,-135.23
124.351,True,100.12,-141.69
124.449,True,102.20,-139.10
124.558,True,99.26,-114.12
124.651,True,98.60,-107.89
124.758,True,99.46,-103.14
124.858,True,100.36,-100.50
124.953,True,99.14,-96.22
125.050,True,97.55,-98.25
125.149,True,96.28,-98.70
125.259,True,94.23,-96.88
125.349,True,95.90,-100.74
125.449,True,98.62,-100.61
125.551,True,101.66,-96.12
125.649,True,101.04,-90.54
125.748,True,102.23,-101.63
125.860,True,101.22,-103.25
125.949,True,99.75,-103.63
126.048,True,99.88,-104.24
126.153,True,100.21,-105.22
126.256,True,100.52,-107.18
126.353,True,99.87,-108.16
126.453,True,98.84,-108.06
126.556,True,99.38,-110.38
126.655,True,98.64,-108.38
126.748,True,97.47,-106.39
126.858,True,94.36,-111.30
126.949,True,93.98,-111.90
127.059,True,94.23,-109.15
127.150,True,97.32,-112.81
127.257,True,99.07,-115.31
127.359,True,100.07,-113.01
127.449,True,101.04,-113.35
127.549,True,101.15,-116.43
127.654,True,100.39,-118.02
127.755,True,97.02,-107.13
127.857,True,96.42,-99.09
127.949,True,96.33,-100.43
128.060,True,97.15,-106.81
128.157,True,96.96,-108.32
128.258,True,95.31,-111.45
128.360,True,94.12,-115.01
128.457,True,93.97,-120.08
128.554,True,94.39,-121.54
128.654,True,95.06,-121.29
128.749,True,96.03,-122.46
128.850,True,96.40,-121.71
128.950,True,98.10,-118.65
129.049,True,99.43,-118.53
129.158,True,98.12,-116.21
129.259,True,99.90,-112.67
129.357,True,101.59,-116.60
129.456,True,101.43,-117.96
129.553,True,100.94,-111.78
129.652,True,101.14,-108.64
129.751,True,99.28,-111.37
129.850,True,93.52,-114.51
129.950,True,94.64,-115.52
130.051,True,96.22,-116.40
130.158,True,98.35,-122.71
130.252,True,100.28,-125.02
130.358,True,101.91,-126.58
130.456,True,102.36,-128.23
130.553,True,103.72,-130.31
130.653,True,104.65,-131.41
130.751,True,100.11,-126.89
130.852,True,96.61,-127.39
130.948,True,96.38,-128.83
131.051,True,95.32,-122.03
131.161,True,95.19,-119.70
131.251,True,98.40,-120.82
131.350,True,99.34,-111.79
131.455,True,98.85,-106.38
131.558,True,102.73,-102.52
131.658,True,109.27,-101.86
131.749,True,110.04,-99.13
131.850,True,110.25,-96.74
131.959,True,102.31,-97.74
132.058,True,94.19,-157.82
132.156,True,97.64,-117.33
132.249,True,96.82,-116.92
132.353,True,92.04,-121.13
132.452,True,93.36,-125.00
132.550,True,96.48,-119.86
132.649,True,99.20,-107.93
132.751,True,98.43,-104.37
132.848,True,98.39,-103.01
132.949,True,97.68,-104.34
133.058,True,99.30,-113.81
133.155,True,102.76,-117.30
133.253,True,103.61,-116.97
133.359,True,104.02,-116.62
133.449,True,103.95,-117.12
133.554,True,104.43,-116.38
133.652,True,104.09,-116.28
133.753,True,103.92,-116.80
133.853,True,103.08,-116.94
133.951,True,102.65,-117.26
134.051,True,102.49,-118.68
134.159,True,102.76,-118.82
134.258,True,102.92,-118.56
134.361,True,102.79,-119.86
134.455,True,102.78,-120.84
134.555,True,103.03,-119.53
134.652,True,103.74,-116.79
134.751,True,107.01,-107.06
134.851,True,106.35,-107.76
134.954,True,105.62,-111.22
135.052,True,101.33,-117.08
135.152,True,101.18,-110.86
135.252,True,33.05,-141.43
135.349,True,23.75,-155.53
135.451,True,100.79,-120.03
135.550,True,107.27,-109.60
135.651,True,107.79,-97.72
135.758,True,105.36,-102.15
135.854,True,102.61,-106.40
135.953,True,99.55,-107.19
136.058,True,97.17,-107.01
136.152,True,95.55,-106.73
136.255,True,95.88,-104.49
136.358,True,96.02,-103.21
136.460,True,95.48,-100.89
136.558,True,94.39,-98.51
136.653,True,94.01,-97.36
136.751,True,94.32,-97.24
136.854,True,96.26,-97.25
136.952,True,97.51,-96.71
137.061,True,97.73,-95.14
137.154,True,99.12,-99.28
137.255,True,99.31,-108.36
137.357,True,99.13,-112.67
137.458,True,96.28,-112.86
137.554,True,91.64,-107.37
137.656,True,91.01,-103.61
137.754,True,91.54,-119.06
137.853,True,92.85,-128.79
137.950,True,94.13,-128.11
138.062,True,97.21,-121.86
138.153,True,98.28,-118.19
138.257,True,98.28,-110.51
138.357,True,95.53,-95.93
138.452,True,94.20,-92.93
138.552,True,98.81,-100.64
138.657,True,101.30,-102.84
138.757,True,103.43,-103.70
138.855,True,99.79,-99.65
138.956,True,96.73,-97.45
139.057,True,94.96,-95.56
139.157,True,94.50,-94.28
139.250,True,94.10,-94.85
139.354,True,91.82,-97.20
139.454,True,92.48,-100.19
139.552,True,93.26,-101.30
139.650,True,93.66,-101.98
139.752,True,94.49,-102.27
139.849,True,94.39,-102.65
139.949,True,94.24,-101.15
140.052,True,94.63,-99.91
140.155,True,95.91,-102.16
140.255,True,94.32,-106.59
140.357,True,94.22,-106.44
140.458,True,98.02,-106.65
140.554,True,99.02,-105.03
140.650,True,97.75,-107.27
140.750,True,97.73,-108.51
140.847,True,97.57,-107.30
140.955,True,95.92,-106.70
141.050,True,95.10,-106.03
141.161,True,95.46,-105.90
141.255,True,96.07,-106.69
141.352,True,96.47,-107.62
141.452,True,97.46,-105.08
141.549,True,99.63,-102.12
141.650,True,99.31,-101.47
141.756,True,98.86,-101.68
141.852,True,98.63,-110.71
141.951,True,96.23,-119.05
142.055,True,95.26,-117.72
142.152,True,97.62,-107.65
142.249,True,97.73,-99.82
142.355,True,97.93,-98.74
142.452,True,97.74,-100.32
142.552,True,99.91,-107.15
142.651,True,100.14,-114.44
142.748,True,99.41,-115.21
142.848,True,98.81,-114.52
142.956,True,101.53,-113.39
143.051,True,100.85,-114.36
143.150,True,98.74,-111.30
143.253,True,99.14,-116.05
143.350,True,101.61,-120.47
143.454,True,98.34,-122.52
143.553,True,97.29,-121.95
143.652,True,98.37,-120.06
143.754,True,100.49,-117.30
143.851,True,102.25,-118.79
143.954,True,103.70,-120.06
144.055,True,103.74,-122.16
144.156,True,104.17,-122.73
144.249,True,100.55,-121.53
144.349,True,98.73,-121.35
144.457,True,98.51,-121.88
144.558,True,101.11,-121.90
144.656,True,101.87,-121.55
144.754,True,104.07,-117.64
144.851,True,103.03,-111.99
144.951,True,102.69,-106.69
145.058,True,102.94,-103.42
145.152,True,104.36,-103.35
145.250,True,104.24,-104.08
145.349,True,103.57,-104.30
145.453,True,100.96,-104.11
145.556,True,101.01,-121.54
145.655,True,103.93,-106.97
145.754,True,102.21,-101.55
145.854,True,103.59,-100.20
145.953,True,102.76,-98.80
146.057,True,102.03,-99.89
146.157,True,101.94,-105.96
146.255,True,101.77,-106.81
146.353,True,100.92,-109.02
146.451,True,99.99,-111.02
146.552,True,98.58,-111.43
146.653,True,97.06,-111.92
146.754,True,103.48,-192.76
146.858,True,105.35,-115.99
146.948,True,105.46,-111.26
147.059,True,104.95,-112.22
147.159,True,102.91,-113.34
147.259,True,102.26,-115.10
147.353,True,102.35,-116.31
147.456,True,103.25,-118.88
147.559,True,102.72,-120.10
147.650,True,101.18,-113.40
147.749,True,100.12,-104.88
147.856,True,98.10,-108.63
147.951,True,93.45,-112.42
148.050,True,94.42,-121.77
148.158,True,99.71,-141.54
148.254,True,97.02,-145.21
148.354,True,90.38,-138.74
148.451,True,92.22,-123.88
148.561,True,95.68,-119.75
148.652,True,97.67,-121.00
148.752,True,102.47,-125.41
148.852,True,104.50,-126.53
148.952,True,104.16,-122.11
149.048,True,105.56,-117.16
149.150,True,106.82,-112.93
149.250,True,94.04,-183.26
149.350,True,102.79,-141.94
149.448,True,105.16,-113.47
149.549,True,106.68,-106.79
149.656,True,106.38,-105.28
149.753,True,104.70,-107.77
149.854,True,101.71,-104.31
149.950,True,98.10,-105.42
150.052,True,96.32,-110.43
150.160,True,97.73,-114.05
150.252,True,99.36,-122.71
150.348,True,101.94,-121.01
150.456,True,105.36,-119.88
150.552,True,106.28,-119.34
150.654,True,105.10,-119.72
150.751,True,104.27,-120.51
150.849,True,103.70,-120.92
150.957,True,103.34,-121.44
151.057,True,103.42,-121.63
151.157,True,103.88,-121.14
151.250,True,104.25,-122.09
151.348,True,106.99,-122.09
151.450,True,109.07,-123.02
151.554,True,114.66,-122.04
151.660,True,115.45,-117.37
151.760,True,116.26,-111.26
151.862,True,116.50,-108.37
151.950,True,110.73,-102.48
152.047,True,106.81,-95.37
152.149,True,104.26,-95.67
152.255,True,103.26,-98.83
152.352,True,103.64,-100.56
152.452,True,104.45,-101.42
152.555,True,105.58,-101.96
152.653,True,106.37,-102.03
152.755,True,108.57,-114.58
152.856,True,103.13,-116.12
152.949,True,102.01,-106.67
153.060,True,102.14,-108.11
153.152,True,101.98,-109.54
153.252,True,101.44,-110.17
153.352,True,102.28,-114.67
153.451,True,104.22,-115.52
153.550,True,103.51,-115.92
153.657,True,101.43,-115.80
153.758,True,100.67,-116.99
153.856,True,100.90,-111.94
153.956,True,99.71,-109.53
154.055,True,100.47,-107.77
154.151,True,100.44,-108.08
154.260,True,100.42,-106.44
154.357,True,103.00,-107.21
154.454,True,105.12,-108.08
154.556,True,85.66,-111.42
154.654,True,51.27,-120.99
154.755,True,90.01,-99.42
154.854,True,107.76,-86.77
154.952,True,105.04,-86.96
155.055,True,102.45,-86.98
155.153,True,103.98,-98.62
155.252,True,105.58,-107.15
155.352,True,106.14,-109.71
155.456,True,107.96,-109.49
155.559,True,110.08,-109.06
155.648,True,112.80,-106.01
155.755,True,110.32,-98.27
155.849,True,106.23,-97.82
155.950,True,103.12,-97.61
156.048,True,100.08,-96.58
156.152,True,101.71,-101.02
156.252,True,102.68,-102.43
156.350,True,105.14,-103.88
156.457,True,43.12,-127.02
156.555,True,38.46,-133.85
156.654,True,78.81,-127.44
156.755,True,112.25,-116.65
156.860,True,115.93,-113.84
156.949,True,116.69,-111.75
157.048,True,111.68,-108.78
157.148,True,106.56,-109.23
157.252,True,103.28,-107.28
157.351,True,103.41,-107.03
157.452,True,103.15,-106.90
157.555,True,102.12,-107.94
157.655,True,100.20,-108.56
157.756,True,100.28,-109.65
157.855,True,99.68,-111.82
157.953,True,98.21,-112.40
158.051,True,100.17,-109.23
158.150,True,101.97,-106.55
158.251,True,102.34,-104.77
158.359,True,103.27,-101.22
158.448,True,102.61,-99.10
158.548,True,95.90,-156.27
158.659,True,94.10,-118.54
158.759,True,95.23,-106.22
158.854,True,93.51,-107.04
158.958,True,95.09,-105.72
159.056,False,-4903.78,42371.82
159.156,True,107.64,-138.17
159.256,True,111.01,-106.95
159.357,True,106.58,-113.09
159.456,True,105.12,-115.80
159.557,True,101.01,-114.00
159.658,True,98.73,-113.29
159.759,True,97.24,-112.77
159.855,True,97.04,-110.94
159.952,True,97.35,-108.58
160.057,True,95.73,-108.94
160.161,True,94.89,-108.53
160.254,True,92.75,-108.42
160.355,True,91.59,-111.83
160.452,True,92.39,-110.70
160.557,True,96.75,-114.76
160.654,True,100.84,-175.06
160.755,True,104.75,-120.75
160.854,True,102.44,-113.71
160.952,True,96.88,-112.47
161.055,True,95.70,-109.72
161.160,True,95.33,-110.19
161.251,True,94.15,-110.92
161.352,True,94.05,-118.75
161.454,True,94.57,-120.30
161.555,True,96.63,-111.76
161.648,True,97.28,-110.04
161.750,True,97.57,-110.63
161.853,True,96.79,-110.24
161.956,True,97.47,-110.48
162.048,True,96.31,-111.16
162.156,True,95.68,-108.46
162.257,True,94.21,-107.58
162.356,True,93.03,-109.01
162.457,True,93.51,-109.66
162.550,True,93.11,-112.48
162.652,True,95.31,-113.25
162.755,True,96.93,-113.23
162.859,True,99.00,-112.74
162.957,True,100.45,-112.97
163.055,True,101.91,-115.92
163.149,True,102.91,-118.00
163.252,True,102.82,-119.53
163.359,True,103.31,-120.42
163.458,True,103.60,-123.63
163.558,True,103.85,-125.46
163.658,True,103.67,-125.78
163.756,True,104.08,-126.65
163.853,True,105.03,-127.24
163.955,True,103.54,-123.22
164.051,True,97.93,-122.62
164.149,True,94.24,-119.29
164.251,True,94.52,-117.60
164.350,True,94.66,-117.81
164.454,True,94.37,-120.80
164.559,True,92.75,-121.12
164.657,True,91.63,-121.39
164.757,True,91.71,-120.51
164.852,True,91.71,-118.43
164.955,True,93.60,-112.96
165.059,True,98.16,-107.84
165.154,True,102.11,-102.34
165.251,True,102.35,-99.30
165.350,True,106.80,-95.94
165.457,True,111.09,-93.22
165.548,True,110.52,-99.15
165.650,True,110.23,-108.41
165.756,True,108.47,-112.68
165.855,True,101.18,-103.78
165.948,True,99.67,-104.04
166.051,True,99.75,-101.21
166.151,True,100.05,-104.23
166.251,True,95.69,-107.65
166.350,True,92.46,-100.02
166.448,True,94.81,-100.95
166.560,True,95.76,-111.58
166.653,True,95.77,-114.85
166.754,True,95.91,-116.89
166.855,True,96.16,-118.14
166.957,True,97.44,-114.58
167.058,True,97.20,-111.79
167.157,True,96.17,-107.07
167.253,True,94.80,-104.06
167.351,True,95.00,-103.31
167.458,True,95.71,-103.58
167.554,True,96.34,-106.66
167.650,True,96.32,-115.99
167.760,True,98.46,-115.06
167.848,True,99.01,-115.09
167.952,True,317.11,-110.01
168.058,True,354.74,-118.89
168.156,True,321.16,-123.09
168.255,True,115.19,-81.98
168.351,True,112.21,-79.07
168.448,True,108.48,-86.26
168.552,True,107.03,-90.92
168.654,True,106.26,-92.77
168.755,True,103.37,-103.62
168.857,True,101.81,-110.06
168.955,True,101.82,-114.43
169.054,True,101.85,-117.10
169.154,True,101.97,-118.25
169.253,True,102.69,-121.10
169.354,True,104.25,-123.96
169.455,True,104.65,-123.24
169.551,True,104.72,-124.48
169.656,True,103.60,-122.19
169.752,True,99.85,-123.78
169.853,True,97.86,-122.34
169.952,True,102.95,-117.49
170.050,True,105.40,-115.98
170.159,True,100.96,-113.62
170.248,True,100.58,-108.63
170.349,True,103.06,-107.27
170.459,True,107.61,-112.37
170.559,True,108.45,-116.40
170.656,True,108.45,-118.29
170.748,True,107.61,-119.71
170.857,True,103.09,-115.09
170.957,True,100.50,-111.78
171.049,True,99.85,-111.04
171.157,True,105.85,-117.62
171.248,True,108.86,-125.11
171.357,True,111.02,-122.57
171.456,True,112.12,-117.76
171.558,True,113.41,-115.27
171.657,True,113.27,-114.81
171.753,True,111.45,-112.11
171.850,True,112.27,-100.43
171.957,True,108.03,-100.51
172.057,True,101.24,-96.03
172.150,True,95.58,-94.72
172.261,True,98.32,-92.84
172.358,True,102.33,-98.20
172.448,True,103.33,-101.87
172.550,True,102.68,-103.58
172.649,True,101.36,-103.44
172.751,True,100.56,-103.00
172.850,True,102.44,-108.63
172.956,True,101.73,-121.56
173.055,True,99.51,-121.70
173.156,True,99.10,-125.08
173.252,True,96.66,-131.48
173.355,True,97.80,-132.49
173.451,True,98.25,-137.70
173.555,True,98.61,-140.35
173.653,True,99.62,-141.10
173.753,True,99.24,-141.75
173.848,True,98.89,-142.45
173.948,True,100.14,-142.85
174.050,True,102.36,-137.20
174.152,True,101.30,-132.16
174.255,True,100.35,-131.94
174.352,True,101.69,-132.76
174.453,True,103.56,-129.26
174.553,True,103.67,-125.32
174.651,True,103.93,-123.37
174.755,True,103.95,-111.32
174.851,True,93.55,-101.80
174.949,True,89.50,-98.60
175.057,True,91.78,-100.96
175.154,True,98.83,-106.98
175.255,True,98.28,-108.33
175.357,True,98.87,-125.33
175.459,True,100.44,-125.01
175.556,True,99.18,-128.27
175.652,True,99.59,-129.60
175.749,True,101.29,-135.65
175.857,True,84.84,-133.75
175.957,True,57.76,-117.89
176.055,True,74.78,-138.30
176.158,True,90.63,-137.17
176.257,True,95.16,-129.05
176.351,True,98.11,-133.04
176.453,True,99.41,-132.66
176.557,True,101.45,-132.68
176.650,True,109.22,-127.17
176.761,True,110.70,-126.08
176.856,True,109.48,-122.74
176.954,True,108.59,-121.72
177.056,True,109.36,-124.45
177.156,True,106.70,-124.53
177.260,True,102.18,-121.62
177.353,True,104.95,-127.71
177.461,True,105.57,-129.28
177.554,True,105.95,-130.56
177.652,True,103.92,-122.52
177.755,True,103.44,-131.08
177.851,True,104.68,-142.58
177.951,True,106.40,-141.66
178.057,True,106.42,-127.90
178.156,True,107.01,-126.67
178.256,True,107.05,-121.80
178.355,True,107.03,-118.29
178.456,True,107.44,-121.10
178.548,True,103.12,-119.91
178.650,True,96.05,-119.93
178.750,True,91.33,-115.13
178.849,True,89.70,-116.45
178.957,True,90.46,-118.85
179.057,True,92.12,-118.76
179.155,True,93.15,-118.65
179.253,True,92.44,-119.44
179.348,True,94.02,-118.30
179.460,True,93.30,-121.85
179.550,True,92.47,-126.71
179.650,True,92.40,-129.28
179.750,True,92.32,-131.62
179.849,True,93.38,-133.03
179.950,True,94.00,-133.13
180.049,True,94.47,-132.91
180.148,True,96.47,-134.51
180.259,True,97.61,-136.40
180.348,True,98.52,-137.60
180.450,True,99.21,-136.11
180.548,True,99.53,-131.47
180.650,True,99.61,-130.10
180.750,True,100.34,-130.35
180.851,True,100.44,-128.13
180.952,True,100.27,-116.67
181.060,True,99.61,-113.03
181.157,True,100.15,-113.60
181.255,True,99.05,-101.91
181.355,True,96.75,-97.43
181.448,True,96.37,-104.97
181.556,True,94.21,-108.32
181.659,True,93.89,-95.21
181.756,True,108.71,-88.03
181.852,True,100.95,-90.76
181.955,True,95.22,-95.08
182.051,True,92.48,-94.79
182.149,True,90.36,-94.61
182.250,True,90.68,-94.98
182.351,True,90.39,-94.81
182.456,True,90.58,-96.02
182.555,True,93.25,-99.53
182.653,True,95.43,-101.68
182.749,True,93.69,-103.22
182.851,True,94.56,-117.71
182.958,True,98.46,-126.54
183.057,True,100.13,-128.88
183.155,True,100.09,-129.79
183.255,True,99.81,-129.82
183.353,True,100.66,-130.16
183.453,True,101.18,-131.48
183.552,True,100.78,-133.00
183.650,True,100.00,-133.31
183.751,True,100.27,-131.27
183.853,True,99.52,-133.83
183.959,True,98.92,-139.39
184.050,True,97.55,-142.12
184.148,True,96.50,-144.99
184.259,True,95.69,-145.28
184.356,True,97.94,-144.31
184.458,True,100.12,-133.37
184.555,True,100.76,-122.93
184.652,True,99.63,-110.75
184.751,True,102.30,-112.10
184.859,False,-5988.69,49372.80
184.948,True,89.70,-145.26
185.058,True,95.93,-108.01
185.158,True,93.52,-105.81
185.256,True,90.96,-106.10
185.358,True,95.51,-120.28
185.459,False,-6132.25,51410.29
185.550,False,-6099.22,51038.96
185.649,True,96.83,-120.57
185.755,True,98.35,-130.45
185.857,True,88.45,-127.05
185.956,True,88.66,-121.88
186.049,True,94.32,-116.88
186.160,True,100.54,-108.75
186.250,True,100.98,-103.82
186.351,True,102.17,-97.11
186.449,True,102.28,-95.88
186.547,True,101.22,-97.15
186.648,True,101.22,-97.04
186.757,True,99.24,-96.87
186.850,True,97.10,-95.71
186.949,True,94.52,-103.54
187.059,True,93.33,-107.68
187.153,True,94.04,-110.24
187.255,True,92.98,-114.70
187.356,True,94.89,-109.31
187.456,True,96.80,-105.15
187.550,True,96.39,-103.87
187.657,True,96.16,-100.95
187.756,True,97.81,-97.14
187.853,True,98.74,-96.42
187.949,True,291.60,-104.55
188.048,True,290.05,-115.23
188.157,True,65.07,-82.36
188.259,True,64.09,-81.74
188.356,True,65.54,-88.96
188.448,True,69.13,-98.49
188.559,True,73.80,-96.11
188.657,True,81.21,-99.16
188.754,True,84.82,-102.44
188.855,True,87.40,-104.63
188.953,True,88.90,-107.37
189.052,True,85.19,-114.87
189.148,True,77.33,-113.79
189.255,True,72.69,-114.03
189.354,True,71.00,-107.46
189.457,True,74.77,-106.14
189.552,True,77.02,-107.63
189.651,True,79.06,-106.06
189.751,True,79.90,-112.85
189.850,True,80.06,-118.19
189.948,True,82.05,-122.41
190.053,True,85.45,-121.40
190.157,True,86.86,-118.65
190.257,True,87.81,-119.09
190.351,True,86.90,-119.37
190.455,True,85.63,-118.46
190.553,True,88.61,-135.97
190.656,True,90.31,-144.33
190.751,True,90.02,-143.74
190.854,True,88.40,-141.02
190.954,True,86.58,-138.74
191.053,True,86.52,-138.33
191.157,True,88.00,-124.10
191.250,True,88.45,-111.95
191.349,True,87.41,-111.88
191.454,True,86.03,-111.23
191.555,True,86.37,-108.35
191.650,True,90.09,-105.26
191.750,True,68.27,-106.61
191.858,True,61.14,-108.61
191.959,True,60.85,-110.86
192.057,True,68.02,-119.88
192.152,True,84.11,-122.46
192.255,True,84.85,-123.78
192.352,True,85.42,-124.56
192.456,True,85.66,-123.49
192.559,True,89.99,-125.29
192.656,True,91.17,-129.76
192.753,True,91.42,-130.77
192.854,True,91.92,-129.89
192.955,True,93.15,-131.24
193.049,True,93.66,-133.99
193.159,True,93.81,-132.80
193.250,True,91.01,-131.81
193.359,True,89.38,-134.22
193.457,True,89.80,-133.62
193.556,True,90.51,-133.97
193.652,True,93.27,-132.28
193.749,True,-103.86,-84.60
193.858,True,-124.71,-55.67
193.959,True,-143.01,-47.01
194.057,True,-269.33,-54.05
194.162,False,-284.15,-54.74
194.257,True,-3.64,-52.53
194.348,True,6.96,-54.96
194.454,True,10.65,-58.60
194.560,True,48.07,-59.13
194.658,True,102.35,-72.76
194.749,True,102.82,-65.01
194.858,True,102.06,-48.65
194.951,True,104.61,-66.80
195.052,True,107.64,-96.02
195.151,True,105.26,-91.60
195.250,True,104.64,-76.38
195.356,True,100.79,-83.68
195.455,True,27.78,-141.52
195.550,True,17.76,-151.53
195.651,True,92.97,-114.63
195.755,True,106.66,-101.69
195.856,True,106.92,-103.41
195.953,True,101.81,-100.80
196.050,True,98.96,-101.43
196.153,True,97.75,-103.69
196.256,True,93.97,-101.04
196.357,True,96.71,-93.29
196.456,True,96.81,-86.78
196.554,True,97.25,-90.60
196.654,True,94.48,-87.38
196.751,True,94.89,-95.86
196.853,True,96.03,-99.93
196.950,True,92.44,-110.70
197.053,True,90.31,-111.81
197.150,True,89.69,-113.12
197.250,True,88.89,-115.06
197.359,True,88.95,-113.88
197.460,True,89.16,-100.15
197.552,True,88.94,-96.40
197.655,True,87.90,-97.90
197.755,True,87.33,-98.97
197.856,True,88.81,-116.92
197.959,True,87.86,-106.27
198.051,True,88.01,-108.07
198.149,True,88.95,-108.88
198.249,True,90.48,-96.74
198.349,True,90.19,-100.68
198.451,True,94.92,-122.85
198.555,True,117.16,-103.30
198.659,True,121.15,-83.79
198.757,True,113.06,-80.41
198.853,True,7.54,-87.26
198.953,False,-6445.92,53553.04
199.051,True,109.16,-136.66
199.155,True,129.03,-155.58
199.254,True,120.46,-158.01
199.355,True,116.45,-114.40
199.457,True,113.31,-107.17
199.559,True,107.77,-103.79
199.660,True,104.08,-102.66
199.750,True,100.08,-102.85
199.848,True,90.43,-103.02
199.953,True,83.44,-107.34
200.062,True,80.00,-113.76
200.151,True,78.75,-123.62
200.254,True,78.38,-125.39
200.350,True,78.08,-124.94
200.456,True,85.54,-117.36
200.554,True,86.94,-115.99
200.653,True,87.31,-114.25
200.752,True,89.12,-112.25
200.853,True,89.99,-114.36
200.955,True,88.30,-120.23
201.054,True,88.35,-121.61
201.153,True,88.15,-120.17
201.250,True,88.44,-118.46
201.357,True,88.58,-117.34
201.448,True,89.20,-116.91
201.549,True,89.69,-118.57
201.649,True,89.63,-125.77
201.760,True,89.45,-125.14
201.848,True,88.87,-122.50
201.948,True,88.65,-121.05
202.058,True,87.19,-127.14
202.151,True,86.52,-134.58
202.249,True,86.83,-131.98
202.355,True,88.50,-117.43
202.450,True,94.12,-114.26
202.554,True,98.40,-111.06
202.650,True,101.62,-109.87
202.756,True,100.53,-109.82
202.851,True,97.17,-108.90
202.952,True,93.91,-96.21
203.057,True,94.29,-91.33
203.159,True,94.79,-91.76
203.259,True,98.03,-91.05
203.353,True,101.40,-96.16
203.453,True,100.92,-90.06
203.555,True,105.59,-107.97
203.655,True,108.31,-121.80
203.754,True,107.14,-126.75
203.851,True,106.06,-124.62
203.949,True,84.71,-123.56
204.060,True,131.04,-126.49
204.149,True,213.26,-135.20
204.251,True,218.87,-138.35
204.358,True,177.49,-138.75
204.448,True,109.28,-136.50
204.559,True,102.73,-135.29
204.651,True,101.66,-134.62
204.751,True,98.33,-134.92
204.849,True,95.84,-135.09
204.952,True,93.55,-136.47
205.050,True,93.50,-138.86
205.157,True,92.59,-141.99
205.253,True,96.38,-138.68
205.350,True,98.90,-133.14
205.459,True,99.86,-131.46
205.557,True,100.36,-130.96
205.658,True,100.83,-131.64
205.760,True,99.48,-136.98
205.854,True,98.80,-138.08
205.957,True,98.90,-137.40
206.052,True,99.04,-134.39
206.152,True,100.67,-122.79
206.248,True,101.44,-117.71
206.350,True,102.57,-116.73
206.458,True,103.79,-116.01
206.558,True,104.32,-117.51
206.657,True,102.10,-124.33
206.755,True,100.52,-127.47
206.857,True,98.27,-132.46
206.951,True,97.02,-134.77
207.056,True,97.01,-137.04
207.150,True,236.13,-128.26
207.257,True,306.10,-128.39
207.358,True,304.77,-117.24
207.459,True,260.77,-121.13
207.551,True,117.94,-135.96
207.652,True,113.07,-140.62
207.759,True,94.18,-141.96
207.857,True,90.78,-140.68
207.957,True,88.91,-141.02
208.050,True,88.36,-141.92
208.151,True,86.45,-140.99
208.254,True,85.37,-142.15
208.355,True,86.81,-146.11
208.458,True,87.45,-152.17
208.551,True,88.01,-146.24
208.661,True,88.75,-129.68
208.757,True,86.78,-113.98
208.858,True,86.78,-112.32
208.953,True,85.42,-114.08
209.054,True,85.32,-114.23
209.152,True,86.49,-114.67
209.254,True,87.40,-114.35
209.350,True,87.69,-113.78
209.448,True,88.40,-113.59
209.550,True,89.68,-109.64
209.660,True,61.74,-118.95
209.751,True,-20.88,-205.27
209.850,True,-16.19,-224.41
209.949,True,-19.24,-222.02
210.057,True,96.01,-121.00
210.157,True,94.05,-118.95
210.251,True,92.67,-115.58
210.358,True,92.45,-111.59
210.455,True,96.46,-112.12
210.549,True,99.15,-112.20
210.657,True,102.21,-110.70
210.758,True,103.35,-108.30
210.855,True,103.42,-107.26
210.948,True,103.87,-111.83
211.056,True,104.88,-114.81
211.149,True,99.95,-108.39
211.252,True,92.55,-99.13
211.357,True,88.70,-96.28
211.457,True,95.09,-106.06
211.554,True,102.82,-121.05
211.653,True,103.76,-122.60
211.754,True,100.89,-115.75
211.850,True,101.10,-123.91
211.959,True,101.52,-129.65
212.055,True,102.07,-134.10
212.152,True,101.60,-134.82
212.251,True,100.63,-134.22
212.352,True,100.47,-133.62
212.449,True,101.41,-132.46
212.551,True,102.21,-120.44
212.648,True,104.66,-110.21
212.751,True,107.90,-106.76
212.854,True,107.56,-104.44
212.948,True,105.97,-102.36
213.061,True,105.21,-102.14
213.156,True,105.44,-101.58
213.257,True,105.85,-101.38
213.348,True,105.79,-101.22
213.449,True,103.91,-102.22
213.558,True,102.96,-103.08
213.660,True,102.85,-103.17
213.755,True,101.75,-105.63
213.858,True,101.71,-104.62
213.955,True,102.43,-105.67
214.054,True,102.76,-105.86
214.152,True,101.08,-103.29
214.251,True,101.52,-108.50
214.350,True,101.63,-112.64
214.449,True,101.42,-114.47
214.552,True,101.26,-112.08
214.650,True,97.09,-101.90
214.754,True,99.12,-103.67
214.855,True,98.98,-102.27
214.955,True,97.46,-96.59
215.055,True,98.74,-91.10
215.154,True,98.07,-89.81
215.253,True,97.78,-93.64
215.359,True,93.33,-91.35
215.455,True,92.21,-89.00
215.549,True,98.05,-106.19
215.660,True,103.69,-112.21
215.758,True,106.01,-109.15
215.856,True,108.29,-106.35
215.953,True,108.68,-102.13
216.051,True,109.17,-101.89
216.150,True,108.57,-97.94
216.249,True,107.47,-96.06
216.348,True,105.80,-99.35
216.448,True,105.67,-98.09
216.550,True,107.86,-102.27
216.648,True,106.96,-99.76
216.748,True,106.11,-100.04
216.849,True,103.57,-105.75
216.951,True,103.44,-113.05
217.054,True,101.58,-118.79
217.149,True,100.45,-120.54
217.251,True,100.37,-121.90
217.348,True,100.40,-124.88
217.448,True,100.27,-129.89
217.553,True,100.00,-133.57
217.653,True,102.01,-128.97
217.751,True,103.41,-123.92
217.854,True,105.88,-123.15
217.954,True,103.38,-123.81
218.054,True,100.78,-126.31
218.149,True,100.54,-128.59
218.258,True,100.49,-130.54
218.357,True,99.98,-131.67
218.457,True,100.41,-132.49
218.549,True,101.55,-129.04
218.648,True,102.45,-126.98
218.756,True,102.15,-124.63
218.856,True,102.39,-125.53
218.959,True,102.09,-126.05
219.059,True,98.73,-127.69
219.160,True,97.09,-133.68
219.259,True,97.99,-134.99
219.355,True,101.94,-124.28
219.449,True,106.06,-114.19
219.558,True,109.00,-110.50
219.656,True,108.86,-109.47
219.753,True,106.58,-109.09
219.849,True,106.14,-109.61
219.948,True,102.47,-109.86
220.059,True,99.89,-111.18
220.148,True,99.30,-112.53
220.253,True,99.44,-116.55
220.355,True,100.54,-119.29
220.456,True,101.66,-122.10
220.558,True,98.34,-126.46
220.650,True,96.79,-137.56
220.757,True,95.40,-144.45
220.857,True,95.07,-146.11
220.950,True,94.62,-145.96
221.053,True,93.97,-146.50
221.151,True,93.67,-147.09
221.249,True,93.41,-146.96
221.348,True,94.73,-143.76
221.456,True,95.48,-140.97
221.559,True,97.16,-139.38
221.649,True,97.44,-137.68
221.749,True,98.53,-139.82
221.851,True,99.77,-142.60
221.956,True,100.34,-143.34
222.049,True,102.07,-143.06
222.149,True,107.23,-136.40
222.254,True,106.15,-126.55
222.354,True,103.86,-129.01
222.452,True,100.03,-131.34
222.553,True,93.93,-120.36
222.655,True,94.30,-136.41
222.752,True,92.74,-131.89
222.858,True,99.23,-119.99
222.956,True,94.79,-110.56
223.061,True,95.31,-114.51
223.160,True,96.59,-117.24
223.260,True,96.77,-117.33
223.355,True,96.39,-116.38
223.456,True,95.53,-115.99
223.554,True,95.82,-118.18
223.650,True,95.78,-119.48
223.751,True,95.82,-123.08
223.849,True,96.64,-125.48
223.958,True,96.29,-127.45
224.054,True,97.69,-126.74
224.156,True,97.87,-126.78
224.257,True,97.20,-127.28
224.350,True,96.45,-129.51
224.454,True,97.32,-131.51
224.559,True,101.33,-132.30
224.658,True,100.71,-125.37
224.758,True,98.63,-124.37
224.848,True,101.26,-127.57
224.952,True,102.85,-130.74
225.050,True,105.28,-130.28
225.157,True,106.45,-131.71
225.251,True,106.33,-127.51
225.353,True,99.29,-114.21
225.451,True,92.72,-102.21
225.555,True,91.96,-110.95
225.664,True,95.87,-110.37
225.751,True,97.73,-106.53
225.852,True,100.55,-103.22
225.960,True,98.70,-99.20
226.062,True,95.23,-104.01
226.159,True,-15.17,-175.85
226.251,True,-37.48,-195.31
226.360,True,-36.84,-192.96
226.455,True,52.37,-121.38
226.553,True,99.51,-97.64
226.657,True,97.16,-99.97
226.757,True,97.70,-103.33
226.848,True,98.97,-107.30
226.948,True,100.42,-108.04
227.062,True,99.06,-107.91
227.151,True,97.03,-98.24
227.253,True,96.69,-96.96
227.351,True,96.59,-100.77
227.449,True,96.67,-106.77
227.550,True,96.66,-105.85
227.654,True,90.05,-100.27
227.751,True,86.52,-99.08
227.854,True,82.89,-101.21
227.952,True,83.20,-101.53
228.055,True,83.04,-102.92
228.155,True,84.10,-102.55
228.255,True,84.84,-102.02
228.361,True,84.23,-106.11
228.453,True,85.37,-106.81
228.552,True,91.10,-106.22
228.656,True,92.23,-108.91
228.757,True,90.17,-112.87
228.857,True,89.26,-117.60
228.948,True,89.29,-118.93
229.057,True,90.41,-117.16
229.157,True,90.88,-116.26
229.256,True,91.64,-110.94
229.351,True,93.79,-106.19
229.451,True,96.73,-104.59
229.558,True,97.94,-104.43
229.648,True,98.51,-104.73
229.750,True,99.63,-106.88
229.856,True,104.30,-114.30
229.949,True,105.50,-116.15
230.053,True,105.79,-115.89
230.150,True,104.81,-111.90
230.254,True,98.11,-99.97
230.354,True,92.78,-104.49
230.448,True,94.20,-132.33
230.550,True,94.98,-136.39
230.650,True,95.19,-139.19
230.753,True,95.15,-141.78
230.855,True,96.75,-142.84
230.956,True,95.66,-143.32
231.054,True,94.19,-144.00
231.156,True,95.56,-141.24
231.253,True,96.01,-142.20
231.358,True,94.84,-143.31
231.458,True,92.84,-142.78
231.559,True,93.86,-140.52
231.656,True,94.73,-139.13
231.756,True,95.97,-141.79
231.851,True,95.88,-143.94
231.951,True,95.87,-144.43
232.058,True,95.60,-144.15
232.153,True,97.23,-144.90
232.253,True,95.48,-142.42
232.353,True,90.80,-131.23
232.452,True,89.34,-109.11
232.552,True,90.09,-105.41
232.651,True,88.13,-110.94
232.753,True,91.40,-133.89
232.854,True,94.16,-135.66
232.961,True,97.29,-133.08
233.058,True,99.75,-126.25
233.159,True,100.38,-120.26
233.250,True,100.46,-118.28
233.349,True,100.62,-116.14
233.459,True,99.64,-114.56
233.548,True,100.19,-114.43
233.651,True,99.12,-116.88
233.756,True,97.22,-122.62
233.856,True,95.84,-124.71
233.954,True,95.02,-126.40
234.058,True,168.62,-123.67
234.148,True,269.57,-114.97
234.256,True,296.83,-115.22
234.351,True,116.20,-116.00
234.455,True,85.37,-124.05
234.549,True,83.72,-126.25
234.650,True,83.33,-127.66
234.756,True,84.29,-134.05
234.855,True,84.04,-138.03
234.948,True,84.10,-139.57
235.050,True,84.36,-139.65
235.148,True,83.92,-124.69
235.256,True,-6478.64,52329.11
235.348,True,99.71,-164.77
235.460,True,71.13,-127.92
235.558,True,83.50,-118.62
235.650,True,92.51,-118.21
235.756,True,-6784.06,54370.77
235.858,True,124.41,-171.51
235.957,True,107.71,-139.84
236.054,True,-6929.58,55234.98
236.156,True,-6984.70,56155.72
236.248,True,72.21,-133.69
236.356,True,74.14,-114.28
236.448,True,82.84,-118.16
236.556,True,-6413.81,51779.77
236.649,True,-6415.79,51935.74
236.751,True,-6309.17,51158.29
236.856,True,-6293.15,51114.23
236.959,True,148.54,-172.05
237.051,True,-6174.01,50419.91
237.148,True,131.17,-173.43
237.256,True,115.00,-115.69
237.354,True,112.03,-114.99
237.456,True,109.84,-115.51
237.549,True,110.49,-114.64
237.657,True,111.69,-109.60
237.754,True,113.30,-104.65
237.853,True,114.35,-98.29
237.958,True,280.49,-95.20
238.050,True,288.71,-96.43
238.162,False,-6649.41,54616.18
238.248,True,33.07,-138.05
238.357,True,13.12,-111.76
238.448,True,24.64,-98.50
238.556,True,90.71,-110.72
238.656,True,90.37,-110.80
238.748,True,92.81,-110.03
238.849,True,95.44,-110.52
238.948,True,97.59,-110.48
239.060,True,100.70,-110.64
239.150,True,101.86,-113.29
239.251,True,102.49,-115.69
239.354,True,102.69,-119.04
239.458,True,100.11,-124.94
239.561,True,95.61,-133.85
239.652,True,93.14,-137.21
239.751,True,92.72,-133.91
239.861,True,92.67,-134.36
239.950,True,91.57,-133.79
240.057,True,86.21,-127.41
240.157,True,83.86,-124.25
240.248,True,81.60,-123.16
240.352,True,84.15,-118.41
240.450,True,88.39,-114.97
240.554,True,91.92,-114.32
240.654,True,93.04,-114.62
240.752,True,92.79,-114.18
240.849,True,92.43,-114.26
240.948,True,91.84,-114.42
241.051,True,92.25,-112.88
241.148,True,94.47,-113.91
241.253,True,94.55,-114.18
241.356,True,96.53,-111.31
241.456,True,99.55,-106.72
241.556,True,100.28,-104.52
241.657,True,100.79,-100.49
241.756,True,101.52,-92.52
241.853,True,97.41,-93.19
241.956,True,85.14,-86.91
242.063,True,82.73,-79.30
242.159,True,85.33,-79.90
242.258,True,87.95,-80.61
242.353,True,88.44,-77.58
242.459,True,102.19,-95.95
242.551,True,101.62,-89.76
242.651,True,104.58,-102.79
242.762,True,99.53,-94.58
242.848,True,94.77,-89.21
242.961,True,94.19,-90.86
243.056,True,71.30,-86.19
243.148,True,70.60,-88.27
243.251,True,85.67,-98.46
243.358,True,88.98,-96.84
243.453,True,90.01,-93.22
243.559,True,92.62,-93.61
243.659,True,94.93,-92.96
243.756,True,97.29,-88.28
243.858,True,97.12,-85.44
243.959,True,97.50,-85.11
244.051,True,97.56,-85.35
244.150,True,97.39,-87.40
244.252,True,98.34,-88.93
244.352,True,99.81,-87.51
244.459,True,107.94,-90.41
244.559,True,111.57,-96.08
244.660,True,112.23,-96.59
244.750,True,115.92,-105.88
244.849,True,111.70,-109.37
244.949,True,110.51,-121.84
245.049,True,109.29,-126.32
245.148,True,107.41,-129.16
245.260,True,103.30,-129.61
245.357,True,106.02,-130.83
245.457,True,100.78,-129.77
245.559,True,99.74,-133.74
245.652,True,102.01,-137.63
245.758,True,94.15,-139.92
245.848,True,89.86,-140.17
245.949,True,100.67,-140.75
246.058,True,103.68,-140.72
246.156,True,101.57,-138.96
246.254,True,104.44,-141.49
246.356,True,109.70,-141.65
246.449,True,108.14,-137.42
246.553,True,109.69,-133.51
246.649,True,114.99,-133.50
246.751,True,116.55,-134.45
246.850,True,116.71,-134.53
246.954,True,116.04,-134.94
247.056,True,111.20,-128.10
247.159,True,100.76,-118.73
247.250,True,100.43,-116.33
247.356,True,101.47,-115.90
247.453,True,97.54,-115.87
247.553,True,101.37,-117.82
247.656,True,100.51,-111.67
247.754,True,98.33,-99.06
247.849,True,96.99,-88.67
247.959,True,97.62,-78.57
248.049,True,98.90,-72.46
248.158,True,96.70,-69.64
248.251,True,94.15,-68.74
248.348,True,94.25,-66.73
248.454,True,94.32,-61.82
248.556,True,94.06,-62.52
248.660,True,100.76,-91.15
248.757,True,106.49,-96.03
248.857,True,108.52,-98.27
248.956,True,105.85,-102.58
249.057,True,109.92,-121.73
249.157,True,109.76,-125.01
249.261,True,100.16,-124.00
249.357,True,99.53,-127.73
249.457,True,99.78,-122.75
249.549,True,96.80,-111.09
249.649,True,101.21,-117.97
249.762,True,100.87,-182.96
249.857,True,103.35,-147.20
249.952,True,94.30,-108.00
250.052,True,88.57,-103.85
250.152,True,86.31,-104.73
250.255,True,84.83,-108.50
250.357,True,84.67,-109.17
250.461,True,81.74,-95.18
250.558,True,83.39,-97.19
250.656,True,85.82,-97.58
250.755,True,87.66,-97.64
250.857,True,87.57,-99.88
250.954,True,87.99,-99.63
251.056,True,92.24,-110.96
251.155,True,93.75,-115.49
251.255,True,102.95,-116.25
251.350,True,105.45,-110.43
251.451,True,104.35,-102.08
251.555,True,108.75,-112.02
251.651,True,112.12,-117.83
251.753,True,109.20,-102.93
251.852,True,96.44,-81.81
251.952,True,91.05,-80.47
252.058,True,89.75,-79.62
252.156,True,90.71,-78.12
252.254,True,89.28,-77.41
252.352,True,90.88,-76.56
252.452,True,92.59,-77.61
252.558,True,91.57,-77.18
252.656,True,91.87,-79.59
252.755,True,99.14,-93.27
252.854,True,106.26,-106.85
252.957,True,104.53,-112.69
253.055,True,102.28,-115.91
253.154,True,99.02,-116.26
253.257,True,97.03,-116.46
253.353,True,96.90,-118.33
253.456,True,98.26,-120.60
253.549,True,97.60,-124.29
253.657,True,98.76,-125.16
253.759,True,99.79,-121.41
253.859,True,99.62,-120.78
253.955,True,98.48,-121.30
254.056,True,96.86,-123.13
254.157,True,95.81,-124.64
254.250,True,95.37,-125.41
254.351,True,96.02,-124.96
254.450,True,95.07,-117.87
254.550,True,97.16,-119.21
254.652,True,98.27,-119.88
254.751,True,100.57,-121.08
254.855,True,101.77,-118.80
254.955,True,103.05,-107.84
255.052,True,103.97,-102.78
255.148,True,104.79,-100.24
255.254,True,105.04,-98.83
255.357,True,104.59,-98.02
255.457,True,104.30,-96.30
255.550,True,104.26,-94.75
255.659,True,102.83,-95.16
255.759,True,102.09,-95.05
255.850,True,100.81,-97.42
255.950,True,98.21,-103.94
256.050,True,98.04,-110.24
256.159,True,99.12,-114.05
256.250,True,100.10,-115.29
256.362,True,101.91,-117.43
256.448,True,102.91,-121.39
256.558,True,104.64,-198.10
256.656,True,108.34,-144.14
256.756,True,107.42,-133.94
256.855,True,102.22,-120.94
256.958,True,93.07,-114.12
257.052,True,88.88,-112.69
257.155,True,86.06,-109.94
257.253,True,84.76,-107.87
257.353,True,87.87,-100.72
257.449,True,92.81,-100.86
257.550,True,96.24,-102.04
257.657,True,94.12,-103.63
257.752,True,92.99,-103.73
257.852,True,94.83,-108.93
257.951,True,98.68,-113.30
258.050,True,103.50,-113.76
258.153,True,105.78,-110.46
258.252,True,106.97,-107.45
258.355,True,108.62,-107.44
258.448,True,106.96,-107.06
258.549,True,104.66,-104.31
258.652,True,102.39,-102.08
258.757,True,96.29,-97.58
258.848,True,94.92,-98.27
258.959,True,95.52,-100.22
259.048,True,94.30,-99.33
259.156,True,94.83,-100.95
259.258,True,96.77,-102.84
259.358,True,98.92,-104.89
259.456,True,97.73,-107.22
259.551,True,96.19,-107.71
259.649,True,94.41,-102.99
259.750,True,95.66,-106.28
259.857,True,95.86,-107.71
259.951,True,98.68,-109.52
260.050,True,95.58,-104.89
260.148,True,93.42,-99.18
260.253,True,92.75,-96.78
260.361,True,93.16,-95.50
260.459,True,94.57,-95.21
260.559,True,94.03,-94.57
260.652,True,95.48,-92.74
260.754,True,96.47,-92.01
260.850,True,97.28,-101.37
260.963,True,93.33,-116.09
261.056,True,92.40,-122.60
261.155,True,97.43,-125.84
261.262,True,108.92,-141.42
261.357,True,108.47,-140.87
261.457,True,107.24,-140.73
261.559,True,107.32,-136.41
261.657,True,106.24,-126.30
261.756,True,106.53,-120.37
261.856,True,106.59,-118.31
261.956,True,105.96,-116.27
262.058,True,106.80,-115.91
262.157,True,108.80,-113.86
262.252,True,106.73,-113.45
262.349,True,104.32,-113.50
262.454,True,103.42,-113.26
262.550,True,102.89,-117.02
262.653,True,102.32,-122.06
262.758,True,100.32,-127.81
262.854,True,98.72,-130.51
262.953,True,98.71,-133.48
263.052,True,99.20,-134.91
263.150,True,100.09,-133.21
263.255,True,100.64,-129.89
263.357,True,96.85,-125.64
263.455,True,91.74,-124.44
263.553,True,89.24,-122.92
263.650,True,88.43,-118.49
263.755,True,90.25,-115.45
263.854,True,90.18,-114.64
263.951,True,95.49,-116.19
264.052,True,98.76,-120.54
264.154,True,99.66,-124.61
264.255,True,101.96,-125.23
264.350,True,102.93,-125.94
264.461,True,102.73,-128.08
264.548,True,99.57,-130.00
264.651,True,100.03,-128.69
264.755,True,100.86,-127.14
264.855,True,101.98,-125.61
264.956,True,102.61,-115.31
265.056,True,102.33,-106.66
265.155,True,101.98,-104.22
265.255,True,103.37,-102.34
265.362,True,103.38,-102.83
265.454,True,101.59,-103.40
265.549,True,101.46,-102.46
265.658,True,105.77,-102.80
265.750,True,117.40,-99.61
265.848,True,105.36,-94.84
265.959,True,97.64,-89.34
266.052,True,98.46,-89.27
266.161,True,100.36,-89.82
266.258,True,100.06,-92.25
266.356,True,99.37,-100.85
266.456,True,100.59,-100.21
266.555,True,98.02,-99.04
266.654,True,95.13,-97.08
266.755,True,95.86,-100.86
266.850,True,97.27,-105.32
266.955,True,96.52,-106.02
267.050,True,96.90,-106.53
267.155,True,96.67,-108.93
267.256,True,95.41,-108.83
267.353,True,98.51,-109.18
267.455,True,101.45,-111.81
267.553,True,101.64,-113.08
267.650,True,105.11,-125.77
267.761,True,105.91,-127.18
267.858,True,105.10,-123.94
267.955,True,103.87,-125.34
268.057,True,101.10,-127.17
268.154,True,102.25,-127.35
268.256,True,103.62,-127.05
268.353,True,104.21,-124.47
268.458,True,103.78,-113.72
268.549,True,104.42,-106.32
268.651,True,17.64,-134.48
268.756,True,-5.80,-164.14
268.857,True,-8.98,-165.71
268.955,True,105.09,-107.88
269.055,True,112.25,-103.74
269.154,True,114.27,-109.98
269.255,True,113.59,-104.42
269.348,True,110.88,-106.24
269.455,True,116.33,-119.06
269.558,True,119.15,-118.46
269.655,True,114.41,-102.31
269.758,True,111.01,-100.56
269.857,True,106.19,-97.61
269.957,True,104.97,-96.54
270.050,True,106.43,-99.05
270.150,True,111.13,-108.89
270.257,True,114.72,-117.71
270.358,True,112.48,-117.62
270.451,True,5.18,-162.97
270.553,True,-3.28,-178.76
270.655,True,-5.51,-183.71
270.756,True,99.00,-163.45
270.861,True,124.43,-143.76
270.950,True,125.62,-139.73
271.054,True,128.02,-130.47
271.157,True,123.59,-120.17
271.259,True,117.40,-117.27
271.357,True,109.32,-118.32
271.456,True,104.04,-122.16
271.551,True,101.24,-122.62
271.648,True,99.77,-121.35
271.749,True,99.22,-122.98
271.858,True,99.06,-114.66
271.948,True,99.22,-108.79
272.048,True,99.67,-108.62
272.150,True,100.11,-108.16
272.249,True,28.38,-102.13
272.356,True,-33.12,-99.45
272.458,True,57.25,-116.23
272.560,True,75.54,-126.87
272.648,True,76.96,-126.75
272.757,True,80.56,-126.00
272.849,True,92.87,-124.18
272.954,True,108.10,-131.11
273.054,True,106.52,-127.52
273.156,True,97.81,-112.99
273.256,True,97.93,-112.00
273.348,True,96.87,-113.00
273.452,True,88.02,-102.69
273.556,True,84.26,-102.25
273.658,True,87.30,-103.07
273.756,True,92.46,-104.26
273.853,True,92.42,-103.88
273.958,True,91.69,-105.17
274.050,True,89.20,-107.00
274.152,True,89.64,-110.33
274.253,True,88.96,-111.79
274.363,True,94.46,-120.25
274.453,True,99.10,-125.89
274.552,True,100.16,-127.98
274.652,True,93.66,-113.92
274.751,True,90.44,-108.25
274.848,True,88.89,-104.87
274.955,True,89.20,-105.87
275.050,True,95.91,-125.83
275.150,True,109.33,-153.01
275.251,True,113.46,-152.42
275.348,True,117.51,-141.65
275.449,True,120.51,-132.39
275.550,True,122.86,-129.73
275.654,True,123.69,-127.00
275.750,True,124.73,-124.24
275.851,True,124.71,-121.87
275.948,True,121.70,-115.52
276.059,True,113.30,-94.37
276.148,True,112.36,-95.47
276.253,True,112.21,-105.58
276.357,True,116.19,-110.73
276.458,True,119.60,-112.30
276.548,True,120.62,-117.17
276.656,True,111.07,-107.72
276.750,True,109.03,-106.58
276.850,True,108.51,-107.88
276.949,True,108.67,-110.95
277.055,True,105.72,-111.00
277.151,True,105.90,-112.62
277.250,True,105.33,-112.84
277.361,True,105.53,-111.04
277.456,True,105.83,-111.97
277.549,True,106.67,-112.94
277.648,True,108.47,-114.75
277.750,True,108.72,-112.38
277.860,True,77.64,-68.99
277.957,True,70.97,-58.11
278.050,True,-80.59,-61.82
278.148,True,-89.88,-59.33
278.262,True,15.65,-87.33
278.354,True,74.31,-101.14
278.457,True,72.54,-109.03
278.550,True,70.44,-112.74
278.651,True,72.42,-111.29
278.748,True,75.38,-107.03
278.850,True,82.45,-104.61
278.951,True,92.36,-104.83
279.052,True,95.76,-101.07
279.148,True,95.58,-98.21
279.249,True,97.22,-93.40
279.354,True,190.83,-76.74
279.450,True,215.64,-67.56
279.549,True,190.29,-72.25
279.649,True,151.12,-77.77
279.753,True,101.94,-87.06
279.854,True,97.23,-90.59
279.948,True,97.08,-93.56
280.050,True,96.31,-94.53
280.152,True,87.82,-100.50
280.252,True,83.99,-102.64
280.353,True,82.42,-103.47
280.450,True,85.19,-105.25
280.550,True,88.59,-110.22
280.652,True,89.54,-112.58
280.752,True,91.92,-114.62
280.853,True,94.22,-113.74
280.958,True,96.53,-112.53
281.056,True,96.98,-112.65
281.161,True,97.00,-112.96
281.255,True,96.77,-113.81
281.353,True,97.72,-114.37
281.455,True,98.12,-114.36
281.557,True,98.73,-114.70
281.650,True,98.41,-114.96
281.752,True,98.65,-115.43
281.850,True,98.06,-115.36
281.954,True,97.21,-116.39
282.050,True,94.25,-114.10
282.157,True,92.37,-109.89
282.257,True,94.41,-109.56
282.355,True,94.53,-101.18
282.461,True,95.90,-87.76
282.557,True,98.20,-83.95
282.657,True,98.38,-83.80
282.752,True,99.27,-83.56
282.851,True,99.14,-81.22
282.952,True,99.31,-79.52
283.057,True,102.30,-85.13
283.155,True,100.13,-86.90
283.254,False,-7006.31,56691.15
283.349,True,105.48,-95.26
283.448,True,115.95,-83.76
283.552,True,110.30,-83.34
283.648,True,101.05,-88.74
283.748,True,97.88,-96.77
283.854,True,99.76,-106.03
283.951,True,99.53,-106.65
284.051,True,98.18,-103.61
284.162,True,99.27,-101.39
284.257,False,-6644.94,54129.10
284.355,True,99.69,-91.04
284.458,True,102.26,-86.36
284.552,True,91.76,-91.39
284.658,True,86.06,-95.14
284.750,True,86.55,-97.99
284.852,True,85.80,-99.79
284.958,True,88.22,-102.28
285.061,True,94.45,-105.75
285.159,True,99.50,-105.94
285.250,True,100.50,-105.83
285.354,True,98.11,-104.77
285.455,True,94.24,-100.44
285.552,True,94.25,-100.76
285.648,True,95.00,-101.08
285.760,True,98.11,-103.64
285.850,True,100.30,-104.71
285.957,True,101.28,-103.29
286.057,True,101.31,-100.30
286.150,True,99.99,-98.19
286.250,True,92.61,-87.01
286.349,True,88.95,-81.75
286.457,True,88.04,-85.49
286.556,True,85.90,-88.40
286.654,True,83.25,-88.41
286.761,True,83.81,-95.28
286.859,True,87.14,-101.81
286.952,True,90.10,-102.60
287.058,True,93.03,-102.37
287.150,True,97.05,-99.98
287.250,True,99.36,-99.15
287.353,True,100.77,-99.15
287.452,True,102.52,-99.20
287.552,True,101.52,-107.45
287.662,True,99.96,-113.16
287.755,True,99.85,-116.92
287.857,True,98.84,-114.90
287.959,True,96.95,-107.39
288.048,True,95.85,-106.15
288.150,True,94.41,-107.68
288.258,True,92.02,-108.76
288.360,True,95.47,-108.71
288.450,True,95.22,-107.89
288.553,True,89.85,-102.20
288.653,True,89.56,-99.70
288.751,True,90.78,-98.15
288.856,True,85.19,-97.85
288.958,True,86.69,-96.91
289.060,True,86.70,-95.64
289.159,True,87.45,-86.28
289.249,True,88.80,-79.59
289.357,True,90.09,-75.05
289.451,True,91.35,-73.68
289.550,True,91.95,-72.31
289.650,True,91.10,-69.93
289.752,True,91.75,-67.13
289.859,True,93.09,-74.04
289.950,True,93.98,-82.36
290.051,True,91.56,-73.41
290.148,True,262.38,-122.29
290.259,True,275.92,-123.50
290.357,True,276.67,-123.10
290.454,True,39.22,-103.04
290.549,True,35.79,-98.16
290.650,True,31.86,-87.68
290.748,True,35.40,-86.71
290.856,True,43.32,-87.88
290.951,True,42.88,-88.29
291.055,True,43.20,-89.97
291.153,True,42.70,-92.98
291.253,True,41.45,-96.50
291.355,True,40.48,-98.99
291.461,True,40.28,-100.50
291.550,True,39.91,-100.71
291.651,True,32.66,-87.50
291.754,True,-78.05,-4.70
291.850,True,-118.49,22.07
291.950,True,-125.28,19.84
292.054,True,86.44,-79.10
292.155,True,98.02,-88.21
292.255,True,98.98,-89.48
292.354,True,99.87,-89.13
292.452,True,101.29,-90.10
292.553,True,103.71,-92.62
292.659,True,105.16,-100.10
292.754,True,103.24,-107.26
292.857,True,102.32,-109.16
292.957,True,101.91,-107.85
293.055,True,100.74,-106.26
293.155,True,101.49,-108.31
293.254,True,98.64,-109.60
293.358,True,96.00,-118.82
293.451,True,89.88,-118.94
293.555,True,93.55,-115.31
293.656,True,101.62,-115.91
293.756,True,107.87,-123.71
293.853,True,108.88,-121.17
293.955,True,112.77,-117.19
294.057,True,113.76,-110.04
294.151,True,109.47,-103.19
294.259,True,109.18,-95.14
294.360,True,109.49,-90.01
294.448,True,108.97,-87.92
294.553,True,109.40,-87.08
294.652,True,108.59,-88.19
294.753,True,108.70,-91.07
294.854,True,107.59,-85.58
294.951,True,107.28,-79.91
295.051,True,108.14,-78.51
295.148,True,161.51,-84.14
295.253,True,208.33,-98.80
295.355,True,208.79,-97.76
295.457,True,92.31,-81.02
295.557,True,87.56,-69.10
295.652,True,90.41,-71.00
295.755,True,93.43,-73.00
295.857,True,94.60,-75.49
295.955,True,93.88,-77.92
296.056,True,92.60,-79.13
296.158,True,94.27,-86.75
296.250,True,94.79,-91.06
296.359,True,95.28,-95.40
296.457,True,95.42,-99.16
296.548,True,97.32,-99.09
296.659,True,103.80,-111.90
296.755,True,104.91,-116.80
296.855,True,102.69,-115.99
296.957,True,101.08,-118.08
297.059,True,99.23,-116.44
297.158,True,92.36,-100.03
297.250,True,88.98,-96.10
297.348,True,90.10,-99.41
297.459,True,98.86,-118.79
297.553,True,102.40,-116.91
297.653,True,105.44,-109.21
297.749,True,108.64,-103.10
297.855,True,105.97,-79.22
297.957,True,97.51,-70.51
298.058,True,95.09,-69.24
298.148,True,95.51,-68.56
298.258,True,96.67,-74.17
298.351,True,101.87,-92.85
298.452,True,102.80,-97.91
298.558,True,104.04,-99.19
298.648,True,103.84,-96.12
298.755,True,103.12,-93.87
298.852,True,99.04,-89.55
298.949,True,97.31,-94.08
299.048,True,100.38,-101.89
299.157,True,98.54,-101.92
299.259,True,99.95,-107.15
299.357,True,99.77,-104.74
299.458,True,96.84,-101.46
299.555,True,97.50,-105.11
299.657,True,88.30,-102.91
299.748,True,83.61,-105.29
299.855,True,82.92,-102.48
299.957,True,82.68,-97.44
300.054,True,78.10,-96.60
300.152,True,80.33,-96.28
300.260,True,84.47,-93.02
300.353,True,86.13,-92.88
300.459,True,86.80,-93.21
300.558,True,87.66,-92.03
300.654,True,88.11,-91.16
300.759,True,88.87,-86.92
300.857,True,88.70,-81.72
300.955,True,90.41,-81.53
301.055,True,91.25,-78.17
301.150,True,90.57,-70.68
301.257,True,92.63,-80.46
301.363,True,98.61,-97.67
301.455,True,102.21,-105.75
301.556,True,104.40,-114.11
301.654,True,95.28,-112.78
301.753,True,156.06,-113.91
301.855,True,294.12,-120.26
301.957,True,298.24,-121.20
302.057,True,52.57,-71.61
302.153,True,51.42,-67.05
302.255,True,50.53,-84.07
302.348,True,44.60,-90.12
302.448,True,43.19,-89.45
302.559,True,44.39,-87.62
302.654,True,44.81,-89.19
302.755,True,34.13,-71.76
302.848,True,31.68,-67.30
302.958,True,32.03,-77.97
303.051,True,32.42,-78.53
303.151,True,32.57,-79.44
303.249,True,30.95,-72.88
303.360,True,26.32,-69.67
303.460,True,25.26,-70.23
303.558,True,24.75,-71.51
303.653,True,24.18,-73.41
303.756,True,24.64,-72.80
303.854,True,25.78,-73.43
303.957,True,28.62,-77.40
304.054,True,34.78,-79.79
304.152,True,36.86,-81.20
304.253,True,41.61,-86.71
304.357,True,44.90,-68.55
304.454,True,48.13,-70.59
304.559,True,51.05,-80.06
304.657,True,51.52,-80.13
304.757,True,51.25,-71.24
304.854,True,51.20,-75.17
304.952,True,50.27,-76.00
305.048,True,50.68,-76.03
305.148,True,48.18,-66.25
305.259,True,45.44,-63.97
305.349,True,47.77,-69.80
305.456,True,53.75,-83.31
305.553,True,53.30,-85.89
305.657,True,230.30,-93.22
305.756,True,242.84,-94.23
305.855,True,118.15,-93.98
305.955,True,39.61,-95.67
306.050,True,40.37,-91.57
306.148,True,37.86,-84.22
306.252,True,39.01,-86.34
306.354,True,39.18,-90.76
306.457,True,38.24,-93.41
306.562,True,38.77,-96.62
306.658,True,39.14,-100.38
306.758,True,38.62,-99.44
306.850,True,-10.04,-43.98
306.949,True,-40.20,-16.84
307.055,True,-19.30,-21.13
307.153,True,95.21,-53.97
307.255,True,98.84,-58.14
307.350,True,105.87,-81.51
307.460,True,109.97,-86.31
307.559,True,107.24,-87.72
307.649,True,103.80,-89.07
307.758,True,103.52,-88.30
307.849,True,175.05,-96.14
307.958,True,223.64,-119.87
308.058,True,227.93,-119.19
308.154,True,230.53,-116.14
308.255,True,233.37,-126.02
308.353,True,231.49,-121.66
308.454,True,231.08,-107.94
308.555,True,-5181.53,41138.04
308.660,True,108.20,-108.19
308.755,True,117.74,-101.26
308.858,True,121.01,-110.35
308.959,True,111.31,-118.53
309.054,True,105.37,-122.66
309.152,True,100.85,-125.24
309.254,True,96.92,-127.68
309.358,True,94.06,-131.28
309.463,True,92.13,-130.92
309.558,True,91.51,-129.97
309.664,True,90.55,-129.43
309.751,True,91.61,-126.19
309.851,True,92.51,-121.69
309.954,True,93.98,-117.07
310.057,True,94.83,-115.51
310.151,True,95.14,-113.33
310.255,True,95.39,-100.93
310.359,True,94.74,-99.65
310.458,True,96.45,-104.92
310.550,True,96.05,-105.41
310.651,True,94.80,-109.40
310.753,True,92.72,-111.62
310.853,True,89.58,-111.92
310.951,True,89.12,-111.72
311.052,True,89.14,-111.97
311.158,True,88.18,-111.31
311.259,True,84.11,-110.14
311.353,True,83.02,-109.37
311.450,True,86.56,-111.82
311.550,True,87.23,-109.68
311.661,True,87.38,-115.41
311.759,True,86.36,-119.78
311.855,True,87.84,-119.06
311.955,True,90.39,-115.91
312.052,True,90.24,-116.00
312.151,True,90.39,-115.76
312.248,True,90.11,-113.94
312.359,True,88.53,-110.98
312.454,True,92.83,-111.93
312.555,True,96.23,-112.21
312.653,True,95.35,-116.58
312.757,True,92.85,-115.41
312.854,True,92.73,-118.10
312.952,True,93.40,-120.74
313.058,True,94.66,-121.24
313.152,True,95.90,-120.80
313.256,True,98.38,-120.31
313.354,True,101.99,-118.89
313.455,True,104.67,-116.85
313.556,True,105.20,-115.09
313.648,True,104.75,-114.50
313.750,True,105.57,-112.11
313.849,True,105.38,-107.77
313.959,True,105.26,-106.54
314.052,True,105.12,-104.44
314.157,True,104.41,-101.60
314.250,True,104.65,-100.92
314.350,True,100.70,-99.06
314.449,True,98.95,-97.57
314.550,True,96.92,-97.52
314.654,True,94.89,-97.00
314.753,True,93.82,-98.97
314.853,True,93.34,-99.79
314.955,True,91.66,-96.41
315.053,True,91.06,-94.06
315.152,True,90.16,-92.99
315.252,True,88.24,-95.01
315.351,True,85.38,-95.72
315.463,True,78.32,-84.03
315.555,True,77.51,-84.10
315.658,True,75.93,-85.06
315.753,True,75.31,-84.99
315.854,True,78.92,-87.88
315.953,True,89.32,-90.74
316.057,True,95.00,-111.59
316.159,True,97.51,-118.83
316.252,True,92.00,-114.40
316.348,True,93.44,-119.63
316.449,True,91.39,-118.99
316.553,True,90.65,-116.86
316.652,True,90.57,-113.55
316.748,True,92.16,-109.73
316.849,True,94.43,-105.61
316.959,True,92.72,-105.39
317.049,True,95.20,-107.42
317.160,True,99.04,-108.06
317.260,True,102.41,-104.78
317.358,True,111.70,-111.61
317.456,True,105.79,-103.59
317.555,True,88.26,-86.28
317.652,True,84.91,-84.40
317.753,True,86.57,-88.67
317.854,True,94.37,-95.54
317.960,True,94.99,-93.32
318.055,True,93.39,-90.93
318.158,True,93.88,-86.97
318.259,True,93.91,-87.68
318.353,True,92.59,-93.00
318.454,True,89.75,-97.29
318.557,True,87.71,-100.98
318.661,True,87.80,-101.09
318.753,True,88.56,-103.84
318.854,True,96.29,-111.53
318.958,True,101.43,-114.54
319.055,True,102.06,-116.29
319.159,True,103.56,-119.41
319.256,True,102.45,-120.00
319.356,True,101.00,-117.10
319.454,True,101.70,-118.34
319.553,True,98.82,-112.77
319.652,True,99.70,-114.13
319.754,True,103.82,-121.81
319.847,True,107.61,-124.80
319.954,True,106.54,-126.90
320.049,True,31.84,-171.25
320.149,True,11.93,-185.71
320.258,True,9.50,-182.30
320.360,True,109.27,-119.70
320.455,True,113.49,-114.91
320.554,True,113.45,-111.75
320.654,True,113.71,-111.28
320.754,True,112.93,-109.43
320.856,True,112.68,-108.98
320.955,True,106.01,-109.41
321.054,True,104.57,-107.98
321.149,True,107.35,-107.00
321.250,True,110.67,-108.13
321.351,True,112.96,-108.97
321.454,True,115.18,-109.24
321.550,True,113.16,-108.37
321.648,True,111.76,-110.84
321.755,True,110.82,-114.36
321.854,True,109.18,-111.64
321.951,True,106.47,-111.16
322.053,True,104.20,-106.15
322.150,True,111.15,-111.78
322.260,True,113.83,-116.98
322.353,True,111.61,-112.83
322.454,True,108.62,-109.79
322.553,True,108.67,-111.84
322.659,True,103.70,-109.56
322.758,True,101.79,-108.39
322.857,True,102.09,-109.37
322.959,True,103.33,-112.21
323.057,True,101.71,-112.55
323.152,True,100.92,-116.20
323.249,True,100.58,-116.66
323.355,True,99.94,-117.02
323.452,True,99.41,-116.81
323.548,True,100.19,-115.08
323.659,True,100.24,-115.64
323.754,True,100.59,-115.28
323.856,True,105.12,-113.25
323.954,True,97.39,-113.25
324.057,True,88.87,-114.60
324.160,True,86.29,-117.46
324.260,True,86.16,-121.97
324.355,True,86.46,-126.29
324.459,True,86.52,-130.04
324.551,True,86.67,-132.28
324.651,True,86.82,-134.40
324.748,True,87.10,-135.34
324.861,True,87.42,-135.90
324.950,True,86.04,-137.77
325.049,True,81.09,-143.38
325.149,True,80.60,-144.76
325.249,True,81.67,-145.35
325.350,True,82.14,-144.87
325.451,True,81.61,-146.58
325.553,True,81.14,-147.69
325.651,True,81.22,-146.58
325.750,True,79.72,-146.40
325.857,True,85.34,-145.49
325.958,True,86.60,-143.21
326.051,True,87.45,-142.54
326.160,True,87.23,-141.82
326.258,True,87.05,-141.26
326.357,True,92.66,-138.32
326.454,True,95.65,-137.64
326.548,True,94.05,-140.45
326.651,True,92.58,-143.41
326.749,True,92.62,-145.13
326.849,True,94.30,-139.50
326.948,True,97.67,-127.18
327.052,True,99.82,-120.80
327.148,True,100.82,-117.89
327.253,True,101.38,-114.15
327.360,True,102.61,-110.64
327.449,True,101.87,-111.12
327.550,True,100.98,-111.51
327.649,True,99.58,-116.50
327.752,True,99.02,-123.01
327.854,True,98.24,-126.50
327.949,True,97.22,-124.99
328.052,True,96.81,-125.21
328.148,True,96.60,-127.72
328.253,True,96.68,-127.47
328.348,True,96.56,-125.44
328.455,True,97.70,-126.78
328.554,True,102.45,-129.63
328.653,True,183.24,-128.48
328.756,True,268.01,-127.09
328.860,True,273.60,-127.28
328.955,True,64.97,-118.29
329.053,True,58.37,-120.12
329.159,True,-92.73,-107.31
329.248,True,-125.45,-99.85
329.360,True,13.42,-98.48
329.450,True,57.17,-96.90
329.550,True,59.71,-94.79
329.649,True,51.10,-77.46
329.752,True,43.00,-72.76
329.853,True,37.96,-70.25
329.950,True,42.67,-74.93
330.053,True,42.14,-66.37
330.149,True,43.35,-61.40
330.248,True,44.36,-57.77
330.348,True,47.28,-57.83
330.458,True,54.61,-83.34
330.557,True,55.57,-85.18
330.655,True,57.87,-84.33
330.758,True,58.14,-82.93
330.856,True,58.34,-83.69
330.957,True,58.35,-85.24
331.055,True,56.42,-88.41
331.154,True,55.61,-93.00
331.257,True,54.53,-96.16
331.349,True,53.62,-98.08
331.451,True,51.50,-97.56
331.554,True,47.08,-82.28
331.657,True,41.72,-78.54
331.755,True,29.07,-78.77
331.853,True,21.19,-79.56
331.951,True,20.72,-76.82
332.049,True,20.77,-78.17
332.148,True,18.45,-83.36
332.258,True,18.99,-83.81
332.352,True,23.76,-79.28
332.459,True,27.96,-78.46
332.549,True,26.77,-77.47
332.652,True,28.19,-73.71
332.754,True,29.79,-71.92
332.851,True,28.78,-72.26
332.957,True,27.82,-73.00
333.051,True,27.93,-74.49
333.150,True,29.92,-73.22
333.257,True,28.76,-79.35
333.354,True,29.34,-83.34
333.456,True,37.01,-114.87
333.557,True,49.82,-134.56
333.655,True,49.31,-131.08
333.758,True,52.95,-124.74
333.857,True,49.85,-108.18
333.955,True,49.56,-102.10
334.057,True,49.40,-99.80
334.154,True,47.19,-93.68
334.252,True,45.39,-84.16
334.348,True,45.02,-81.76
334.450,True,44.77,-80.36
334.549,True,43.85,-80.16
334.648,True,44.16,-86.07
334.757,True,45.51,-93.12
334.857,True,46.69,-99.32
334.954,True,46.53,-102.17
335.052,True,45.10,-105.54
335.151,True,43.62,-108.48
335.250,True,43.17,-110.75
335.355,True,42.87,-111.08
335.460,True,41.82,-111.15
335.550,True,41.28,-111.34
335.660,True,44.06,-103.30
335.760,True,45.31,-100.27
335.850,True,46.68,-101.69
335.950,True,39.92,-99.55
336.052,True,38.16,-101.93
336.151,True,31.86,-89.95
336.258,True,30.77,-82.66
336.354,True,29.85,-74.41
336.457,True,32.72,-77.64
336.557,True,42.83,-85.79
336.658,True,45.97,-84.14
336.759,True,46.83,-77.66
336.848,True,42.69,-71.31
336.949,True,46.99,-76.67
337.051,True,45.67,-80.42
337.153,True,-97.51,-74.53
337.254,True,-20.45,-68.21
337.354,True,25.03,-79.33
337.448,True,43.67,-96.74
337.552,True,44.50,-90.33
337.655,True,46.90,-86.06
337.752,True,48.11,-85.02
337.848,True,46.34,-82.43
337.956,True,43.55,-79.77
338.053,True,41.35,-78.81
338.149,True,34.52,-80.46
338.258,True,20.95,-72.51
338.356,True,19.82,-77.30
338.454,True,26.46,-82.70
338.554,True,27.49,-78.33
338.659,True,236.55,-119.29
338.748,True,246.18,-128.80
338.849,True,70.70,-104.28
338.953,True,61.15,-93.84
339.051,True,55.64,-91.42
339.149,True,44.39,-93.68
339.258,True,46.42,-94.32
339.357,True,39.92,-85.57
339.454,True,35.57,-82.44
339.551,True,35.68,-87.92
339.650,True,43.99,-115.39
339.755,True,45.40,-122.20
339.855,True,37.40,-110.24
339.954,True,43.06,-130.10
340.057,True,40.40,-117.96
340.155,True,34.38,-110.17
340.250,True,35.08,-89.78
340.349,True,37.88,-84.74
340.455,True,39.70,-88.42
340.554,True,41.49,-90.61
340.650,True,41.83,-89.87
340.748,True,40.80,-89.07
340.849,True,40.28,-93.05
340.954,True,99.11,-97.39
341.050,True,299.08,-122.57
341.151,True,304.58,-128.71
341.257,True,306.57,-124.37
341.359,True,33.46,-77.77
341.456,True,40.83,-116.69
341.558,True,19.65,-114.07
341.660,True,47.79,-102.35
341.757,True,57.15,-101.82
341.857,True,57.43,-98.10
341.955,True,32.71,-87.45
342.057,True,33.35,-86.56
342.157,True,34.81,-86.65
342.261,True,34.43,-87.15
342.354,True,34.48,-88.53
342.454,True,35.10,-89.42
342.553,True,38.80,-89.73
342.652,True,-64.71,-93.32
342.758,True,-5811.71,45807.09
342.848,True,-5854.37,46322.91
342.948,True,-325.91,71.92
343.063,True,-322.35,81.81
343.159,True,-168.74,68.82
343.257,True,43.69,-42.86
343.359,True,75.81,-42.71
343.460,True,114.22,-87.80
343.550,True,116.06,-89.43
343.649,True,116.49,-88.81
343.749,True,119.64,-90.61
343.849,True,122.17,-89.28
343.954,True,268.67,-82.92
344.053,True,283.31,-86.14
344.155,False,-6536.14,52148.38
344.255,False,-6644.76,53574.15
344.358,True,-72.27,-117.15
344.457,True,-50.92,-92.70
344.552,True,-51.51,-88.58
344.649,True,68.50,-89.24
344.752,True,74.82,-92.18
344.851,True,74.10,-97.38
344.953,True,76.07,-106.45
345.050,True,79.20,-111.45
345.149,True,84.15,-109.62
345.258,True,84.08,-112.53
345.352,True,83.72,-112.96
345.460,True,84.94,-113.38
345.551,True,97.21,-140.87
345.654,True,101.74,-128.58
345.760,True,100.03,-106.56
345.852,True,97.88,-103.15
345.957,True,98.22,-102.56
346.051,True,96.25,-104.13
346.150,True,93.60,-103.87
346.251,True,90.98,-101.90
346.352,True,90.87,-101.36
346.451,True,92.39,-102.95
346.552,True,93.68,-103.51
346.650,True,93.77,-106.02
346.758,True,94.99,-107.24
346.854,True,96.87,-106.60
346.950,True,97.12,-107.12
347.057,True,98.53,-107.81
347.152,True,99.11,-107.29
347.254,True,98.95,-107.61
347.348,True,97.94,-110.05
347.449,True,99.62,-111.00
347.557,True,100.38,-114.89
347.660,True,100.50,-114.27
347.749,True,101.47,-109.96
347.852,True,105.57,-105.41
347.949,True,104.71,-103.72
348.055,True,102.02,-104.23
348.150,True,99.28,-103.96
348.249,True,98.17,-102.49
348.351,True,97.49,-100.69
348.450,True,96.89,-101.76
348.559,True,96.69,-100.17
348.656,True,96.54,-147.44
348.753,True,93.34,-110.81
348.852,True,91.68,-101.94
348.953,True,90.42,-101.14
349.054,True,90.63,-102.15
349.148,True,90.23,-103.93
349.258,True,89.61,-106.43
349.356,True,89.80,-107.03
349.452,True,92.76,-104.19
349.548,True,95.67,-103.36
349.648,True,93.98,-104.71
349.757,True,92.52,-108.77
349.854,True,91.47,-112.72
349.958,True,92.28,-115.40
350.057,True,-49.72,-97.64
350.154,True,-56.66,-93.04
350.255,True,69.39,-99.29
