=== 数据记录开始于 2026-01-05 14:12:41 ===
29.623,True,167.32,22.81
29.727,True,166.71,24.82
29.825,True,167.89,23.42
29.926,True,114.26,-51.26
30.023,True,102.28,-66.04
30.123,True,100.90,-72.44
30.233,True,104.03,-99.58
30.327,True,105.23,-118.05
30.432,True,104.12,-119.86
30.529,True,111.58,-164.09
30.629,True,117.19,-187.47
30.731,True,65.60,-188.45
30.831,False,-367.46,-112.59
30.922,True,68.81,-102.70
31.031,True,325.73,-131.28
31.129,True,323.83,-138.41
31.228,True,322.24,-141.50
31.328,False,628.08,-144.92
31.426,False,647.56,-147.82
31.523,False,646.79,-156.66
31.625,False,524.51,-152.43
31.733,False,509.56,-151.75
31.829,False,508.14,-152.30
31.924,False,508.26,-150.93
32.025,True,-59.97,-88.15
32.126,True,-68.60,-89.35
32.226,True,-70.76,-90.10
32.324,True,231.64,-149.92
32.432,True,257.71,-173.95
32.527,True,191.91,-148.16
32.622,True,117.49,-105.88
32.728,True,114.28,-102.07
32.832,True,114.75,-102.50
32.934,True,114.86,-101.43
33.026,True,115.23,-99.66
33.123,True,113.75,-99.86
33.222,True,112.27,-98.63
33.331,True,111.24,-99.17
33.428,True,111.60,-98.78
33.523,True,112.37,-98.90
33.634,True,112.73,-100.23
33.728,True,112.39,-100.85
33.831,True,111.39,-102.76
33.950,True,108.19,-102.56
34.026,True,103.13,-95.54
34.124,True,103.88,-94.89
34.223,True,105.39,-94.70
34.330,True,105.78,-95.14
34.426,True,111.18,-93.38
34.528,True,117.22,-89.25
34.624,True,120.49,-86.35
34.725,True,121.81,-83.48
34.832,True,121.37,-79.49
34.923,True,115.57,-75.95
35.029,True,117.15,-77.90
35.130,True,117.13,-80.40
35.229,True,120.33,-80.67
35.329,True,119.68,-80.75
35.424,True,119.61,-81.70
35.525,True,120.02,-80.76
35.629,True,121.40,-79.58
35.729,True,120.60,-78.82
35.829,True,119.69,-78.17
35.933,True,120.11,-78.87
36.029,True,120.42,-79.19
36.127,True,119.00,-78.89
36.225,True,118.76,-79.78
36.325,True,117.77,-80.06
36.422,True,115.77,-80.19
36.523,True,111.96,-81.21
36.624,True,110.65,-83.82
36.722,True,109.71,-86.55
36.830,True,109.19,-88.72
36.928,True,59.91,-20.61
37.025,True,46.99,-8.66
37.125,True,8779.27,-72376.78
37.228,True,-46.09,2.34
37.333,True,4.11,27.40
37.426,True,41.67,39.08
37.528,True,45.93,47.62
37.624,True,45.54,52.83
37.725,True,101.43,-82.07
37.829,True,108.67,-88.41
37.923,True,125.08,-88.23
38.031,True,131.12,-88.99
38.122,True,134.71,-89.23
38.222,True,135.06,-90.93
38.331,True,151.70,-93.70
38.433,True,374.49,-135.26
38.529,True,355.81,-138.88
38.629,True,135.13,-79.38
38.728,True,133.51,-77.24
38.827,True,134.99,-77.71
38.924,True,134.27,-77.89
39.023,True,131.64,-79.61
39.125,True,131.50,-79.35
39.226,True,130.00,-79.82
39.323,True,126.96,-83.03
39.426,True,125.26,-81.01
39.524,True,125.29,-79.67
39.633,True,123.66,-82.28
39.730,True,122.72,-82.09
39.830,True,120.68,-85.28
39.933,True,120.95,-87.27
40.033,True,119.93,-88.74
40.131,True,212.09,-111.28
40.228,True,233.61,-121.87
40.331,True,236.46,-125.69
40.428,True,236.40,-127.28
40.529,True,237.32,-128.53
40.626,True,237.71,-131.05
40.724,True,237.87,-133.19
40.822,True,238.69,-136.26
40.924,True,239.75,-136.70
41.028,True,241.25,-139.33
41.131,True,242.85,-140.33
41.232,True,243.57,-141.48
41.324,True,246.05,-143.09
41.425,True,249.49,-140.20
41.524,True,252.67,-137.83
41.622,True,254.96,-134.69
41.733,True,255.26,-129.40
41.832,True,255.31,-129.06
41.922,True,255.05,-129.42
42.031,True,255.03,-131.34
42.127,True,255.06,-132.80
42.232,True,253.39,-133.57
42.322,True,252.16,-134.57
42.424,True,252.32,-134.42
42.524,True,200.73,-110.57
42.622,True,186.28,-108.08
42.729,True,182.44,-109.62
42.830,True,181.62,-111.53
42.927,True,186.88,-114.88
43.028,True,186.81,-116.07
43.134,True,184.42,-119.45
43.224,True,109.71,-112.39
43.333,True,98.21,-106.36
43.426,True,97.96,-105.63
43.532,True,115.54,-108.65
43.633,True,121.67,-110.60
43.731,True,124.21,-110.31
43.829,True,192.29,54.16
43.933,True,210.27,81.79
44.025,True,211.51,84.55
44.128,True,211.75,84.39
44.231,True,142.62,-47.04
44.328,True,130.53,-64.65
44.427,True,131.38,-66.12
44.527,True,127.86,-79.26
44.626,True,123.78,-85.89
44.723,True,123.89,-86.71
44.825,True,123.72,-87.23
44.924,True,121.86,-87.69
45.023,True,120.07,-89.68
45.132,True,110.12,-78.24
45.233,True,105.21,-71.78
45.332,True,102.09,-71.39
45.430,True,100.43,-69.73
45.524,True,100.15,-70.31
45.623,True,99.88,-69.49
45.725,True,100.14,-69.19
45.829,True,100.18,-68.17
45.929,True,99.75,-67.16
46.025,True,99.21,-67.65
46.124,True,98.95,-70.40
46.223,True,97.84,-70.18
46.331,True,97.61,-69.18
46.433,True,96.48,-69.70
46.533,True,95.46,-69.89
46.624,True,95.18,-70.96
46.722,True,94.88,-70.48
46.830,True,94.61,-73.70
46.931,True,94.73,-90.39
47.029,True,94.03,-92.66
47.126,True,92.98,-94.48
47.223,True,91.54,-98.42
47.326,True,90.75,-100.57
47.427,True,89.53,-103.69
47.528,True,89.81,-105.04
47.628,True,89.24,-108.16
47.731,True,90.95,-113.14
47.827,True,92.51,-113.47
47.929,True,96.80,-113.52
48.028,True,100.26,-108.88
48.131,True,100.87,-106.64
48.228,True,101.61,-105.83
48.328,True,118.40,-83.43
48.424,True,126.58,-67.84
48.526,False,7540.16,-59716.30
48.633,True,108.56,-4.75
48.730,True,102.18,-42.32
48.829,True,119.40,-45.07
48.928,True,120.12,-47.53
49.026,True,118.97,-50.57
49.123,True,117.12,-55.28
49.233,True,117.52,-57.50
49.332,True,118.46,-59.20
49.428,True,40.91,-135.08
49.531,True,-62.69,-252.95
49.633,True,-55.24,-259.74
49.732,True,69.40,-128.48
49.824,True,85.90,-126.13
49.931,True,97.15,-116.69
50.032,True,111.83,-92.63
50.123,True,114.80,-88.68
50.222,True,117.18,-86.02
50.333,True,118.31,-85.57
50.428,True,118.35,-86.82
50.528,True,118.41,-87.69
50.633,True,127.47,48.03
50.726,True,136.29,86.14
50.831,True,134.92,85.18
50.929,True,86.20,-114.61
51.030,True,87.96,-117.99
51.124,True,393.79,-127.16
51.223,True,414.69,-132.95
51.329,True,400.17,-133.84
51.429,True,131.46,-87.67
51.529,True,126.13,-85.56
51.629,True,125.95,-85.56
51.729,True,123.53,-85.37
51.827,True,112.88,-86.69
51.924,True,108.43,-90.10
52.023,True,106.31,-91.33
52.132,True,103.71,-91.67
52.231,True,103.87,-91.28
52.328,True,102.58,-88.91
52.423,True,101.65,-90.25
52.522,True,100.88,-92.11
52.631,True,98.88,-96.11
52.734,True,98.95,-97.17
52.822,True,102.32,-97.90
52.934,True,142.35,-100.35
53.028,True,145.47,-98.58
53.126,True,147.29,-98.01
53.228,True,148.59,-97.73
53.324,True,149.49,-95.64
53.429,True,149.16,-95.51
53.528,True,149.86,-94.84
53.623,True,149.56,-93.65
53.735,True,149.94,-94.79
53.824,True,149.21,-95.71
53.934,True,149.94,-97.64
54.023,True,150.87,-100.49
54.130,True,151.43,-101.67
54.233,True,151.27,-103.54
54.322,True,152.00,-104.25
54.424,True,151.01,-105.11
54.529,True,152.10,-107.59
54.627,True,157.58,-103.16
54.726,True,162.95,-99.21
54.823,True,165.57,-96.86
54.926,True,166.43,-96.80
55.029,True,136.48,-95.44
55.129,True,124.04,-95.11
55.228,True,120.68,-96.58
55.323,True,119.24,-97.98
55.433,True,128.91,-61.91
55.528,True,134.96,-56.81
55.626,True,66.64,-9.30
55.734,True,56.29,-3.95
55.824,True,123.58,-59.59
55.922,True,140.99,-80.56
56.023,True,145.69,-79.14
56.133,True,124.47,-79.55
56.233,True,117.32,-82.48
56.330,True,113.66,-82.57
56.429,True,111.19,-84.91
56.530,True,108.24,-86.97
56.632,True,106.19,-89.15
56.733,True,103.52,-90.51
56.822,True,100.85,-90.96
56.928,True,106.70,72.57
57.029,True,110.63,93.75
57.129,True,110.55,95.11
57.233,True,109.07,95.48
57.323,True,107.44,92.75
57.424,True,104.67,74.37
57.522,True,102.39,21.11
57.633,True,102.54,16.24
57.722,True,103.33,16.72
57.823,True,103.82,17.15
57.923,True,163.49,40.68
58.032,True,170.48,45.35
58.128,True,170.52,44.41
58.228,True,170.26,46.03
58.327,True,163.38,43.30
58.434,True,158.51,30.87
58.532,True,169.07,24.83
58.631,True,168.79,20.41
58.730,True,168.38,19.85
58.830,True,167.69,18.14
58.929,False,7320.88,-56617.89
59.024,True,133.67,-51.34
59.123,True,113.82,-86.24
59.228,True,124.51,-84.73
59.322,True,132.87,-86.07
59.430,True,133.50,-87.02
59.526,True,-27.15,-221.38
59.634,True,-33.50,-236.76
59.723,True,-33.39,-239.26
59.824,True,69.00,-119.91
59.933,True,120.60,-97.18
60.028,True,125.16,-93.44
60.123,True,126.27,-92.92
60.228,True,125.52,-92.73
60.325,True,122.75,-92.46
60.423,True,72.18,-91.20
60.533,True,44.48,-80.56
60.627,True,45.33,-81.41
60.725,True,45.73,-83.06
60.825,True,46.96,-84.06
60.930,True,46.78,-86.02
61.030,True,46.14,-87.62
61.127,True,98.57,-82.05
61.230,True,111.29,-71.75
61.333,True,115.32,-68.68
61.431,True,115.97,-68.25
61.531,True,116.66,-68.80
61.628,True,115.90,-70.83
61.726,True,114.56,-72.30
61.824,True,111.56,-73.01
61.922,True,125.36,-71.98
62.023,True,134.81,-68.45
62.131,True,123.36,-73.13
62.229,True,118.39,-77.64
62.331,True,115.46,-81.21
62.429,True,114.12,-81.83
62.523,True,112.56,-82.72
62.623,True,112.10,-84.58
62.726,True,109.20,-83.72
62.827,True,108.76,-84.11
62.925,True,108.29,-84.29
63.028,True,108.28,-84.12
63.124,True,102.41,-78.35
63.227,True,90.14,-47.76
63.329,True,90.88,-40.45
63.424,True,93.82,-35.32
63.526,True,94.95,-31.54
63.624,True,91.48,-3.98
63.732,True,83.70,33.07
63.822,True,80.58,34.53
63.932,True,77.03,34.59
64.028,True,74.39,33.86
64.131,True,75.93,33.83
64.228,True,78.37,42.92
64.323,True,81.62,50.27
64.425,True,366.38,-80.36
64.523,True,373.00,-89.05
64.622,True,151.53,-50.79
64.732,True,132.13,-35.59
64.823,True,128.01,-35.27
64.924,True,126.93,-35.05
65.024,True,126.47,-33.87
65.132,True,124.27,-34.15
65.229,True,122.49,-34.25
65.326,True,121.56,-34.92
65.434,True,121.38,-36.70
65.526,True,121.23,-40.75
65.634,True,120.61,-41.56
65.729,True,121.20,-41.89
65.831,True,121.08,-44.11
65.931,True,121.15,-48.51
66.025,True,120.33,-54.29
66.126,True,121.23,-56.50
66.232,True,121.36,-58.49
66.328,True,123.19,-59.16
66.431,True,125.30,-59.74
66.524,True,125.59,-59.90
66.631,True,125.56,-58.79
66.727,True,124.39,-57.64
66.822,True,122.60,-55.92
66.933,True,118.20,-56.83
67.031,True,118.13,-58.06
67.128,True,117.46,-57.32
67.229,True,119.31,-56.81
67.329,True,119.77,-57.70
67.427,True,118.78,-58.64
67.527,True,118.32,-58.95
67.634,True,121.13,-55.47
67.724,True,125.27,-53.49
67.824,True,127.67,-52.64
67.933,True,128.82,-51.93
68.029,True,129.35,-52.60
68.126,True,130.87,-52.29
68.223,False,6764.49,-52622.05
68.323,False,6927.85,-53701.19
68.422,True,87.18,-93.49
68.524,True,83.50,-101.79
68.623,True,87.74,-79.79
68.729,True,103.71,-80.65
68.826,True,110.23,-79.54
68.929,True,113.76,-79.32
69.030,True,116.95,-79.89
69.123,True,118.57,-79.66
69.224,True,116.41,-79.36
69.323,True,118.19,-88.73
69.428,True,117.41,-91.19
69.528,True,118.49,-92.69
69.633,True,118.94,-92.87
69.725,True,119.37,-91.56
69.832,True,119.64,-90.47
69.923,True,119.81,-89.91
70.023,True,118.21,-89.87
70.130,True,117.85,-89.82
70.231,True,117.41,-90.60
70.326,True,116.38,-91.82
70.428,True,114.89,-95.45
70.522,True,113.45,-98.94
70.628,True,112.08,-104.90
70.727,True,108.98,-111.58
70.827,True,108.59,-112.87
70.931,True,109.70,-110.49
71.032,True,108.56,-104.78
71.128,True,108.55,-100.58
71.222,True,107.91,-100.88
71.322,True,108.41,-100.63
71.434,True,105.80,-100.84
71.528,True,230.11,-104.65
71.632,True,251.98,-107.46
71.734,True,185.28,-102.08
71.832,True,104.39,-85.02
71.926,True,108.94,-89.84
72.034,True,110.59,-92.53
72.124,True,112.05,-91.33
72.222,True,112.48,-91.46
72.333,True,112.80,-91.57
72.422,True,112.15,-91.71
72.523,True,113.35,-92.67
72.630,True,115.33,-92.94
72.731,True,115.14,-93.88
72.822,True,114.95,-94.72
72.930,True,115.04,-94.55
73.023,True,114.70,-95.68
73.133,True,107.57,-92.56
73.232,True,107.54,-95.31
73.322,True,108.77,-99.16
73.432,True,110.38,-100.18
73.533,True,162.99,-107.39
73.632,True,172.77,-108.48
73.733,True,172.56,-109.77
73.831,True,173.12,-113.72
73.934,True,172.73,-115.59
74.023,True,172.05,-118.09
74.128,True,173.52,-121.32
74.230,True,173.92,-122.87
74.327,True,175.32,-123.15
74.429,True,178.73,-119.15
74.524,True,180.37,-112.26
74.626,True,180.58,-104.92
74.726,True,181.50,-101.91
74.826,True,181.38,-102.01
74.933,True,176.00,-96.38
75.033,True,167.27,-90.74
75.127,True,116.20,-73.08
75.225,True,107.59,-65.76
75.322,True,105.69,-65.93
75.433,True,108.76,-68.25
75.523,True,349.74,-159.80
75.622,True,362.70,-172.52
75.726,True,112.84,-105.38
75.823,True,107.40,-96.08
75.922,True,107.05,-91.89
76.033,True,57.81,-60.67
76.131,True,50.45,-46.81
76.233,True,48.50,-42.10
76.322,True,88.19,-68.41
76.422,True,92.98,-77.17
76.531,True,94.09,-77.75
76.633,True,93.55,-80.23
76.733,True,93.06,-81.50
76.827,True,93.22,-83.48
76.932,True,92.37,-85.80
77.025,True,91.19,-84.59
77.123,True,91.80,-86.54
77.224,True,91.33,-87.58
77.331,True,92.44,-88.59
77.430,True,97.18,-87.00
77.529,True,98.85,-84.13
77.626,True,99.03,-84.83
77.722,True,99.38,-86.44
77.823,True,100.18,-86.48
77.933,True,98.87,-88.27
78.028,True,96.59,-89.29
78.127,True,94.22,-89.81
78.225,True,91.84,-91.90
78.326,True,87.86,-94.30
78.428,True,84.52,-99.97
78.529,True,82.86,-103.36
78.628,True,81.14,-108.97
78.731,True,80.10,-111.80
78.833,True,79.49,-116.10
78.933,True,78.72,-120.32
79.024,True,78.76,-122.59
79.132,True,78.90,-126.66
79.232,True,80.22,-126.45
79.331,True,80.22,-126.74
79.433,True,81.26,-126.55
79.532,True,81.06,-127.22
79.623,True,78.78,-129.80
79.729,True,84.09,-127.74
79.826,True,86.60,-124.16
79.928,True,87.79,-120.42
80.033,True,87.61,-120.54
80.128,True,88.41,-122.27
80.229,True,88.64,-123.87
80.324,True,88.79,-125.30
80.433,True,87.97,-127.57
80.527,True,86.38,-129.70
80.632,True,86.37,-132.34
80.733,True,86.34,-132.06
80.822,True,87.36,-129.04
80.922,True,98.09,-101.42
81.027,True,101.23,-91.34
81.129,True,101.64,-87.31
81.228,True,100.06,-87.27
81.327,False,7084.24,-53003.77
81.423,False,7047.38,-52577.32
81.523,True,66.01,-216.58
81.634,True,81.49,-145.83
81.734,True,87.22,-115.63
81.834,True,86.80,-110.52
81.922,True,86.51,-108.62
82.032,True,86.85,-106.76
82.132,True,86.75,-107.53
82.227,True,91.17,-89.56
82.326,True,94.37,-79.73
82.425,True,97.57,-78.96
82.526,True,98.86,-77.54
82.622,True,98.69,-77.36
82.731,True,97.59,-79.31
82.830,True,96.86,-81.21
82.925,True,95.08,-83.88
83.027,True,93.57,-86.14
83.124,True,91.76,-88.60
83.228,True,90.74,-93.37
83.324,True,88.78,-94.33
83.423,True,86.87,-94.42
83.529,True,86.24,-93.19
83.622,True,85.01,-92.96
83.732,True,82.18,-92.93
83.822,True,82.01,-92.44
83.936,True,84.77,-90.56
84.034,True,88.83,-87.58
84.135,True,90.83,-87.59
84.223,True,93.00,-88.15
84.330,True,92.53,-92.08
84.432,True,89.82,-94.94
84.527,True,88.68,-97.60
84.629,True,88.80,-99.44
84.727,True,88.92,-100.42
84.829,True,87.59,-102.29
84.926,True,97.86,-96.42
85.024,True,102.01,-89.41
85.132,True,97.42,-88.42
85.229,True,91.14,-85.28
85.327,True,89.57,-82.46
85.425,True,90.68,-79.25
85.532,True,90.78,-77.70
85.635,True,91.83,-78.24
85.723,True,289.43,-117.19
85.823,True,332.72,-138.16
85.925,True,334.82,-139.05
86.027,True,117.30,-97.56
86.130,True,108.12,-86.70
86.227,True,108.44,-80.42
86.326,True,103.43,-79.84
86.424,True,101.29,-79.71
86.525,True,192.25,-83.30
86.633,True,220.41,-95.13
86.733,True,220.83,-96.64
86.832,True,221.27,-99.54
86.922,True,224.70,-100.12
87.024,True,224.18,-100.49
87.125,True,212.62,-95.30
87.223,True,390.13,-127.14
87.323,True,400.55,-137.69
87.433,True,96.20,-102.31
87.533,True,82.40,-86.93
87.634,True,79.57,-88.35
87.734,True,81.68,-89.96
87.823,True,82.69,-92.11
87.932,True,83.16,-92.59
88.029,True,83.65,-93.07
88.131,True,84.03,-92.01
88.232,True,84.20,-91.85
88.333,True,83.53,-91.09
88.428,True,81.83,-89.82
88.523,True,80.57,-90.24
88.623,True,80.00,-91.39
88.732,True,78.52,-92.15
88.829,True,78.37,-92.65
88.928,True,77.47,-93.41
89.027,True,78.99,-93.50
89.126,True,97.78,-92.82
89.224,True,103.28,-92.02
89.330,True,98.51,-91.16
89.429,True,92.33,-91.67
89.527,True,89.90,-93.67
89.626,True,88.63,-97.67
89.723,True,89.14,-100.34
89.832,True,88.78,-98.30
89.934,True,89.70,-95.75
90.023,True,88.46,-65.02
90.137,True,100.00,-23.09
90.227,True,103.11,-20.08
90.324,True,103.92,-17.79
90.422,True,103.84,-18.58
90.530,True,107.51,-16.62
90.627,True,110.12,-10.77
90.726,True,113.92,-5.81
90.823,True,114.64,-4.41
90.930,True,115.40,-3.61
91.027,True,115.13,-3.55
91.126,True,115.06,-4.08
91.228,True,130.24,-16.47
91.322,True,134.96,-28.93
91.432,True,111.84,-30.13
91.523,False,6005.64,-45134.03
91.626,True,75.45,-13.44
91.724,True,78.56,-63.44
91.822,True,83.11,-50.48
91.924,True,86.55,-39.00
92.033,True,103.78,-46.52
92.130,True,105.09,-46.59
92.227,True,105.70,-47.43
92.328,True,137.31,-49.41
92.428,True,141.83,-49.25
92.525,True,139.50,-44.63
92.630,True,138.06,-45.51
92.730,True,137.55,-43.66
92.830,True,146.86,-18.18
92.933,True,151.01,-14.04
93.028,True,151.04,-11.13
93.124,True,148.96,-10.83
93.225,True,145.60,-10.95
93.328,True,143.06,-10.43
93.423,True,140.01,-10.94
93.523,True,137.94,-11.94
93.622,True,136.76,-14.07
93.723,True,135.92,-17.23
93.828,True,135.34,-17.38
93.931,True,135.01,-18.24
94.028,True,136.45,-16.99
94.132,True,139.94,-11.02
94.227,True,143.01,-5.72
94.324,True,143.30,-0.54
94.423,True,143.88,1.77
94.522,True,144.73,3.12
94.629,True,131.11,16.94
94.725,True,129.70,22.60
94.831,True,129.98,26.45
94.922,True,130.76,27.65
95.029,True,129.98,29.10
95.125,True,129.19,31.03
95.222,True,108.24,28.58
95.329,False,6697.23,-50008.24
95.428,True,85.88,-53.19
95.533,True,86.50,-69.97
95.630,True,90.20,-70.32
95.726,True,94.23,-49.18
95.825,True,97.32,-39.71
95.922,True,97.05,-34.07
96.034,True,105.02,-33.30
96.134,True,117.37,-41.48
96.231,True,119.31,-43.24
96.331,True,119.63,-45.38
96.434,True,119.13,-46.21
96.533,True,118.11,-45.26
96.623,True,118.38,-45.81
96.725,True,117.51,-47.96
96.824,True,161.48,62.24
96.923,True,170.22,82.60
97.027,True,169.49,84.40
97.128,True,168.60,82.91
97.228,True,166.31,79.80
97.322,True,163.34,78.91
97.424,True,124.97,-49.41
97.523,True,123.17,-53.98
97.625,True,121.98,-56.78
97.733,True,122.26,-58.89
97.834,True,122.12,-59.29
97.928,True,122.34,-59.29
98.026,True,121.68,-59.29
98.133,True,120.89,-58.79
98.227,True,121.84,-58.73
98.332,True,121.75,-59.31
98.435,True,121.45,-58.14
98.524,True,122.08,-58.51
98.623,True,122.62,-58.33
98.729,True,122.50,-58.99
98.825,True,321.30,-115.53
98.923,True,331.00,-121.61
99.027,True,330.94,-126.33
99.126,True,331.35,-126.82
99.225,True,331.60,-126.19
99.324,True,333.51,-126.10
99.432,True,359.82,-126.32
99.533,True,387.93,-127.93
99.630,True,389.83,-124.64
99.725,True,391.37,-120.50
99.831,True,134.14,-76.61
99.927,True,134.99,-81.85
100.025,True,134.79,-89.15
100.133,True,132.50,-91.33
100.227,True,119.92,-89.78
100.329,True,116.98,-90.18
100.426,True,116.14,-90.54
100.524,True,115.63,-91.65
100.631,True,114.71,-92.30
100.729,True,114.53,-92.72
100.828,True,114.42,-92.55
100.939,True,114.92,-92.92
101.027,True,115.01,-81.73
101.127,True,111.84,-73.03
101.223,True,111.80,-71.79
101.332,True,113.52,-69.77
101.425,True,112.59,-69.92
101.527,True,112.97,-69.32
101.632,True,125.47,-64.29
101.729,True,135.05,-62.44
101.823,True,135.18,-59.31
101.925,True,139.32,-60.73
102.033,True,143.00,-61.95
102.131,True,143.47,-63.66
102.234,True,130.29,-69.09
102.328,False,6805.62,-49890.18
102.431,True,51.66,-31.47
102.530,True,80.58,-62.79
102.627,False,5847.95,-41572.38
102.723,True,95.90,-103.99
102.834,True,89.63,-118.53
102.929,True,87.98,-92.91
103.027,True,85.86,-87.82
103.125,True,80.21,-93.84
103.228,True,71.35,-95.39
103.327,True,66.58,-93.35
103.426,True,70.47,-82.86
103.525,True,74.40,-81.27
103.622,True,97.97,-22.23
103.732,True,114.57,111.26
103.827,True,50.30,111.77
103.924,True,-116.33,114.44
104.022,True,-118.80,111.07
104.129,True,-89.33,107.76
104.226,True,-4.41,90.11
104.332,True,-4.00,80.44
104.432,True,-2.89,71.64
104.531,True,-2.80,71.11
104.625,True,3.11,71.99
104.732,True,10.70,74.88
104.830,True,12.49,76.14
104.926,True,16.45,74.05
105.027,True,18.25,71.62
105.128,True,18.45,72.08
105.228,True,17.80,70.49
105.323,True,17.58,69.28
105.423,True,19.05,67.30
105.523,True,19.66,64.30
105.631,True,19.85,60.81
105.728,True,158.22,-13.93
105.827,True,172.13,-24.83
105.930,True,174.46,-27.78
106.028,True,174.37,-27.47
106.133,True,174.97,-26.85
106.229,True,152.02,-19.55
106.326,True,89.45,-4.57
106.434,True,85.60,-3.83
106.529,True,83.98,-4.95
106.636,True,83.06,-5.79
106.727,True,83.40,-6.75
106.826,True,82.28,-6.48
106.925,True,120.30,-32.80
107.031,True,127.62,-43.06
107.131,True,128.64,-43.32
107.226,True,128.52,-45.15
107.328,True,127.86,-47.21
107.427,True,126.97,-48.61
107.523,True,126.10,-49.86
107.625,True,125.79,-50.37
107.733,True,124.78,-54.23
107.830,True,122.59,-55.15
107.928,True,123.84,-54.83
108.030,True,126.98,-53.00
108.127,True,129.75,-50.76
108.228,True,130.75,-49.38
108.327,True,131.58,-48.47
108.424,True,131.36,-47.91
108.533,True,132.10,-45.96
108.628,True,131.48,-46.53
108.733,True,71.17,-28.24
108.829,True,62.14,-23.22
108.928,True,94.99,-54.16
109.029,True,112.08,-80.25
109.127,True,113.26,-83.28
109.226,True,113.96,-84.97
109.325,True,111.39,-85.13
109.431,True,102.33,-84.09
109.529,True,85.04,-80.67
109.630,True,77.90,-79.12
109.725,True,69.88,-74.81
109.834,True,73.12,-77.45
109.930,True,71.27,-77.15
110.028,True,113.71,-77.96
110.126,True,130.49,-82.43
110.232,True,134.08,-82.94
110.332,True,134.48,-82.08
110.422,True,133.80,-79.45
110.531,True,133.53,-79.05
110.624,True,116.53,-62.13
110.725,True,98.22,-28.96
110.825,True,97.13,-26.92
110.929,True,98.58,-33.55
111.024,True,104.86,-78.65
111.123,True,109.19,-84.04
111.232,True,110.00,-81.38
111.327,True,111.02,-78.58
111.425,True,113.04,-79.30
111.532,True,115.45,-79.19
111.625,True,115.61,-79.37
111.723,True,115.42,-78.48
111.822,True,114.75,-77.11
111.929,True,113.55,-78.28
112.027,True,124.43,-73.71
112.125,True,133.37,-72.29
112.231,True,113.39,-72.40
112.326,True,103.92,-74.97
112.434,True,100.63,-77.93
112.531,True,96.90,-74.65
112.627,True,100.99,-75.85
112.725,True,100.66,-74.22
112.822,True,98.58,-74.79
112.924,True,87.87,-76.69
113.022,True,83.32,-80.41
113.132,True,81.32,-85.89
113.230,True,81.05,-89.34
113.330,True,79.39,-92.96
113.433,True,77.69,-91.70
113.532,True,77.01,-91.92
113.626,True,68.40,-90.68
113.730,True,60.46,-90.73
113.829,True,59.39,-92.23
113.926,True,60.00,-94.14
114.032,True,68.43,-103.62
114.127,True,78.81,-114.93
114.227,True,77.93,-114.99
114.324,True,69.47,-107.39
114.423,True,63.70,-104.57
114.524,True,64.43,-102.69
114.622,True,69.93,-97.25
114.723,True,103.67,-93.12
114.833,True,108.16,-89.34
114.929,True,110.58,-88.73
115.033,True,108.45,-82.39
115.126,True,97.72,-67.54
115.233,True,95.07,-66.92
115.329,True,89.23,-70.15
115.425,True,-47.54,-224.63
115.522,True,-56.76,-238.29
115.623,True,-59.38,-241.96
115.724,True,71.24,-87.84
115.832,True,76.04,-77.21
115.929,True,87.56,-82.35
116.023,False,4848.96,-35068.23
116.131,False,4884.56,-35222.78
116.226,True,90.09,-133.33
116.322,True,92.43,-130.51
116.428,False,4892.28,-35120.41
116.527,True,61.89,-177.41
116.623,True,49.38,-150.74
116.730,True,56.66,-107.76
116.828,True,59.91,-95.42
116.925,True,59.66,-95.54
117.030,True,59.67,-96.39
117.131,True,79.61,-92.46
117.233,True,98.17,-83.00
117.329,True,100.03,-76.93
117.423,True,100.33,-72.78
117.534,True,-56.08,-72.88
117.628,True,-64.29,-74.58
117.727,True,-3.42,-75.01
117.823,True,75.51,-76.85
117.927,True,84.96,-79.82
118.030,True,84.45,-82.41
118.129,True,82.50,-79.71
118.232,True,76.26,-68.05
118.331,True,73.10,-64.73
118.430,True,72.35,-63.82
118.525,True,75.29,-70.44
118.624,True,83.20,-82.33
118.726,True,84.68,-88.17
118.832,True,85.37,-93.49
118.930,True,84.36,-94.16
119.030,True,84.99,-95.74
119.129,True,83.94,-97.90
119.225,True,82.99,-97.94
119.328,True,41.95,-172.04
119.423,True,-2.56,-269.21
119.533,True,-13.04,-273.75
119.632,True,12.76,-204.04
119.731,True,67.55,-105.57
119.829,True,73.07,-97.20
119.927,True,76.34,-93.14
120.033,True,74.98,-92.86
120.136,True,74.65,-94.32
120.223,True,74.13,-96.19
120.325,True,73.49,-97.52
120.433,True,73.72,-98.18
120.532,True,75.74,-97.77
120.627,True,81.85,-87.19
120.731,True,83.50,-85.58
120.831,True,83.50,-84.43
120.930,True,72.68,-83.14
121.033,True,2.06,-126.41
121.123,True,9.07,-148.69
121.228,True,-3.03,-144.47
121.323,True,-5.15,-145.53
121.433,True,-12.58,-146.93
121.523,True,-39.67,-153.76
121.632,True,-46.47,-154.68
121.730,True,21.50,-118.26
121.830,True,98.48,-58.47
121.931,True,97.84,-57.88
122.028,True,98.88,-58.73
122.134,True,98.39,-59.02
122.223,True,96.52,-58.09
122.325,True,94.99,-58.44
122.426,True,93.48,-59.21
122.523,True,92.55,-61.51
122.622,True,90.35,-61.69
122.730,True,63.80,-62.66
122.823,True,28.83,-64.69
122.929,True,23.00,-65.65
123.024,True,21.52,-67.01
123.122,True,22.41,-66.79
123.226,True,103.67,-66.47
123.326,True,115.62,-66.06
123.433,True,113.93,-64.87
123.533,True,105.51,-72.37
123.627,True,95.68,-80.48
123.727,True,92.87,-84.73
123.832,True,91.73,-89.54
123.933,True,92.10,-91.11
124.030,True,92.93,-90.64
124.128,True,94.15,-88.84
124.232,True,97.25,-85.27
124.331,True,97.15,-84.50
124.427,True,94.52,-84.02
124.522,True,92.53,-86.70
124.633,True,96.13,-85.80
124.722,True,98.38,-83.79
124.824,True,97.76,-74.66
124.925,True,98.94,-71.06
125.028,True,99.23,-71.47
125.126,True,98.93,-71.66
125.234,True,98.73,-72.76
125.332,True,98.37,-74.06
125.429,True,98.68,-76.36
125.526,True,97.80,-76.50
125.633,True,96.29,-77.98
125.724,True,96.03,-81.81
125.824,True,145.81,-92.45
125.923,True,163.47,-98.72
126.023,True,166.46,-99.79
126.136,True,165.87,-101.78
126.234,True,108.70,-95.07
126.324,True,103.67,-94.62
126.426,True,339.99,-125.23
126.532,True,361.48,-135.05
126.627,True,363.16,-136.79
126.732,True,114.35,-111.86
126.825,True,99.18,-97.57
126.924,True,98.10,-91.74
127.033,True,181.43,-96.22
127.126,True,200.04,-101.57
127.228,True,202.82,-103.77
127.330,True,134.98,-91.11
127.430,True,127.95,-85.03
127.530,True,126.65,-84.13
127.627,True,135.85,-94.40
127.727,True,142.68,-96.32
127.828,True,147.36,-98.73
127.934,True,251.17,-112.41
128.034,True,362.57,-134.81
128.122,True,368.52,-136.40
128.232,True,96.09,-88.75
128.325,True,82.56,-77.42
128.423,True,82.39,-75.10
128.527,True,82.30,-72.59
128.625,True,80.56,-71.22
128.726,True,80.63,-70.92
128.824,True,80.86,-70.17
128.926,True,80.96,-70.37
129.033,True,82.16,-71.53
129.130,True,82.69,-73.20
129.228,True,81.78,-76.57
129.324,True,81.23,-79.24
129.423,True,80.73,-84.62
129.528,True,80.54,-86.83
129.633,True,279.11,-127.22
129.728,False,4976.81,-34783.83
129.828,False,4952.81,-34690.73
129.925,True,54.99,-184.20
130.023,True,72.77,-141.42
130.133,True,80.51,-118.36
130.232,True,83.96,-101.64
130.326,True,84.29,-97.57
130.425,True,94.71,-99.69
130.524,True,96.42,-97.05
130.622,True,91.82,-83.25
130.729,True,91.79,-62.95
130.833,True,143.19,78.10
130.923,True,146.53,81.53
131.027,True,147.28,81.05
131.123,True,17.66,-145.99
131.231,True,-20.30,-158.76
131.324,True,82.36,-96.43
131.433,True,100.87,-75.71
131.535,True,100.88,-73.47
131.625,True,106.51,-75.50
131.733,True,115.07,-77.55
131.832,True,113.79,-78.00
131.928,True,112.30,-77.04
132.029,True,118.83,-77.01
132.126,True,106.39,-80.86
132.235,True,101.25,-88.74
132.324,True,99.80,-93.76
132.423,True,99.35,-94.97
132.532,True,99.30,-97.44
132.628,True,93.19,-91.71
132.723,True,94.02,-88.27
132.827,True,92.80,-87.58
132.928,True,92.72,-87.15
133.025,True,92.96,-85.95
133.126,True,90.24,-84.49
133.225,True,88.87,-84.98
133.329,True,84.04,-83.40
133.424,True,81.69,-76.37
133.527,True,87.53,-71.68
133.624,True,95.78,-63.22
133.723,True,101.43,-61.33
133.833,True,103.96,-57.22
133.930,True,104.44,-55.42
134.029,True,104.02,-54.63
134.129,True,103.12,-55.81
134.225,True,103.38,-60.49
134.326,True,103.41,-63.03
134.425,True,39.43,-52.20
134.523,True,35.17,-45.30
134.633,True,33.41,-42.67
134.733,True,81.27,-37.54
134.830,True,99.35,-33.04
134.933,True,104.77,-30.87
135.028,True,107.19,-28.58
135.127,True,108.02,-27.77
135.228,True,109.16,-27.94
135.327,True,108.95,-27.84
135.423,True,109.09,-29.71
135.528,True,108.44,-30.44
135.631,True,25.98,-88.04
135.730,True,17.99,-105.06
135.824,True,15.94,-92.84
135.929,True,103.94,-79.31
136.028,True,111.47,-78.63
136.127,True,117.56,-79.81
136.227,True,110.09,-79.90
136.332,False,2950.19,-20443.02
136.430,True,104.62,-116.79
136.525,True,99.16,-109.48
136.626,True,100.77,-73.00
136.728,True,102.01,-64.16
136.827,True,102.57,-65.20
136.930,True,102.16,-66.09
137.031,True,101.41,-71.09
137.131,True,101.28,-73.02
137.230,True,101.46,-71.70
137.328,True,103.01,-71.63
137.422,True,104.69,-70.07
137.524,True,104.54,-69.80
137.623,True,102.74,-69.63
137.724,True,100.71,-70.79
137.822,True,121.28,-63.56
137.933,True,139.36,-51.21
138.034,True,142.37,-44.00
138.122,True,143.52,-41.56
138.230,True,59.64,-75.08
138.334,True,12.24,-146.42
138.432,True,28.26,-133.13
138.531,True,90.23,-89.83
138.631,True,94.34,-81.67
138.732,True,96.32,-80.21
138.832,True,99.19,-78.11
138.933,True,100.60,-76.73
139.031,True,99.92,-77.34
139.127,True,99.24,-76.95
139.232,True,98.06,-77.20
139.323,True,86.18,-76.38
139.433,True,17.58,-75.56
139.532,True,16.43,-84.29
139.627,True,59.84,-85.34
139.727,True,89.12,-82.36
139.826,True,92.85,-81.26
139.928,True,93.10,-82.03
140.028,True,93.38,-85.51
140.131,True,94.47,-86.53
140.224,True,93.07,-86.95
140.323,True,71.33,-82.71
140.433,True,65.78,-81.65
140.532,True,60.71,-83.40
140.629,True,61.54,-82.30
140.733,True,62.29,-83.84
140.827,True,64.01,-84.87
140.923,True,63.81,-88.10
141.028,True,65.03,-90.96
141.126,True,65.90,-95.74
141.226,True,65.98,-99.88
141.333,True,69.37,-93.87
141.432,True,75.21,-82.48
141.527,True,77.73,-73.03
141.627,True,82.80,-70.49
141.722,True,110.34,-68.70
141.830,True,113.25,-66.27
141.925,True,88.30,-74.91
142.034,True,78.71,-77.52
142.128,True,77.48,-77.89
142.227,True,81.31,-79.20
142.327,True,103.45,-64.86
142.425,True,105.05,-62.11
142.533,True,104.32,-60.43
142.633,True,101.90,-45.86
142.730,True,99.33,-39.64
142.831,True,95.65,-35.62
142.928,True,88.85,-29.35
143.025,True,83.17,-47.82
143.131,True,82.34,-69.69
143.234,True,82.18,-74.87
143.330,True,82.13,-78.22
143.433,True,82.43,-82.56
143.536,True,83.52,-82.36
143.627,True,83.51,-82.28
143.725,True,84.43,-79.70
143.825,True,100.96,-27.04
143.935,True,107.72,-18.88
144.023,True,105.59,-18.17
144.124,True,102.64,-18.34
144.234,True,99.56,-40.79
144.326,True,103.44,-54.66
144.428,True,105.84,-56.31
144.531,True,104.68,-51.67
144.632,True,99.75,-50.37
144.729,True,97.10,-53.32
144.828,True,95.37,-59.41
144.927,True,96.30,-65.11
145.023,True,97.19,-68.94
145.125,True,97.16,-71.56
145.227,True,97.67,-73.43
145.328,True,96.81,-75.79
145.426,True,95.67,-75.31
145.528,True,89.89,-78.33
145.633,True,89.11,-82.60
145.732,True,-91.38,-257.95
145.830,True,-64.65,-278.67
145.926,True,-86.12,-275.91
146.032,True,-88.45,-272.10
146.123,True,-36.89,-249.95
146.233,True,94.84,-125.50
146.332,True,95.91,-117.27
146.429,True,97.89,-113.67
146.526,True,99.95,-111.32
146.622,True,95.15,-99.18
146.731,True,87.58,-89.17
146.831,True,86.48,-86.11
146.926,True,85.16,-87.62
147.024,True,83.20,-87.45
147.133,True,81.75,-86.51
147.232,True,81.28,-87.78
147.330,True,81.59,-88.33
147.434,True,74.25,-87.61
147.525,True,42.15,-84.59
147.634,True,32.00,-82.95
147.733,True,43.12,-81.91
147.830,True,72.11,-76.77
147.928,True,81.20,-74.92
148.024,False,3417.91,-23052.39
148.123,False,3370.14,-22746.81
148.226,True,84.86,-223.08
148.324,True,88.30,-102.75
148.422,True,87.55,-72.15
148.526,True,91.10,-81.01
148.632,True,93.18,-97.35
148.729,True,94.47,-101.34
148.831,True,92.81,-100.92
148.930,True,93.24,-97.70
149.032,True,94.12,-93.19
149.129,True,92.13,-93.00
149.227,True,89.47,-90.49
149.324,True,81.41,-67.89
149.432,True,79.32,-63.70
149.528,True,77.49,-61.52
149.626,True,72.67,-65.39
149.722,True,71.66,-69.32
149.823,True,69.35,-72.14
149.925,True,68.10,-76.59
150.025,True,67.17,-79.49
150.127,True,67.64,-83.50
150.228,True,68.38,-86.26
150.328,True,69.70,-87.20
150.430,True,70.94,-86.95
150.528,True,57.74,-21.22
150.630,True,39.06,-2.73
150.723,True,33.14,2.34
150.833,True,31.47,3.40
150.933,True,31.28,3.40
151.031,True,99.22,-26.31
151.132,True,111.27,-41.24
151.223,True,114.48,-43.98
151.327,True,114.54,-45.51
151.425,True,113.19,-47.89
151.534,True,108.94,-46.77
151.628,True,91.09,-39.41
151.732,True,85.50,-39.09
151.830,True,81.51,-41.14
151.933,True,79.28,-46.66
152.036,True,79.60,-51.53
152.122,True,81.37,-56.34
152.233,True,82.09,-54.54
152.332,True,24.91,-106.13
152.424,True,-54.15,-219.07
152.533,True,46.04,-121.15
152.631,True,101.91,-84.72
152.731,True,107.89,-82.13
152.826,True,110.07,-75.03
152.932,True,111.57,-67.35
153.033,True,110.72,-65.51
153.128,True,111.08,-64.66
153.230,True,98.59,-63.30
153.326,True,3430.52,-23503.76
153.427,True,58.47,-123.09
153.526,True,71.18,-103.30
153.623,True,67.27,-89.29
153.733,True,65.49,-87.64
153.829,True,64.99,-86.68
153.928,True,65.36,-85.40
154.027,True,67.79,-87.01
154.130,True,74.34,-90.50
154.225,True,73.16,-90.66
154.324,True,71.42,-88.01
154.426,True,71.27,-84.82
154.527,True,96.27,-61.21
154.626,True,112.42,-49.76
154.723,True,114.98,-46.02
154.825,True,114.77,-42.63
154.933,True,115.26,-43.19
155.028,False,3648.25,-24535.43
155.125,False,3595.48,-24136.04
155.223,True,30.04,156.49
155.322,True,55.22,203.73
155.428,True,75.39,213.86
155.530,True,79.25,210.42
155.628,True,77.89,211.99
155.729,True,73.24,198.37
155.829,True,100.67,53.60
155.926,True,127.50,-85.53
156.026,True,124.57,-90.29
156.124,True,123.64,-90.54
156.224,True,121.26,-90.67
156.327,True,116.86,-90.01
156.427,True,113.24,-86.02
156.526,True,90.83,-84.38
156.632,True,66.43,-75.28
156.732,True,62.81,-73.17
156.827,True,62.11,-74.02
156.928,True,62.03,-75.29
157.032,True,63.38,-72.30
157.126,True,105.98,57.21
157.227,True,125.76,76.70
157.331,True,130.09,79.26
157.434,True,128.93,78.49
157.527,True,121.83,76.23
157.626,True,120.34,74.36
157.724,True,121.71,71.84
157.832,True,122.84,70.91
157.930,True,78.41,31.16
158.029,True,74.07,16.15
158.125,True,73.81,13.99
158.226,True,73.58,13.08
158.324,True,73.36,15.12
158.427,True,73.40,15.09
158.529,True,72.28,14.44
158.633,True,71.29,13.35
158.728,True,117.31,9.22
158.832,True,129.91,4.00
158.929,True,129.65,2.79
159.027,True,131.37,2.13
159.127,True,127.92,1.50
159.226,True,127.08,-3.05
159.332,True,141.92,-5.91
159.431,True,64.29,-10.61
159.529,True,46.93,-29.59
159.626,True,34.61,-35.26
159.724,True,115.46,11.56
159.824,True,133.30,17.11
159.922,True,122.24,12.05
160.023,True,128.56,3.30
160.133,True,142.34,9.58
160.234,True,121.72,21.01
160.333,True,112.36,-4.84
160.426,True,105.10,-89.12
160.523,True,101.79,-102.84
160.625,True,101.66,-102.31
160.727,True,100.15,-101.76
160.828,True,102.49,-102.35
160.930,True,103.92,-107.07
161.025,True,102.50,-107.21
161.134,True,103.00,-112.64
161.232,True,105.23,-117.41
161.335,True,104.82,-110.50
161.426,True,103.80,-99.79
161.522,True,103.79,-88.61
161.629,True,105.59,-53.75
161.727,True,105.46,-47.77
161.827,True,104.19,-42.63
161.933,True,102.92,-40.20
162.030,True,100.07,-41.73
162.126,True,98.39,-42.92
162.236,True,97.86,-81.71
162.331,True,97.64,-86.73
162.428,True,98.42,-86.81
162.528,True,99.02,-87.81
162.625,True,100.77,-88.47
162.726,True,102.02,-89.72
162.824,True,103.73,-91.62
162.923,True,107.30,-91.31
163.032,True,107.59,-90.26
163.131,True,106.46,-88.80
163.232,True,107.23,-90.36
163.331,True,108.25,-89.90
163.432,True,106.55,-89.08
163.533,True,104.57,-88.77
163.630,True,104.39,-89.65
163.729,True,104.38,-92.00
163.837,True,105.29,-93.77
163.931,True,106.12,-94.20
164.031,True,105.25,-94.42
164.132,True,104.07,-94.76
164.233,True,105.97,-93.24
164.333,True,106.33,-90.88
164.427,True,107.54,-85.35
164.527,True,109.70,-82.46
164.631,True,108.68,-79.36
164.723,True,108.17,-77.61
164.833,True,107.46,-79.31
164.930,True,106.98,-81.53
165.031,True,109.09,-84.15
165.130,True,122.31,-83.44
165.225,True,130.55,-82.55
165.322,True,132.20,-80.90
165.426,True,135.18,-78.52
165.534,True,131.11,-82.49
165.630,True,131.03,-85.76
165.725,True,131.78,-88.43
165.829,True,130.74,-88.41
165.929,True,129.55,-87.54
166.026,True,129.84,-87.68
166.122,True,129.74,-86.52
166.232,True,127.59,-85.81
166.327,True,127.44,-84.77
166.426,True,127.45,-83.42
166.524,True,128.38,-83.45
166.633,True,123.47,-81.67
166.728,True,118.76,-82.84
166.831,True,116.75,-86.23
166.930,True,4015.13,-29500.20
167.026,True,4010.53,-29470.96
167.126,True,103.31,-174.51
167.227,True,106.08,-151.45
167.324,True,112.26,-112.94
167.428,True,118.83,-103.66
167.527,True,118.19,-106.33
167.625,True,115.65,-107.53
167.728,True,118.12,-105.79
167.831,True,136.53,-104.99
167.932,True,142.54,-103.38
168.033,True,108.34,-89.02
168.129,True,99.18,-84.41
168.229,True,98.76,-81.46
168.328,True,89.96,-72.62
168.429,True,90.51,-67.04
168.529,True,115.93,-72.85
168.626,True,104.35,-78.69
168.727,True,103.15,-87.13
168.827,True,92.50,-89.85
168.928,True,84.54,-93.19
169.034,True,79.05,-93.94
169.126,True,112.45,-97.17
169.227,True,268.38,-110.61
169.332,True,247.48,-114.84
169.429,True,99.19,-100.42
169.530,True,98.33,-97.53
169.629,True,96.47,-95.19
169.726,True,94.36,-90.37
169.829,True,94.36,-89.81
169.925,True,94.38,-90.66
170.023,True,94.67,-91.37
170.127,True,128.46,-59.10
170.234,True,170.64,-5.66
170.326,True,172.19,0.85
170.425,True,173.44,0.81
170.525,True,130.15,-25.26
170.630,True,109.54,-52.94
170.734,True,108.54,-52.79
170.822,True,107.07,-54.18
170.933,True,105.34,-56.84
171.033,True,102.47,-58.93
171.131,True,101.11,-59.10
171.233,True,98.65,-61.10
171.332,True,95.65,-61.82
171.426,True,92.96,-65.41
171.524,True,92.57,-65.29
171.625,True,80.46,-59.26
171.723,True,73.11,-59.55
171.825,True,73.28,-59.88
171.924,True,72.14,-59.75
172.024,True,76.81,-78.34
172.132,True,83.69,-94.53
172.230,True,84.92,-99.89
172.331,True,84.24,-103.50
172.427,True,85.16,-102.41
172.527,True,86.03,-102.56
172.629,True,86.53,-102.35
172.727,True,85.37,-101.40
172.822,True,86.25,-101.20
172.928,True,87.32,-101.16
173.030,True,85.66,-101.77
173.127,True,79.92,-99.33
173.232,True,76.73,-98.88
173.333,True,75.05,-99.60
173.425,True,75.28,-99.87
173.532,True,75.85,-100.70
173.630,True,75.43,-100.39
173.729,True,73.94,-101.26
173.831,True,72.66,-101.58
173.931,True,72.30,-102.45
174.032,True,73.16,-104.23
174.133,True,76.49,-97.49
174.226,True,79.81,-89.76
174.323,True,84.41,-84.42
174.424,True,86.20,-81.47
174.527,True,85.89,-84.33
174.632,False,3904.87,-28280.73
174.729,False,3862.18,-27959.43
174.827,False,3844.58,-27857.52
174.924,False,3849.41,-27857.43
175.032,False,3868.25,-27957.07
175.133,True,97.94,-190.16
175.232,True,93.67,-149.74
175.333,True,102.82,-83.44
175.429,True,124.79,-76.16
175.526,True,130.49,-80.75
175.625,True,118.92,-84.49
175.724,True,115.69,-86.47
175.832,True,114.17,-86.46
175.932,True,112.58,-86.83
176.027,True,111.16,-87.71
176.128,True,110.70,-86.32
176.234,True,111.15,-86.13
176.333,True,110.65,-86.23
176.428,True,110.15,-87.96
176.531,True,111.03,-91.26
176.626,True,110.78,-95.00
176.724,True,110.21,-99.85
176.828,True,99.37,-94.95
176.932,True,93.14,-94.92
177.031,True,93.15,-94.08
177.129,True,92.63,-95.56
177.231,True,92.64,-95.31
177.331,True,90.30,-95.75
177.423,True,86.70,-95.76
177.523,True,86.63,-94.26
177.624,True,89.15,-90.38
177.725,True,91.36,-83.48
177.823,True,90.63,-80.30
177.933,True,89.59,-81.85
178.033,True,89.08,-84.23
178.126,True,86.53,-86.09
178.224,True,84.74,-87.16
178.323,True,84.56,-87.44
178.425,True,84.08,-89.47
178.535,True,84.47,-91.38
178.629,True,86.43,-92.08
178.724,True,89.94,-91.61
178.825,True,91.18,-90.55
178.925,True,90.51,-89.94
179.024,True,315.28,-125.84
179.133,True,348.55,-143.92
179.224,True,352.00,-145.51
179.333,True,101.60,-106.35
179.434,True,100.10,-91.06
179.533,True,100.22,-88.38
179.631,True,98.77,-83.29
179.733,True,97.41,-78.60
179.834,True,98.21,-77.54
179.931,True,106.68,-82.23
180.031,True,102.66,-79.27
180.131,True,239.61,-84.56
180.227,True,292.49,-99.21
180.326,True,299.69,-102.04
180.425,True,306.22,-106.40
180.523,True,305.56,-110.95
180.626,True,305.28,-111.47
180.730,True,306.01,-112.85
180.824,True,305.79,-113.53
180.932,True,304.33,-117.07
181.032,True,157.66,-91.08
181.131,True,89.55,-72.55
181.232,True,87.99,-69.89
181.335,True,97.62,-74.55
181.434,True,102.90,-78.04
181.533,True,104.59,-77.18
181.632,True,99.76,-73.06
181.731,True,90.37,-63.70
181.830,True,86.85,-64.62
181.936,True,85.54,-64.03
182.026,True,86.32,-62.86
182.124,True,85.07,-62.27
182.234,True,85.47,-63.10
182.338,True,86.88,-69.67
182.428,True,123.24,-80.68
182.535,True,133.65,-83.54
182.627,True,120.07,-84.94
182.732,True,91.44,-88.20
182.826,True,87.81,-91.00
182.923,True,85.29,-90.85
183.031,True,83.43,-93.25
183.122,True,81.46,-96.55
183.226,True,80.97,-98.37
183.333,True,81.93,-100.28
183.431,True,82.31,-103.42
183.532,True,74.43,-79.12
183.627,True,-13.24,13.75
183.724,True,-10.08,34.44
183.822,True,10.05,25.56
183.933,True,117.02,-73.71
184.033,True,131.53,-86.13
184.130,True,134.43,-80.94
184.224,True,134.06,-69.91
184.333,True,390.05,-140.32
184.432,True,398.24,-151.27
184.522,True,107.42,-72.21
184.623,True,101.13,-69.74
184.732,True,99.95,-66.83
184.832,True,99.76,-61.97
184.931,True,97.86,-60.93
185.032,True,113.73,-68.05
185.128,True,118.35,-76.84
185.227,True,124.22,-79.07
185.326,True,106.79,-87.23
185.423,True,84.05,-85.58
185.522,True,79.75,-83.67
185.632,True,80.97,-86.04
185.733,True,79.55,-87.79
185.829,True,79.57,-88.61
185.930,True,83.02,-92.04
186.032,True,84.20,-93.02
186.124,True,81.69,-93.88
186.224,True,82.60,-95.89
186.323,True,82.49,-100.00
186.434,True,78.87,-97.60
186.523,True,79.51,-95.35
186.627,True,78.46,-93.73
186.730,True,79.28,-94.18
186.828,True,78.68,-97.04
186.928,True,154.36,-103.20
187.027,True,173.07,-102.43
187.130,True,180.51,-99.38
187.232,True,183.30,-99.69
187.330,True,184.93,-102.74
187.429,True,185.16,-105.12
187.522,True,187.70,-106.32
187.623,True,191.31,-102.93
187.726,True,191.98,-96.15
187.824,True,191.40,-90.60
187.922,True,117.59,-81.64
188.030,True,105.42,-79.06
188.131,True,100.90,-78.19
188.233,True,98.47,-80.74
188.332,True,91.59,-84.43
188.428,True,87.26,-88.13
188.524,True,84.66,-88.17
188.631,True,82.59,-112.43
188.735,False,3305.45,-24529.58
188.824,True,94.08,-112.66
188.926,True,81.99,-134.96
189.022,True,83.24,-109.60
189.127,True,83.61,-102.52
189.232,True,82.80,-103.77
189.331,True,81.09,-98.94
189.433,True,83.29,-92.76
189.532,True,88.01,-79.05
189.625,True,85.51,-79.80
189.728,True,81.34,-79.56
189.831,True,79.17,-78.45
189.929,True,77.98,-77.24
190.030,True,78.18,-77.63
190.125,True,78.43,-75.67
190.228,True,126.75,-14.82
190.333,True,133.90,-0.35
190.424,True,133.71,-0.81
190.535,True,134.09,-3.02
190.632,True,134.91,-4.21
190.733,True,132.68,-4.86
190.832,True,97.77,-12.63
190.931,True,90.00,-15.96
191.033,True,88.35,-14.92
191.129,True,99.07,-14.21
191.222,True,124.99,-7.58
191.329,True,129.65,-5.43
191.431,True,130.04,-4.57
191.527,True,129.35,-4.63
191.628,True,129.38,-4.74
191.733,True,103.94,-11.18
191.836,True,92.74,-18.58
191.922,True,90.48,-20.17
192.023,True,85.95,-23.37
192.124,True,82.97,-26.63
192.223,True,82.18,-29.19
192.324,True,82.54,-32.07
192.432,True,81.85,-31.91
192.531,True,80.54,-34.24
192.628,True,76.87,-33.49
192.729,True,115.11,-47.31
192.832,True,120.29,-55.52
192.923,True,108.97,-63.71
193.022,True,3163.49,-23743.35
193.133,True,113.77,-49.30
193.226,True,68.67,-52.59
193.326,True,56.75,-46.05
193.433,True,80.43,-69.77
193.530,True,99.76,-93.30
193.625,True,102.55,-95.23
193.724,True,105.10,-98.76
193.826,True,107.27,-103.10
193.935,True,110.23,-104.88
194.028,True,110.50,-105.22
194.128,True,100.89,-101.09
194.231,True,98.00,-95.16
194.331,True,102.28,-82.58
194.432,True,99.57,-71.04
194.532,True,96.38,-67.62
194.633,True,104.84,-77.53
194.732,True,111.98,-85.86
194.834,True,111.55,-85.74
194.933,True,101.91,-80.19
195.032,True,100.42,-76.75
195.133,True,98.71,-76.48
195.231,True,98.26,-75.76
195.337,True,97.02,-78.24
195.427,True,95.92,-81.66
195.527,True,93.57,-83.89
195.634,True,92.87,-83.71
195.733,True,89.08,-81.10
195.829,True,75.18,-69.56
195.935,True,71.51,-66.00
196.027,True,72.62,-66.67
196.124,True,73.70,-67.39
196.231,True,71.79,-72.89
196.329,True,69.38,-77.16
196.425,True,88.13,-87.83
196.532,True,93.53,-92.66
196.628,True,95.90,-92.64
196.732,True,97.16,-93.06
196.833,True,98.95,-92.60
196.928,True,98.63,-92.51
197.031,True,98.41,-94.51
197.129,True,95.78,-94.50
197.227,True,96.90,-93.32
197.323,True,95.14,-88.64
197.422,True,93.40,-84.13
197.531,True,92.88,-83.32
197.629,True,92.76,-83.73
197.727,True,91.08,-86.77
197.830,True,87.90,-93.41
197.926,True,85.20,-96.78
198.025,True,85.84,-95.73
198.126,True,84.88,-93.71
198.225,True,83.71,-92.87
198.324,True,83.71,-92.33
198.425,True,82.79,-92.46
198.524,True,92.12,-96.51
198.624,True,104.90,-103.69
198.728,True,106.13,-103.14
198.835,True,107.83,-103.94
198.931,True,105.94,-104.85
199.028,True,102.06,-109.29
199.131,True,99.25,-112.71
199.231,True,97.31,-115.06
199.337,True,96.48,-117.69
199.428,True,96.99,-116.69
199.528,True,96.50,-114.10
199.627,True,96.11,-108.56
199.733,True,94.44,-102.50
199.832,True,94.37,-100.35
199.932,True,93.49,-99.54
200.029,True,151.78,-97.95
200.131,True,169.89,-93.41
200.225,True,170.90,-92.40
200.324,True,171.52,-93.09
200.425,True,172.33,-95.19
200.528,True,173.11,-98.44
200.625,True,172.54,-101.54
200.736,True,172.61,-102.82
200.830,True,175.53,-101.03
200.931,True,178.35,-95.86
201.029,True,181.38,-90.84
201.128,True,183.76,-88.03
201.225,True,133.14,-84.30
201.328,True,107.78,-84.27
201.422,True,103.95,-85.44
201.531,True,98.80,-85.18
201.625,True,92.25,-96.62
201.727,False,3198.66,-24215.76
201.829,False,3204.59,-24208.44
201.934,True,77.73,-120.68
202.036,True,103.97,-130.71
202.130,True,103.36,-135.63
202.233,True,306.35,-139.28
202.335,True,371.16,-160.78
202.425,True,374.75,-167.13
202.532,True,150.44,-129.48
202.625,True,108.80,-93.73
202.722,True,109.12,-82.66
202.824,True,109.04,-77.44
202.925,True,109.40,-72.92
203.028,True,108.49,-68.78
203.130,True,108.56,-70.42
203.232,True,108.18,-75.60
203.331,True,105.11,-80.70
203.429,True,102.84,-84.82
203.531,True,98.73,-88.16
203.633,True,140.41,31.67
203.724,True,145.49,40.42
203.832,True,145.49,38.48
203.922,True,144.10,37.65
204.033,True,143.79,35.52
204.130,True,148.15,36.36
204.231,True,147.29,35.13
204.330,True,-46.53,-238.10
204.427,True,-32.61,-258.49
204.526,True,61.45,-113.46
204.634,True,73.17,-91.24
204.729,True,75.41,-85.19
204.829,True,78.41,-80.46
204.931,True,78.91,-75.70
205.030,True,78.32,-75.43
205.131,True,77.88,-75.23
205.234,True,76.15,-75.79
205.330,True,75.43,-78.02
205.429,True,73.16,-79.93
205.525,True,71.17,-81.44
205.622,True,70.95,-82.44
205.731,True,70.38,-83.42
205.829,True,69.02,-84.97
205.927,True,63.77,-88.21
206.026,True,63.34,-92.41
206.124,True,64.69,-97.25
206.233,True,65.48,-99.01
206.333,True,66.17,-98.36
206.426,True,66.68,-94.43
206.523,True,62.53,-94.81
206.632,True,58.81,-94.62
206.726,True,58.66,-96.36
206.832,True,58.74,-99.48
206.933,True,57.20,-102.01
207.032,True,41.17,-97.57
207.130,True,28.52,-89.87
207.223,True,26.70,-92.06
207.327,True,13.99,-85.56
207.424,True,11.88,-84.33
207.524,True,23.13,-84.54
207.634,True,54.84,-76.00
207.724,True,79.54,-76.28
207.832,True,83.71,-73.62
207.932,True,83.38,-74.35
208.031,True,73.40,-61.12
208.129,True,67.83,-54.21
208.228,True,64.77,-54.48
208.326,True,63.47,-53.10
208.433,True,64.07,-54.26
208.533,True,63.61,-55.31
208.630,True,77.95,-60.67
208.730,True,96.06,-65.08
208.826,True,93.56,-70.17
208.935,False,3120.46,-23514.65
209.029,False,3125.63,-23540.26
209.131,True,71.63,-148.83
209.230,True,67.42,-138.82
209.328,True,71.01,-122.81
209.432,True,71.11,-110.23
209.531,True,71.84,-94.61
209.632,True,74.76,-91.21
209.732,True,77.20,-83.18
209.822,True,78.78,-79.17
209.931,True,81.50,-74.42
210.034,True,80.92,-72.52
210.124,True,80.16,-71.60
210.234,True,79.97,-70.15
210.335,True,80.51,-70.30
210.427,True,80.89,-71.31
210.524,True,79.77,-72.89
210.626,True,79.26,-74.76
210.723,True,77.15,-78.40
210.822,True,149.79,-85.70
210.923,True,359.19,-127.74
211.024,True,360.58,-136.02
211.131,True,97.70,-95.00
211.231,True,85.79,-91.15
211.329,True,82.45,-90.17
211.429,True,80.92,-90.80
211.535,True,78.80,-90.87
211.635,True,78.54,-93.19
211.724,True,76.58,-97.33
211.834,True,75.65,-98.94
211.932,True,75.72,-100.16
212.031,True,76.57,-99.11
212.133,True,77.46,-100.83
212.224,True,82.06,-101.36
212.329,True,110.24,-96.47
212.432,True,114.48,-94.76
212.534,True,161.26,-99.65
212.631,True,374.09,-153.38
212.724,True,279.82,-157.15
212.832,True,85.44,-124.21
212.923,True,85.20,-120.28
213.032,True,84.40,-110.46
213.131,True,88.28,-101.52
213.227,True,91.12,-96.15
213.323,True,89.99,-96.27
213.430,True,88.10,-98.17
213.530,True,86.90,-99.51
213.628,True,86.44,-100.68
213.727,True,88.14,-99.89
213.825,True,90.64,-99.80
213.926,True,92.00,-101.45
214.026,True,92.91,-103.32
214.126,True,94.46,-105.86
214.227,True,98.80,-103.50
214.329,True,352.08,-122.70
214.426,True,386.74,-143.94
214.529,True,389.33,-144.30
214.625,True,391.51,-143.12
214.735,True,392.19,-140.38
214.833,True,392.50,-138.68
214.932,True,86.78,-93.80
215.023,True,74.87,-91.81
215.132,True,70.58,-91.80
215.231,True,71.40,-93.66
215.330,True,70.66,-96.07
215.432,True,74.62,-98.99
215.530,True,90.19,-123.36
215.627,True,87.42,-135.53
215.731,True,87.81,-129.82
215.834,True,88.37,-131.58
215.932,True,88.49,-132.31
216.032,True,88.56,-131.42
216.130,False,3135.73,-22986.55
216.229,False,3096.41,-22864.63
216.325,True,103.89,-170.46
216.425,True,97.58,-169.28
216.527,True,102.31,-180.76
216.623,True,96.82,-140.10
216.723,True,86.71,-128.80
216.823,True,84.24,-124.59
216.923,True,84.12,-121.00
217.023,True,84.48,-117.86
217.122,True,112.68,10.93
217.223,True,131.07,37.96
217.326,True,133.19,41.21
217.430,True,136.65,39.41
217.526,True,130.50,-21.55
217.627,True,118.77,-65.20
217.727,True,118.00,-68.63
217.826,True,113.42,-64.73
217.924,True,125.01,-67.84
218.026,True,129.87,-69.71
218.133,True,120.81,-61.11
218.233,True,117.64,-61.80
218.326,True,116.68,-62.94
218.434,True,42.15,-112.52
218.535,True,33.68,-133.91
218.640,True,71.03,-127.45
218.733,True,82.82,-115.31
218.834,True,85.99,-112.04
218.931,True,85.93,-110.37
219.026,True,87.70,-110.34
219.122,True,89.34,-111.53
219.223,True,89.43,-112.71
219.323,True,89.15,-114.30
219.432,True,55.51,-109.75
219.523,True,48.21,-110.15
219.631,True,103.15,-80.39
219.733,True,109.71,-78.23
219.834,True,114.05,-74.72
219.923,True,113.51,-75.45
220.034,True,103.79,-77.45
220.133,True,85.35,-94.23
220.222,True,80.98,-99.30
220.327,True,80.68,-101.11
220.430,True,81.21,-101.68
220.535,True,81.62,-99.66
220.632,True,81.15,-98.70
220.734,True,82.06,-97.50
220.836,True,82.07,-97.26
220.931,True,81.71,-98.31
221.031,True,82.31,-98.71
221.132,True,82.65,-99.06
221.232,True,85.59,-92.31
221.329,True,89.04,-82.83
221.424,True,89.31,-81.74
221.534,True,90.11,-81.34
221.632,True,96.76,-78.72
221.730,True,99.06,-73.06
221.832,True,99.10,-73.58
221.933,True,98.87,-73.89
222.024,True,96.98,-75.13
222.130,True,97.10,-75.57
222.226,True,95.71,-73.04
222.324,True,96.12,-71.69
222.432,True,96.18,-69.39
222.527,True,90.18,-79.80
222.626,False,2983.63,-22246.08
222.728,True,101.37,-65.07
222.832,True,68.95,-114.72
222.931,True,61.14,-105.22
223.026,True,62.02,-91.63
223.129,True,70.36,-91.67
223.232,True,79.92,-95.36
223.325,True,85.07,-98.75
223.426,True,84.24,-104.21
223.526,True,84.58,-94.21
223.625,True,86.98,-87.93
223.722,True,87.90,-84.11
223.834,True,87.31,-83.21
223.931,True,87.55,-83.36
224.031,True,86.13,-82.91
224.128,True,83.98,-83.58
224.234,True,85.55,-83.22
224.323,True,97.93,-57.72
224.426,True,105.14,-49.33
224.529,True,105.95,-47.49
224.627,True,106.50,-47.05
224.726,True,106.11,-47.84
224.834,True,103.77,-50.92
224.932,True,101.20,-54.42
225.022,True,79.24,-61.14
225.127,True,72.73,-67.37
225.225,True,69.52,-72.81
225.326,True,81.50,-83.47
225.426,True,85.11,-88.73
225.522,True,86.53,-91.59
225.631,True,85.71,-91.97
225.732,True,86.31,-94.15
225.823,True,86.98,-96.52
225.930,True,86.90,-97.82
226.030,False,3049.27,-22690.38
226.128,False,3078.83,-22779.57
226.226,True,60.89,-157.81
226.331,True,95.72,-133.38
226.429,True,83.40,-120.94
226.531,True,67.85,-120.27
226.626,True,64.29,-118.86
226.731,True,102.17,-114.90
226.830,True,110.94,-106.37
226.930,True,105.96,-101.48
227.030,True,96.80,-100.46
227.127,True,96.70,-99.44
227.223,True,95.69,-99.78
227.329,True,93.42,-100.36
227.432,True,92.87,-102.01
227.533,True,92.65,-105.50
227.633,True,91.91,-113.32
227.723,True,92.43,-118.04
227.823,True,94.86,-121.82
227.934,True,97.87,-114.35
228.023,True,95.15,-90.81
228.122,True,94.57,-79.61
228.231,True,94.59,-77.00
228.330,True,95.04,-76.44
228.434,True,124.44,-82.51
228.535,True,122.56,-88.80
228.632,True,96.98,-93.43
228.723,True,91.36,-98.72
228.825,True,90.82,-105.00
228.924,True,91.53,-112.15
229.025,True,90.76,-117.17
229.125,True,88.24,-118.05
229.235,True,86.02,-117.89
229.333,True,83.39,-116.19
229.424,True,78.45,-119.38
229.533,True,85.21,-128.43
229.632,True,82.05,-122.09
229.732,True,82.29,-120.44
229.827,True,82.51,-118.89
229.936,True,83.49,-117.66
230.023,True,85.21,-115.63
230.133,True,86.57,-114.49
230.222,True,86.62,-112.20
230.325,True,86.82,-106.01
230.432,True,85.96,-103.92
230.527,True,84.38,-101.98
230.628,True,83.15,-102.54
230.725,True,82.35,-104.24
230.834,True,86.27,-101.00
230.931,True,89.25,-97.21
231.028,True,92.30,-92.84
231.133,True,91.85,-92.52
231.231,True,91.73,-94.92
231.328,True,89.01,-100.10
231.427,True,87.01,-104.96
231.523,True,86.12,-106.51
231.626,True,84.13,-109.05
231.725,True,84.17,-110.67
231.826,True,83.85,-114.21
231.927,True,84.14,-114.06
232.029,True,85.64,-116.47
232.128,True,86.16,-117.09
232.231,True,86.14,-117.30
232.332,True,86.73,-117.91
232.432,True,88.03,-117.61
232.530,True,87.07,-118.02
232.629,True,86.28,-118.20
232.737,True,87.43,-120.05
232.827,True,87.79,-123.59
232.928,True,89.20,-127.92
233.031,True,90.21,-129.61
233.130,True,90.97,-128.22
233.230,True,90.13,-127.74
233.323,True,89.97,-126.59
233.423,True,88.75,-125.67
233.522,True,89.86,-126.28
233.626,True,90.07,-125.17
233.723,True,57.65,-116.17
233.833,True,50.28,-115.13
233.923,True,49.54,-116.70
234.035,True,50.59,-118.61
234.133,True,52.98,-119.83
234.232,True,55.59,-120.48
234.332,True,60.32,-115.29
234.427,True,62.75,-104.17
234.532,True,82.81,-101.83
234.632,False,3018.99,-22594.59
234.732,True,84.63,-91.54
234.830,True,28.66,-145.96
234.931,True,23.63,-157.34
235.034,True,23.56,-140.20
235.132,True,40.45,-123.84
235.231,True,85.32,-114.66
235.334,True,92.11,-108.43
235.429,True,93.36,-107.37
235.532,True,94.58,-105.14
235.626,True,96.20,-107.28
235.724,True,97.33,-108.08
235.831,True,97.23,-108.58
235.922,True,95.56,-109.00
236.033,True,93.40,-111.54
236.133,True,92.54,-114.28
236.233,True,92.01,-115.47
236.325,True,91.55,-120.90
236.433,True,89.79,-124.53
236.532,True,90.25,-123.46
236.633,True,89.67,-123.77
236.736,True,87.70,-123.70
236.826,True,84.39,-124.11
236.934,True,83.24,-121.83
237.024,True,83.88,-120.09
237.124,True,82.24,-119.65
237.227,True,79.91,-119.74
237.329,True,78.77,-119.13
237.429,True,83.82,-111.67
237.526,True,86.57,-106.09
237.628,True,85.35,-100.32
237.729,True,85.62,-100.22
237.825,True,85.15,-101.75
237.929,True,83.90,-106.76
238.031,True,82.49,-114.93
238.127,True,83.24,-118.14
238.226,True,82.18,-121.58
238.336,True,82.49,-121.13
238.431,True,83.68,-123.14
238.530,True,84.20,-124.87
238.631,True,346.82,-143.54
238.728,True,368.47,-153.30
238.827,True,377.27,-147.90
238.927,True,87.02,-146.96
239.027,True,76.34,-111.02
239.126,True,75.15,-107.97
239.227,True,73.08,-103.78
239.328,True,70.94,-101.53
239.428,True,70.28,-103.05
239.529,True,70.89,-105.76
239.623,True,70.38,-109.41
239.723,True,70.35,-113.37
239.833,True,69.62,-115.96
239.930,True,74.02,-118.28
240.030,True,80.80,-121.64
240.130,True,84.09,-123.88
240.227,True,85.37,-127.10
240.322,True,85.38,-127.44
240.435,True,87.48,-130.07
240.523,True,87.95,-131.53
240.630,True,88.35,-131.98
240.728,True,87.75,-133.71
240.832,True,87.45,-132.73
240.926,True,89.10,-127.46
241.025,True,89.97,-117.25
241.126,True,92.27,-110.81
241.232,True,95.23,-108.05
241.326,True,94.85,-106.85
241.433,True,93.29,-108.20
241.534,True,91.20,-113.42
241.633,True,89.34,-118.04
241.731,False,2977.90,-22782.44
241.830,False,2956.60,-22597.98
241.929,True,45.26,-102.17
242.029,True,68.26,-136.30
242.134,True,88.06,-106.97
242.232,True,92.57,-96.10
242.332,True,90.14,-94.10
242.430,True,87.89,-91.87
242.534,True,88.17,-92.09
242.632,True,88.28,-92.98
242.722,True,89.00,-93.92
242.832,True,90.86,-94.72
242.931,True,91.62,-95.43
243.031,True,91.45,-96.26
243.124,True,94.07,-99.18
243.226,True,95.03,-101.19
243.328,True,95.83,-103.00
243.428,True,95.16,-104.36
243.523,True,95.13,-105.67
243.628,True,94.85,-106.41
243.732,True,94.71,-105.04
243.830,True,93.90,-105.21
243.932,True,92.87,-105.12
244.027,True,94.63,-101.98
244.127,True,99.42,-94.82
244.224,True,103.27,-89.72
244.327,True,103.45,-88.22
244.427,True,103.75,-90.17
244.535,True,102.61,-93.90
244.632,True,101.40,-95.27
244.723,True,100.17,-97.49
244.833,True,99.23,-99.46
244.931,True,98.03,-101.11
245.029,True,96.32,-102.88
245.125,True,95.57,-104.64
245.231,True,94.46,-107.27
245.328,True,96.50,-108.17
245.430,True,97.47,-108.46
245.531,True,98.19,-107.68
245.629,True,99.15,-107.58
245.727,True,98.04,-107.98
245.828,True,98.40,-109.10
245.925,True,99.61,-110.14
246.022,True,100.42,-109.65
246.130,True,100.94,-109.09
246.225,True,103.92,-108.86
246.323,True,104.62,-108.38
246.431,True,104.81,-104.41
246.529,True,105.88,-101.59
246.626,True,107.72,-101.32
246.734,True,107.84,-101.38
246.829,True,108.82,-100.75
246.925,True,112.67,-99.57
247.032,True,113.61,-100.92
247.131,True,114.75,-100.24
247.222,True,115.83,-100.16
247.332,True,114.52,-100.52
247.435,True,114.45,-99.20
247.532,True,114.04,-94.92
247.632,True,115.60,-84.60
247.731,True,116.82,-81.89
247.825,True,119.49,-81.18
247.926,True,301.33,-99.59
248.022,True,379.99,-132.30
248.125,True,381.21,-138.47
248.226,True,97.50,-110.66
248.326,True,93.76,-101.35
248.423,True,95.77,-91.23
248.525,True,97.17,-86.86
248.623,True,96.58,-83.31
248.734,True,96.73,-80.43
248.830,True,96.46,-79.09
248.931,True,94.85,-80.38
249.031,True,89.15,-86.02
249.131,True,85.91,-92.05
249.229,True,83.58,-95.84
249.327,True,83.26,-97.52
249.424,True,81.74,-99.76
249.524,True,81.49,-101.84
249.628,True,81.70,-105.68
249.725,True,80.87,-112.07
249.827,True,79.95,-113.69
249.934,True,79.37,-112.17
250.031,True,79.11,-106.58
250.133,True,77.75,-102.34
250.231,True,76.91,-100.84
250.330,True,77.12,-98.42
250.427,True,77.90,-97.77
250.525,True,80.57,-94.39
250.628,True,81.99,-94.27
250.725,False,2886.88,-22452.06
250.832,False,2857.62,-22216.04
250.929,True,78.66,-221.89
251.028,True,62.30,-197.62
251.122,True,61.06,-178.69
251.225,True,57.96,-180.67
251.334,True,54.76,-180.62
251.430,True,54.81,-177.22
251.532,True,54.31,-173.97
251.632,True,66.23,-169.48
251.728,True,78.41,-112.11
251.830,True,80.26,-100.04
251.926,True,80.35,-97.59
252.032,True,79.37,-96.30
252.128,True,81.13,-96.71
252.228,True,81.95,-99.01
252.326,True,81.95,-102.36
252.425,True,76.16,-106.18
252.535,True,69.67,-107.22
252.624,True,69.30,-108.94
252.727,True,70.74,-111.02
252.826,True,70.85,-113.00
252.933,True,70.34,-115.94
253.031,True,70.80,-115.72
253.124,True,70.93,-116.56
253.223,True,71.09,-118.68
253.327,True,68.39,-118.51
253.433,True,66.02,-116.82
253.532,True,61.23,-112.68
253.631,True,36.94,-99.89
253.731,True,36.22,-99.37
253.833,True,35.62,-100.73
253.932,True,35.30,-106.04
254.031,True,35.58,-107.33
254.126,True,36.71,-104.61
254.231,True,38.17,-93.26
254.331,True,40.07,-87.12
254.428,True,89.15,-87.75
254.526,True,100.04,-88.48
254.631,True,102.87,-91.18
254.725,True,94.34,-91.82
254.830,True,87.41,-95.16
254.929,True,81.69,-103.27
255.028,True,80.20,-105.48
255.127,True,77.93,-109.78
255.223,True,76.76,-111.93
255.334,True,77.80,-111.82
255.430,True,103.43,-107.64
255.526,True,107.88,-109.07
255.633,True,99.29,-111.87
255.722,True,89.72,-114.76
255.823,True,87.04,-116.84
255.924,True,86.71,-116.54
256.031,True,85.53,-117.76
256.131,True,83.76,-117.99
256.230,True,83.01,-119.05
256.322,True,82.04,-119.34
256.429,True,81.83,-120.00
256.523,True,81.13,-121.07
256.627,True,80.36,-120.98
256.727,True,79.13,-120.02
256.828,True,79.33,-118.90
256.927,True,78.23,-119.24
257.033,True,80.70,-115.55
257.128,True,86.06,-105.21
257.223,True,89.90,-97.70
257.334,True,92.06,-93.65
257.430,True,85.00,-91.12
257.530,True,78.57,-89.64
257.626,True,79.10,-107.83
257.726,False,2952.30,-23199.41
257.823,True,71.76,-119.45
257.935,True,74.25,-120.97
258.032,True,77.78,-99.37
258.136,True,77.44,-96.87
258.229,True,76.88,-97.43
258.329,True,-5.81,-147.74
258.431,True,-64.01,-196.93
258.522,True,62.16,-120.21
258.622,True,82.28,-110.40
258.722,True,85.16,-106.46
258.834,True,84.22,-101.68
258.932,True,85.10,-98.13
259.026,True,86.86,-98.77
259.130,True,85.12,-100.91
259.232,True,84.49,-105.68
259.331,True,86.32,-111.90
259.429,True,86.98,-114.62
259.525,True,84.80,-115.64
259.623,True,84.25,-117.97
259.724,True,82.52,-121.90
259.824,True,82.48,-124.02
259.928,True,87.65,-116.98
260.025,True,89.57,-114.94
260.124,True,90.05,-115.07
260.234,True,90.79,-112.16
260.333,True,59.44,-108.83
260.425,True,51.61,-116.47
260.523,True,51.25,-121.98
260.633,True,51.60,-127.49
260.730,True,54.96,-122.90
260.827,True,56.14,-113.42
260.928,True,56.66,-105.26
261.031,True,57.21,-101.24
261.124,True,57.84,-101.25
261.224,True,58.81,-104.12
261.322,True,65.88,-109.46
261.433,True,78.44,-108.50
261.532,True,79.36,-103.45
261.626,True,80.73,-102.00
261.731,True,80.80,-100.32
261.826,True,80.94,-99.22
261.926,True,80.55,-100.15
262.032,True,79.63,-101.13
262.132,True,79.39,-103.98
262.231,True,83.47,-107.96
262.330,True,84.78,-112.79
262.431,True,85.87,-114.22
262.527,True,84.94,-114.17
262.623,True,85.01,-114.52
262.730,True,84.30,-114.31
262.828,True,84.68,-112.29
262.926,True,87.23,-109.87
263.034,True,37.67,-104.76
263.122,True,-71.37,-96.33
263.228,True,-80.58,-93.44
263.325,True,-82.94,-92.63
263.426,True,-84.08,-95.50
263.527,True,54.60,-95.74
263.625,True,68.56,-90.72
263.730,True,74.04,-80.28
263.827,True,75.80,-76.92
263.926,True,77.05,-75.46
264.028,True,76.11,-74.72
264.128,True,75.28,-76.56
264.235,True,76.26,-78.08
264.334,True,76.46,-80.35
264.429,True,76.77,-82.44
264.530,True,75.04,-86.44
264.626,True,76.55,-93.37
264.728,True,137.73,-98.71
264.830,True,147.27,-100.48
264.929,True,108.23,-97.80
265.031,True,94.37,-94.31
265.129,True,90.99,-92.51
265.230,True,91.36,-88.63
265.328,True,91.63,-86.65
265.426,True,92.60,-86.13
265.530,True,91.86,-84.41
265.631,True,93.05,-83.81
265.730,True,93.35,-82.69
265.829,True,92.15,-81.70
265.924,True,91.64,-81.47
266.023,True,293.03,-121.00
266.132,True,319.69,-140.60
266.223,True,259.94,-124.96
266.333,True,154.24,-79.11
266.429,True,152.30,-81.74
266.522,True,150.00,-84.22
266.633,True,149.76,-89.32
266.723,True,162.10,-99.66
266.829,True,158.33,-99.17
266.924,True,148.80,-95.30
267.025,True,147.60,-96.77
267.125,True,148.06,-94.56
267.234,True,152.04,-88.02
267.331,True,154.62,-86.31
267.438,True,365.96,-141.04
267.523,True,381.58,-156.21
267.626,True,293.77,-150.78
267.723,True,101.67,-99.05
267.823,True,96.01,-89.20
267.932,False,2951.42,-23303.74
268.027,False,2951.78,-23396.77
268.128,True,84.61,-116.66
268.226,True,86.46,-115.03
268.330,True,88.28,-93.44
268.430,True,87.41,-88.77
268.526,True,88.72,-93.00
268.625,True,90.83,-95.40
268.731,True,90.59,-98.25
268.833,True,91.28,-98.43
268.931,True,91.44,-98.61
269.029,True,91.97,-99.69
269.127,True,90.09,-98.86
269.226,True,90.65,-99.52
269.322,True,91.12,-101.30
269.424,True,90.78,-103.63
269.529,True,89.70,-105.36
269.628,True,89.08,-103.58
269.730,True,88.95,-103.97
269.825,True,90.15,-103.82
269.929,True,91.14,-103.68
270.028,True,92.10,-106.29
270.127,True,92.28,-106.85
270.227,True,94.79,-103.49
270.325,True,99.49,-97.59
270.426,True,350.47,-137.93
270.528,True,371.51,-151.37
270.632,True,139.98,-112.17
270.726,True,120.60,-106.01
270.826,True,117.35,-101.10
270.924,True,114.50,-100.96
271.033,True,111.46,-94.85
271.131,True,105.40,-95.60
271.233,True,102.66,-90.73
271.331,True,102.24,-79.26
271.434,True,104.53,-73.70
271.534,True,106.14,-73.15
271.623,True,107.45,-66.18
271.723,True,108.68,-65.59
271.832,True,108.77,-68.44
271.929,True,110.68,-71.09
272.023,True,115.58,-70.03
272.127,True,118.04,-68.95
272.226,True,119.97,-69.91
272.325,True,155.92,-73.23
272.429,True,164.47,-73.73
272.523,True,166.45,-76.76
272.631,True,150.33,-90.76
272.725,True,144.52,-93.15
272.823,True,142.26,-95.25
272.930,True,230.29,-101.23
273.028,True,260.84,-111.76
273.123,True,267.21,-115.51
273.235,True,267.23,-118.40
273.323,True,267.03,-118.03
273.433,True,268.16,-118.45
273.532,True,270.05,-119.00
273.627,True,271.13,-119.35
273.731,True,117.46,-104.33
273.829,True,104.98,-92.23
273.931,True,103.29,-87.18
274.033,True,101.35,-81.99
274.131,True,102.30,-82.07
274.230,True,101.48,-82.81
274.332,True,99.02,-82.01
274.430,True,345.20,-113.59
274.525,True,356.77,-124.95
274.624,True,309.40,-123.04
274.733,True,102.41,-97.41
274.825,True,96.39,-92.29
274.931,True,95.50,-88.12
275.027,True,94.30,-86.00
275.131,True,87.25,-85.74
275.231,True,83.31,-88.49
275.330,True,83.15,-92.46
275.428,True,81.12,-96.61
275.528,True,80.69,-100.09
275.633,True,80.31,-104.03
275.725,True,79.77,-106.52
275.825,True,78.64,-109.13
275.931,True,85.57,-103.68
276.024,True,91.84,-100.38
276.124,True,93.17,-95.75
276.223,True,93.48,-92.19
276.333,True,94.29,-90.66
276.431,True,211.43,-94.83
276.529,True,223.03,-96.23
276.623,True,48.68,-96.17
276.735,True,32.36,-100.05
276.823,True,30.45,-101.82
276.924,True,28.16,-102.29
277.026,True,26.38,-102.96
277.123,True,40.91,-110.72
277.222,True,66.94,-115.29
277.333,True,75.58,-99.25
277.431,True,78.11,-88.45
277.522,True,80.43,-87.32
277.636,False,2452.15,-18910.85
277.724,False,2449.51,-18912.85
277.827,True,69.44,-170.22
277.936,True,82.64,-147.49
278.030,True,81.05,-104.88
278.127,True,83.29,-96.40
278.230,True,80.89,-96.97
278.326,True,79.37,-95.43
278.435,True,81.41,-91.27
278.535,True,84.65,-87.29
278.628,True,84.92,-86.09
278.722,True,84.67,-84.84
278.825,True,85.57,-86.45
278.933,True,84.46,-88.14
279.029,True,83.23,-89.44
279.125,True,80.66,-103.83
279.223,True,72.39,-112.27
279.326,True,71.68,-122.18
279.428,True,76.57,-116.26
279.526,True,80.74,-111.91
279.626,True,82.69,-110.36
279.724,True,82.37,-110.39
279.828,True,82.79,-110.17
279.927,True,81.91,-108.18
280.027,True,81.61,-106.75
280.132,True,77.56,-100.97
280.223,True,75.42,-100.98
280.322,True,75.12,-102.41
280.433,True,76.23,-105.26
280.531,True,77.39,-109.66
280.628,True,79.69,-111.10
280.729,True,79.97,-116.42
280.823,True,79.55,-119.70
280.924,True,77.74,-117.47
281.032,True,79.27,-105.78
281.132,True,80.80,-91.95
281.228,True,80.84,-88.04
281.330,True,85.80,-87.55
281.429,True,97.22,-87.25
281.528,True,98.68,-89.35
281.623,True,97.86,-91.44
281.734,True,91.77,-92.30
281.831,True,88.33,-95.69
281.932,True,87.63,-97.73
282.030,True,87.57,-103.19
282.130,True,-26.44,-156.05
282.226,True,-38.95,-199.63
282.326,True,63.74,-138.14
282.422,True,82.94,-106.18
282.522,True,86.47,-100.63
282.630,True,86.11,-92.42
282.729,True,85.02,-85.46
282.824,True,82.26,-85.76
282.922,True,81.41,-85.38
283.023,True,84.76,-87.63
283.125,True,95.51,-113.73
283.225,True,99.25,-105.24
283.324,True,44.63,-63.43
283.424,True,21.37,-19.27
283.533,True,17.89,-12.95
283.623,True,42.25,-30.24
283.734,True,78.07,-70.76
283.828,True,81.13,-77.46
283.925,True,82.52,-83.07
284.025,True,82.97,-86.08
284.133,True,88.92,-80.84
284.223,True,110.66,-27.60
284.334,True,118.70,-13.89
284.425,True,119.44,-12.82
284.528,True,118.95,-11.53
284.627,True,-72.06,-206.77
284.724,True,-72.66,-234.58
284.833,True,59.04,-113.98
284.931,True,70.29,-95.86
285.031,True,75.97,-84.16
285.128,True,78.11,-79.00
285.228,True,78.58,-77.30
285.323,True,78.04,-74.54
285.432,True,77.74,-74.64
285.528,True,77.56,-75.68
285.627,True,75.15,-77.71
285.732,True,72.87,-82.35
285.830,True,70.62,-86.73
285.925,True,68.86,-91.62
286.022,True,65.70,-92.76
286.132,True,63.59,-97.72
286.234,True,64.87,-102.25
286.329,True,65.59,-104.28
286.424,True,65.27,-105.36
286.531,True,65.74,-106.16
286.627,True,64.96,-105.89
286.722,True,41.36,-105.02
286.831,True,13.21,-111.09
286.925,True,8.18,-116.70
287.035,True,6.45,-119.67
287.126,True,6.41,-120.67
287.227,True,56.23,-120.86
287.327,True,59.71,-125.18
287.433,True,60.16,-133.03
287.529,True,60.81,-138.21
287.627,True,61.46,-133.12
287.728,True,62.24,-117.01
287.828,True,64.70,-109.24
287.932,True,72.94,-96.82
288.024,True,85.25,-84.37
288.131,True,86.64,-80.14
288.230,True,86.41,-80.97
288.333,True,85.90,-81.48
288.429,True,85.35,-82.14
288.527,True,83.92,-86.82
288.622,True,83.29,-86.17
288.723,True,83.05,-87.12
288.826,True,83.68,-86.10
288.926,True,82.98,-84.60
289.028,True,83.22,-87.69
289.131,True,82.69,-90.91
289.225,True,81.86,-94.73
289.325,True,81.56,-96.02
289.424,True,81.67,-96.68
289.532,True,81.95,-97.60
289.628,True,81.75,-97.32
289.732,True,81.83,-98.33
289.832,True,81.50,-100.33
289.928,True,80.70,-100.12
290.029,True,79.58,-99.68
290.132,True,80.00,-98.68
290.232,True,80.02,-98.79
290.334,True,80.52,-99.64
290.432,True,79.54,-100.54
290.532,True,80.82,-103.71
290.629,True,83.89,-101.00
290.728,True,83.36,-82.46
290.826,True,86.46,-78.17
290.922,True,89.16,-78.22
291.033,True,89.69,-80.97
291.132,True,88.86,-84.50
291.231,True,87.54,-90.27
291.326,True,83.43,-92.24
291.422,True,83.75,-94.37
291.522,True,86.78,-95.82
291.626,True,85.47,-99.37
291.732,True,85.03,-123.99
291.833,False,2594.02,-19385.67
291.928,True,84.85,-110.47
292.025,True,83.58,-154.89
292.124,True,93.83,-130.07
292.231,True,92.77,-109.97
292.330,True,91.22,-109.22
292.426,True,89.69,-111.17
292.525,True,89.65,-113.89
292.622,True,89.78,-113.30
292.734,True,174.10,-115.20
292.833,True,280.51,-127.44
292.925,True,282.91,-128.37
293.027,True,192.69,-118.87
293.132,True,93.54,-93.09
293.231,True,87.72,-89.88
293.327,True,85.07,-89.44
293.434,True,101.01,-90.79
293.531,True,336.82,-114.07
293.622,True,344.78,-118.91
293.731,True,347.43,-120.79
293.833,True,348.20,-123.08
293.929,True,349.24,-123.96
294.025,True,349.63,-125.92
294.131,True,348.87,-126.68
294.226,True,134.17,-112.74
294.328,True,98.34,-97.47
294.435,True,95.33,-94.71
294.531,True,94.35,-89.92
294.627,True,93.73,-87.02
294.724,True,93.80,-85.05
294.832,True,91.46,-83.98
294.933,True,88.47,-85.01
295.026,True,86.52,-86.74
295.123,True,84.20,-91.62
295.223,True,81.84,-94.79
295.329,True,79.92,-98.88
295.424,True,79.32,-102.00
295.533,True,78.76,-103.29
295.628,True,77.65,-105.35
295.727,True,76.75,-106.02
295.831,True,76.74,-102.38
295.934,True,77.69,-97.45
296.024,True,79.74,-98.93
296.129,True,82.60,-105.60
296.233,True,82.39,-107.20
296.333,True,75.98,-111.20
296.432,True,75.87,-114.40
296.524,True,75.52,-115.03
296.630,True,77.07,-116.95
296.730,True,78.96,-118.44
296.830,True,78.25,-119.46
296.930,True,78.69,-120.21
297.028,True,78.13,-121.19
297.136,True,77.07,-123.52
297.232,True,77.52,-121.23
297.329,True,80.09,-109.27
297.430,True,82.95,-102.60
297.524,True,83.89,-99.10
297.632,True,83.77,-98.81
297.735,True,340.48,-137.16
297.826,True,356.16,-147.86
297.927,True,359.90,-151.54
298.028,True,83.92,-137.61
298.126,True,77.81,-107.37
298.226,True,73.74,-100.88
298.324,True,71.05,-95.91
298.431,True,84.74,-90.74
298.530,True,86.50,-89.22
298.625,True,86.48,-90.63
298.724,True,86.07,-96.68
298.824,True,86.34,-100.40
298.923,True,85.17,-102.84
299.026,True,81.78,-97.04
299.131,True,81.73,-73.43
299.226,False,2505.88,-19329.93
299.331,False,2499.05,-19268.34
299.431,True,82.03,-149.61
299.525,True,83.75,-114.57
299.624,True,89.52,-85.54
299.723,True,89.15,-82.99
299.825,True,90.10,-81.83
299.930,True,88.98,-82.43
300.028,True,92.55,-93.01
300.125,True,95.90,-101.82
300.229,True,98.00,-105.35
300.323,True,98.27,-105.31
300.430,True,97.55,-104.51
300.529,True,95.90,-104.61
300.631,True,95.13,-104.18
300.722,True,93.17,-104.87
300.825,True,92.35,-105.91
300.926,True,91.94,-104.67
301.031,True,95.47,-98.59
301.122,True,97.28,-93.77
301.232,True,98.52,-87.81
301.324,True,99.80,-85.26
301.423,True,99.18,-84.95
301.522,False,2589.92,-19904.05
301.622,False,2578.98,-19809.39
301.734,True,85.06,-140.27
301.832,True,91.99,-114.11
301.933,True,103.13,-87.42
302.031,True,294.50,-118.27
302.129,True,365.03,-150.71
302.222,True,152.04,-135.10
302.332,True,92.38,-103.31
302.427,True,91.45,-100.65
302.523,True,92.40,-94.02
302.632,True,93.01,-88.02
302.730,True,94.73,-85.11
302.826,True,93.39,-85.95
302.924,True,91.35,-96.06
303.032,True,88.83,-106.49
303.130,True,87.32,-110.44
303.222,True,86.42,-116.05
303.325,True,84.33,-123.65
303.432,True,86.08,-118.36
303.531,True,86.24,-106.59
303.628,True,88.92,-102.38
303.731,True,88.19,-97.37
303.830,True,82.96,-97.17
303.924,True,82.56,-101.42
304.025,True,80.18,-102.81
304.125,True,46.90,-88.33
304.225,True,-18.91,-74.58
304.326,True,-22.32,-55.54
304.424,True,-19.22,-59.00
304.531,True,-35.35,-227.15
304.631,True,-43.20,-262.06
304.734,True,-45.46,-255.56
304.833,True,-42.84,-262.51
304.931,True,-69.56,-266.69
305.034,True,-90.63,-244.90
305.128,True,67.01,-106.25
305.227,True,82.07,-96.91
305.323,True,77.75,-116.09
305.424,True,58.86,-124.68
305.522,True,57.38,-122.95
305.623,True,60.38,-90.09
305.727,True,64.15,-74.76
305.828,True,72.59,-77.86
305.927,True,79.36,-83.22
306.023,True,72.18,-89.59
306.131,True,64.27,-94.44
306.237,True,66.72,-98.38
306.334,True,72.63,-87.81
306.423,True,73.44,-68.46
306.529,True,87.81,-75.56
306.635,True,107.34,-103.30
306.732,True,107.75,-119.71
306.832,True,107.95,-122.55
306.929,True,103.18,-118.66
307.024,True,103.94,-117.59
307.130,True,108.42,-115.82
307.233,True,107.55,-116.08
307.323,True,107.08,-120.27
307.430,True,107.55,-130.44
307.526,True,95.08,-123.71
307.631,True,88.54,-110.98
307.729,True,89.54,-103.87
307.825,True,93.36,-98.25
307.929,True,94.76,-91.52
308.022,True,95.53,-89.23
308.131,True,96.84,-86.97
308.229,True,-66.47,-244.79
308.330,True,-73.45,-250.44
308.430,True,-77.05,-251.86
308.525,True,76.75,-100.70
308.623,True,85.66,-98.95
308.729,False,2316.66,-19740.51
308.825,False,2322.07,-19703.55
308.928,True,81.31,-121.46
309.023,True,85.18,-115.83
309.124,False,2372.72,-19936.40
309.225,True,72.33,-137.23
309.324,True,72.28,-108.02
309.432,True,71.31,-95.92
309.530,True,70.94,-93.75
309.627,True,71.60,-97.61
309.737,True,71.18,-105.61
309.832,True,74.57,-109.06
309.932,True,88.03,-109.44
310.026,True,85.70,-107.84
310.125,True,80.69,-100.05
310.224,True,80.84,-97.34
310.333,True,81.24,-96.73
310.435,True,80.94,-96.12
310.534,True,79.08,-95.87
310.625,True,77.59,-94.89
310.725,True,76.29,-96.47
310.833,True,73.11,-98.93
310.932,True,73.75,-97.60
311.022,True,74.83,-95.86
311.132,True,130.88,-80.21
311.227,True,141.19,-83.18
311.325,True,140.84,-83.12
311.424,True,140.09,-86.55
311.532,True,138.22,-92.07
311.629,True,137.70,-94.18
311.725,True,107.01,-92.54
311.825,True,98.83,-91.90
311.922,True,222.03,-107.75
312.031,True,342.01,-138.79
312.129,True,344.78,-137.71
312.226,True,147.49,-108.91
312.331,True,112.75,-84.75
312.432,True,110.22,-78.63
312.529,True,107.93,-75.79
312.624,True,106.40,-72.26
312.730,True,103.08,-74.02
312.831,True,101.73,-73.13
312.925,True,98.78,-80.49
313.033,True,100.66,-82.12
313.130,True,99.69,-85.37
313.227,True,99.83,-86.37
313.325,True,131.74,-92.30
313.433,True,205.17,-103.09
313.529,True,210.77,-104.28
313.628,True,212.37,-107.05
313.725,True,216.33,-106.89
313.833,True,216.66,-106.37
313.932,True,218.23,-106.20
314.028,True,220.51,-106.48
314.129,True,220.94,-107.63
314.230,True,222.35,-106.23
314.325,True,224.36,-105.67
314.426,True,225.27,-103.47
314.527,True,351.55,-118.77
314.628,True,351.34,-126.73
314.729,True,107.20,-88.71
314.833,True,99.36,-80.95
314.930,True,98.30,-80.57
315.035,True,94.87,-81.47
315.133,True,93.21,-81.77
315.231,True,91.39,-82.68
315.330,True,91.77,-82.17
315.426,True,91.72,-85.16
315.531,True,88.67,-90.32
315.626,True,87.95,-94.62
315.726,True,86.65,-97.50
315.835,True,88.39,-92.61
315.935,True,89.20,-93.03
316.031,True,85.53,-105.50
316.127,True,83.03,-110.94
316.229,True,80.57,-113.03
316.324,True,175.76,-128.50
316.432,True,277.06,-150.18
316.533,True,129.38,-123.39
316.623,True,91.63,-107.86
316.732,True,90.02,-102.69
316.833,True,87.12,-100.58
316.926,True,84.10,-96.82
317.030,True,82.76,-95.06
317.126,True,82.50,-94.12
317.226,True,53.67,-94.65
317.324,True,-46.15,-110.61
317.432,True,46.89,-90.81
317.535,True,65.76,-77.29
317.622,True,69.12,-75.65
317.731,True,69.31,-73.12
317.830,True,69.96,-71.59
317.928,False,2472.82,-21360.85
318.027,False,2450.97,-21255.82
318.124,True,74.33,-168.88
318.233,True,76.83,-129.44
318.330,True,75.59,-125.93
318.426,True,79.33,-121.95
318.536,True,82.10,-117.31
318.629,True,83.39,-116.94
318.726,True,82.53,-120.22
318.835,True,84.95,-118.19
318.930,True,80.23,-125.81
319.024,True,76.17,-162.24
319.124,True,33.19,-219.85
319.232,True,-27.01,-267.19
319.332,True,63.68,-173.18
319.426,True,85.50,-139.45
319.523,True,85.86,-139.95
319.624,True,84.24,-139.74
319.725,True,84.08,-134.01
319.831,True,85.55,-123.06
319.930,True,88.68,-115.72
320.029,True,88.31,-111.43
320.136,True,87.64,-111.70
320.225,True,88.20,-112.69
320.325,True,87.66,-114.91
320.430,True,86.55,-117.86
320.527,True,86.27,-119.74
320.624,True,65.20,-117.88
320.725,True,58.08,-114.66
320.823,True,57.94,-114.20
320.928,True,57.41,-113.61
321.028,True,67.43,-99.01
321.125,True,72.23,-88.45
321.226,True,75.63,-82.28
321.328,True,76.42,-81.62
321.423,True,77.36,-83.32
321.524,True,76.85,-87.09
321.622,True,75.35,-91.13
321.724,True,73.43,-97.78
321.833,True,71.51,-102.05
321.925,True,80.23,-105.39
322.031,True,90.61,-108.55
322.129,True,91.47,-108.32
322.230,True,92.60,-108.01
322.324,False,2508.20,-21333.94
322.430,True,90.41,-80.50
322.527,True,81.12,-136.09
322.624,True,86.54,-107.81
322.725,True,86.25,-98.00
322.824,True,86.94,-98.75
322.924,True,85.54,-98.64
323.035,True,85.48,-102.16
323.127,True,86.31,-100.21
323.226,True,84.52,-99.68
323.333,True,123.24,-117.98
323.437,True,129.41,-119.58
323.533,True,129.22,-121.36
323.632,True,109.40,-118.41
323.733,True,93.09,-118.74
323.825,True,89.67,-118.96
323.926,True,85.64,-121.63
324.035,True,83.32,-126.66
324.130,True,83.42,-130.29
324.229,True,84.50,-95.69
324.335,True,86.46,-75.98
324.423,True,89.33,-76.54
324.534,True,90.12,-91.28
324.623,True,82.26,-95.44
324.732,True,87.54,-88.32
324.834,True,28.67,-143.08
324.929,True,-38.78,-240.40
325.023,True,64.43,-162.20
325.123,True,90.68,-127.49
325.233,True,97.00,-114.95
325.333,True,96.87,-105.08
325.431,True,89.45,-96.45
325.529,True,85.05,-96.11
325.626,True,81.58,-96.53
325.728,True,80.49,-98.60
325.823,True,80.73,-104.28
325.933,True,80.88,-106.17
326.029,True,90.60,-105.63
326.133,True,95.49,-105.31
326.223,True,99.59,-103.33
326.328,True,98.90,-102.34
326.428,True,90.98,-107.01
326.533,True,2545.07,-21880.41
326.629,True,96.42,-148.90
326.725,True,113.54,-156.11
326.829,True,113.62,-142.59
326.929,True,107.94,-131.58
327.023,True,110.02,-123.69
327.124,True,111.15,-121.54
327.228,True,112.06,-120.87
327.332,True,108.59,-122.49
327.424,True,107.48,-123.93
327.533,True,107.04,-123.09
327.630,True,108.47,-122.28
327.730,True,110.01,-113.02
327.827,True,112.08,-102.89
327.928,True,114.73,-96.39
328.024,True,83.91,-101.80
328.132,True,-14.16,-156.91
328.224,True,62.35,-130.99
328.335,True,90.01,-97.78
328.429,True,94.81,-90.52
328.522,True,94.65,-88.89
328.627,True,95.89,-88.15
328.723,True,92.74,-106.59
328.832,False,2547.25,-22073.97
328.929,True,112.12,-96.31
329.028,True,85.57,-93.58
329.124,True,73.35,-90.57
329.229,True,72.74,-85.78
329.325,True,77.40,-83.11
329.427,True,87.76,-82.31
329.524,True,87.86,-81.92
329.623,True,88.32,-79.50
329.734,True,90.07,-75.13
329.834,True,88.76,-75.65
329.932,True,104.61,-72.69
330.033,True,105.14,-64.51
330.130,True,105.47,-61.15
330.225,True,105.36,-60.36
330.333,True,88.06,-70.84
330.437,True,75.11,-84.85
330.531,True,71.48,-98.31
330.626,True,68.71,-114.48
330.723,True,68.61,-121.15
330.832,True,66.27,-126.55
330.929,True,72.96,-111.49
331.030,True,79.15,-94.49
331.126,True,327.34,-92.68
331.230,True,346.78,-92.54
331.330,True,101.04,-69.26
331.433,True,84.14,-65.91
331.527,True,83.00,-66.04
331.626,True,81.26,-67.48
331.735,True,76.75,-70.55
331.830,True,75.79,-71.05
331.928,True,75.12,-74.74
332.028,True,75.48,-78.73
332.131,True,76.27,-83.80
332.234,True,76.28,-88.47
332.330,True,77.24,-90.41
332.423,True,79.13,-91.21
332.529,True,81.02,-93.17
332.625,True,84.16,-92.94
332.727,True,86.18,-92.92
332.822,True,86.60,-92.67
332.932,True,86.06,-93.56
333.029,True,86.24,-94.06
333.125,True,85.26,-94.49
333.233,True,80.71,-93.34
333.332,True,77.88,-90.32
333.428,True,85.95,-102.71
333.523,True,89.03,-112.69
333.630,True,89.24,-113.86
333.727,True,90.38,-117.56
333.823,True,90.10,-120.94
333.929,True,89.78,-123.26
334.024,True,88.21,-125.99
334.130,True,87.24,-124.63
334.229,True,84.78,-126.53
334.330,True,83.80,-127.73
334.426,True,84.14,-124.18
334.522,True,84.48,-114.79
334.628,True,87.61,-103.38
334.728,True,324.67,-125.47
334.829,True,339.26,-147.34
334.925,True,174.04,-144.13
335.023,True,80.36,-102.12
335.129,True,79.86,-91.20
335.223,True,80.71,-87.11
335.326,True,80.87,-85.22
335.432,True,81.36,-83.67
335.534,True,80.60,-84.28
335.624,True,109.52,-88.45
335.725,True,126.03,-92.03
335.833,True,104.83,-95.74
335.928,True,94.97,-98.02
336.027,True,94.21,-99.45
336.133,True,92.41,-105.24
336.232,True,89.92,-105.38
336.331,True,86.53,-109.15
336.431,True,86.01,-112.46
336.532,True,83.87,-113.73
336.629,True,84.59,-114.17
336.723,True,87.00,-112.48
336.824,True,90.50,-110.53
336.924,True,92.62,-106.03
337.031,True,94.10,-103.61
337.136,True,94.00,-104.28
337.231,True,95.29,-104.96
337.335,True,94.78,-107.54
337.423,True,93.16,-110.14
337.530,True,91.81,-110.12
337.626,True,93.51,-104.20
337.731,True,94.80,-96.93
337.828,True,95.45,-94.38
337.929,False,2139.85,-19407.71
338.030,False,2172.70,-19517.39
338.126,True,72.69,-132.91
338.226,True,72.52,-246.74
338.334,True,116.26,-124.06
338.426,True,115.35,-124.06
338.524,True,112.56,-124.77
338.629,True,186.67,-137.43
338.725,True,317.40,-184.39
338.825,True,321.31,-189.14
338.929,True,140.28,-125.16
339.030,True,136.53,-117.13
339.128,True,135.33,-109.47
339.229,True,135.65,-102.39
339.329,True,135.10,-100.08
339.425,True,126.30,-90.04
339.523,True,135.41,-85.75
339.624,True,137.75,-88.47
339.729,True,97.75,-93.99
339.832,True,87.45,-98.05
339.934,True,86.45,-99.14
340.025,True,84.98,-100.66
340.123,True,82.70,-101.44
340.222,True,83.12,-102.17
340.327,True,94.19,-106.81
340.424,True,99.59,-106.70
340.530,True,100.97,-108.92
340.624,True,101.38,-111.27
340.725,True,99.86,-116.19
340.826,True,99.53,-117.41
340.927,True,99.54,-118.89
341.022,True,100.18,-122.38
341.133,True,101.39,-123.67
341.229,True,102.50,-121.72
341.329,True,105.43,-114.15
341.428,True,109.86,-105.96
341.532,True,113.62,-109.20
341.629,True,346.14,-162.09
341.728,True,363.67,-160.62
341.825,True,84.63,-120.95
341.936,True,80.19,-123.32
342.031,True,84.21,-123.55
342.128,True,87.88,-113.37
342.230,True,86.53,-111.06
342.328,True,83.29,-110.71
342.429,True,83.82,-111.42
342.526,True,83.84,-114.99
342.623,True,84.96,-118.76
342.730,True,84.50,-122.67
342.833,True,85.52,-125.39
342.934,True,85.00,-127.43
343.029,True,82.39,-129.45
343.126,True,80.49,-130.97
343.222,True,78.75,-136.57
343.325,True,78.61,-140.59
343.429,True,84.63,-148.13
343.525,True,84.41,-144.77
343.628,True,85.91,-138.40
343.723,True,87.52,-133.97
343.823,True,86.69,-129.82
343.929,True,85.86,-126.83
344.030,True,86.21,-126.21
344.133,True,84.50,-124.65
344.233,True,86.05,-120.18
344.329,True,89.82,-110.54
344.427,True,91.42,-104.89
344.530,True,91.66,-102.56
344.626,True,90.98,-102.62
344.723,True,317.38,-138.67
344.832,True,331.91,-149.98
344.922,False,2331.41,-20296.18
345.029,False,2316.29,-20121.15
345.134,False,2317.26,-20026.48
345.233,False,2302.38,-19917.05
345.328,True,107.96,-261.20
345.428,True,134.89,-117.73
345.531,True,136.03,-92.90
345.627,True,134.72,-87.06
345.728,True,134.24,-81.19
345.827,True,135.18,-77.50
345.923,True,137.36,-78.72
346.023,True,113.09,-78.95
346.132,True,112.39,-83.81
346.233,True,113.79,-87.72
346.330,True,116.09,-88.45
346.431,True,116.78,-87.83
346.527,True,116.37,-90.02
346.633,True,112.89,-104.89
346.734,True,111.83,-109.90
346.829,True,112.95,-117.78
346.927,True,113.36,-124.09
347.029,True,112.85,-129.19
347.122,True,113.35,-133.33
347.229,True,113.11,-138.16
347.332,True,114.21,-140.49
347.423,True,114.07,-141.64
347.529,True,114.13,-143.36
347.628,True,113.94,-146.52
347.728,True,108.02,-138.86
347.829,True,98.63,-133.22
347.932,True,98.57,-132.43
348.030,True,96.82,-138.56
348.125,True,98.17,-135.65
348.226,True,100.08,-120.77
348.330,True,101.85,-112.69
348.430,True,103.19,-108.37
348.524,True,104.53,-105.28
348.625,True,103.31,-106.27
348.732,True,103.40,-106.22
348.828,True,103.18,-109.43
348.925,True,102.26,-113.23
349.025,True,99.49,-115.57
349.135,True,97.93,-118.52
349.226,True,97.53,-129.15
349.322,True,97.27,-133.57
349.431,True,96.15,-138.68
349.529,False,2492.52,-21141.94
349.629,False,2512.24,-21179.27
349.724,True,100.77,-66.73
349.824,True,72.01,-140.21
349.930,True,82.28,-101.08
350.030,True,90.40,-93.89
350.124,True,86.93,-117.75
350.222,True,84.53,-128.60
350.332,True,86.89,-129.79
350.423,True,88.33,-129.30
350.527,True,90.51,-126.52
350.627,True,89.84,-121.11
