=== 数据记录开始于 2025-12-31 13:37:33 ===
(3.97, 21.02)
(13.94, 31.15)
(21.79, -32.26)
(64.93, -106.24)
(-17.21, 5.91)
(-38.99, 30.11)
(-21.62, 101.71)
(-10.53, 106.44)
(-6.68, 106.76)
(-3.68, 104.63)
(4.20, 97.66)
(3.38, 100.70)
(-2.31, 103.83)
(-4.77, 104.74)
(-5.46, 108.01)
(-19.23, 113.33)
(-28.68, 117.68)
(-28.27, 119.45)
(-27.53, 120.10)
(-27.57, 119.26)
(-26.89, 118.69)
(-25.29, 117.43)
(-23.00, 115.43)
(-19.75, 112.30)
(-16.25, 112.87)
(-13.14, 115.28)
(-12.62, 116.14)
(-11.78, 118.01)
(-12.91, 121.10)
(-13.94, 124.72)
(-12.60, 127.21)
(-25.19, 128.97)
(-25.80, 128.71)
(-22.09, 125.82)
(-18.41, 122.13)
(-17.96, 118.09)
(-17.93, 113.37)
(-12.76, 125.69)
(-10.87, 109.79)
(-10.43, 102.32)
(-10.10, 102.95)
(-7.81, 104.46)
(-14.76, 111.81)
(-22.33, 121.50)
(-23.77, 123.32)
(-21.22, 123.30)
(-14.30, 119.20)
(-11.87, 119.14)
(-17.20, 120.34)
(-15.89, 116.23)
(-12.04, 110.63)
(-10.20, 119.96)
(-15.72, 109.86)
(-16.93, 104.78)
(-15.31, 102.50)
(-12.80, 100.48)
(-7.56, 99.66)
(-5.69, 99.16)
(-3.27, 98.21)
(-2.00, 95.83)
(2.30, 92.98)
(-9.09, 96.81)
(-29.27, 99.11)
(-43.45, 94.66)
(-44.64, 90.40)
(-34.76, 99.59)
(-19.37, 106.73)
(-14.40, 112.18)
(-14.31, 115.45)
(-14.27, 118.12)
(-8.94, 118.60)
(-3.27, 116.58)
(-2.76, 114.47)
(-16.45, 113.32)
(-22.72, 112.59)
(-15.11, 112.95)
(-7.32, 112.21)
(-4.22, 110.75)
(-4.11, 110.90)
(-3.68, 111.00)
(-3.10, 110.12)
(-2.65, 109.43)
(-1.08, 109.92)
(-0.29, 109.25)
(1.38, 107.76)
(26.92, 91.24)
(35.89, 88.01)
(40.05, 86.65)
(11.47, 103.02)
(1.23, 108.62)
(-0.74, 110.53)
(-0.86, 111.48)
(0.60, 111.28)
(1.53, 111.53)
(-0.49, 112.19)
(-0.63, 111.14)
(-0.26, 109.36)
(-0.08, 104.88)
(0.44, 101.51)
(3.23, 100.10)
(5.01, 97.40)
(8.51, 97.72)
(11.35, 98.92)
(13.94, 97.28)
(26.50, 95.12)
(32.17, 95.24)
(34.22, 95.23)
(33.97, 97.21)
(36.03, 100.66)
(17.74, 102.34)
(9.12, 102.98)
(7.82, 102.77)
(6.67, 104.99)
(8.11, 102.92)
(6.18, 103.53)
(5.90, 99.30)
(8.90, 83.79)
(13.67, 76.51)
(12.93, 81.05)
(11.84, 81.40)
(11.91, 82.24)
(10.97, 82.19)
(11.03, 81.91)
(10.83, 82.28)
(9.88, 83.35)
(11.01, 84.81)
(14.88, 77.52)
(13.17, 66.52)
(12.14, 63.30)
(16.00, 73.96)
(-4.22, 79.10)
(-10.26, 80.39)
(-14.23, 80.08)
(-13.93, 82.99)
(-3.09, 96.56)
(1.64, 103.31)
(4.67, 103.83)
(0.13, 100.77)
(-11.10, 94.96)
(-18.53, 91.19)
(-19.41, 90.61)
(-18.85, 89.76)
(-17.36, 89.09)
(-15.26, 89.17)
(-15.13, 91.66)
(-13.96, 93.75)
(-13.33, 94.21)
(-14.57, 94.16)
(-13.19, 89.82)
(-11.68, 88.19)
(-10.75, 87.48)
(-10.12, 90.71)
(-9.33, 92.06)
(-2.61, 91.62)
(-0.62, 88.48)
(-2.64, 86.64)
(-4.46, 87.28)
(-6.10, 87.38)
(-9.36, 86.78)
(-9.21, 84.04)
(-8.24, 82.27)
(-4.68, 79.49)
(-2.52, 77.30)
(-2.73, 75.92)
(-1.58, 77.19)
(-0.73, 83.41)
(1.27, 86.13)
(5.52, 85.72)
(6.41, 86.44)
(6.09, 87.87)
(5.01, 87.81)
(4.06, 88.59)
(2.06, 91.49)
(3.43, 94.77)
(3.64, 98.06)
(4.15, 99.72)
(-0.32, 102.90)
(-5.47, 104.68)
(-4.95, 106.63)
(-3.79, 105.17)
(-2.93, 104.32)
(-3.45, 103.75)
(-0.66, 102.44)
(2.88, 102.33)
(2.00, 102.05)
(2.06, 103.00)
(2.57, 104.72)
(1.94, 105.71)
(2.40, 104.44)
(-0.09, 103.96)
(-5.07, 103.16)
(-2.59, 101.61)
(1.45, 104.04)
(-9.18, 115.13)
(-15.28, 121.29)
(-17.63, 123.56)
(-16.69, 124.06)
(13.59, 124.81)
(17.77, 124.93)
(13.31, 122.30)
(7.36, 118.20)
(5.64, 114.97)
(3.78, 115.49)
(-3.04, 110.31)
(-17.21, 107.95)
(-12.52, 108.25)
(-2.60, 109.71)
(2.90, 110.00)
(2.63, 109.08)
(1.08, 109.18)
(-1.18, 108.45)
(-0.27, 108.45)
(0.30, 108.67)
(3.20, 110.28)
(6.74, 111.23)
(9.30, 108.68)
(6.60, 105.47)
(4.03, 104.01)
(0.86, 102.12)
(-8.01, 101.06)
(-16.22, 96.08)
(-17.58, 91.68)
(-23.93, 85.91)
(-24.43, 79.94)
(-23.39, 76.84)
(-21.92, 72.56)
(-22.26, 71.54)
(-22.20, 76.20)
(63.92, 83.15)
(73.22, 85.51)
(-16.60, 90.78)
(-24.39, 90.15)
(-26.80, 89.55)
(-24.01, 96.58)
(-34.01, 94.92)
(-39.25, 92.25)
(-7.62, 97.37)
(5.53, 99.49)
(6.90, 95.56)
(-7.73, 85.03)
(-13.86, 82.11)
(-12.39, 70.36)
(-10.85, 69.18)
(-10.33, 77.85)
(-11.03, 90.02)
(-8.00, 91.37)
(-9.69, 90.55)
(-19.78, 81.89)
(-18.39, 76.02)
(-16.99, 75.40)
(-14.21, 76.34)
(-12.50, 77.95)
(-11.49, 80.65)
(-5.01, 77.08)
(-566.88, 7287.23)
(-33.39, -13.19)
(0.08, 66.25)
(-7.43, 60.35)
(-11.18, 54.37)
(-13.48, 41.62)
(-12.42, 44.99)
(-10.33, 58.76)
(-12.74, 64.36)
(-44.33, -12.99)
(-35.35, 59.82)
(-13.66, 130.35)
(-10.41, 132.85)
(-17.60, 92.22)
(-35.17, 72.93)
(-36.42, 68.32)
(-11.65, 82.07)
(-10.94, 88.17)
(-10.01, 86.65)
(-31.04, 4.37)
(-38.76, 4.83)
(0.99, 63.62)
(8.65, 71.43)
(6.06, 85.13)
(3.58, 95.02)
(2.75, 96.79)
(3.54, 96.91)
(3.85, 95.53)
(4.64, 93.35)
(4.63, 91.43)
(-7.29, 87.65)
(-14.06, 85.09)
(-13.42, 84.92)
(-10.24, 80.73)
(-6.18, 78.40)
(-3.82, 78.19)
(-6.76, 75.47)
(-6.86, 70.14)
(-6.91, 68.52)
(-8.63, 67.03)
(-10.74, 64.48)
(-6.13, 63.27)
(-5.08, 63.23)
(-93.60, -142.30)
(-61.37, -13.67)
(-4.04, 86.28)
(-3.77, 80.70)
(-7.32, 83.66)
(-8.11, 84.49)
(-9.93, 97.19)
(-8.18, 103.99)
(-5.40, 105.28)
(-9.02, 103.54)
(-7.87, 102.29)
(-5.25, 103.02)
(-6.43, 103.24)
(-7.48, 105.77)
(-7.53, 108.47)
(-6.27, 109.86)
(-5.07, 108.90)
(-3.83, 107.66)
(-5.32, 100.42)
(-10.36, 92.18)
(-12.25, 92.33)
(-12.36, 92.35)
(-13.26, 79.30)
(-14.40, 75.72)
(-12.92, 72.72)
(-11.15, 71.45)
(130.69, 60.20)
(131.84, 44.94)
(2.76, 111.15)
(-6.44, 120.28)
(-6.59, 120.28)
(2.93, 106.32)
(4.95, 76.82)
(2.61, 75.27)
(-8.09, 98.40)
(-11.60, 97.86)
(-15.83, 100.39)
(-14.89, 101.90)
(-10.29, 85.95)
(-8.40, 88.76)
(-5.53, 102.13)
(0.45, 96.46)
(17.04, 85.17)
(19.43, 75.53)
(20.99, 63.00)
(17.14, 72.75)
(-7.23, 86.21)
(-13.47, 90.38)
(-15.59, 100.14)
(-15.27, 102.54)
(-9.78, 99.00)
(-5.25, 98.18)
(-6.32, 102.39)
(-4.11, 104.22)
(-11.81, 100.68)
(-19.52, 77.89)
(-16.17, 66.59)
(12.19, 49.20)
(15.54, 44.18)
(14.30, 40.75)
(15.62, 37.07)
(13.79, 38.90)
(19.38, 44.30)
(20.65, 57.50)
(25.39, 63.77)
(27.40, 69.81)
(24.97, 79.34)
(22.90, 87.49)
(30.84, 86.75)
(32.42, 86.26)
(31.24, 90.56)
(33.44, 92.07)
(35.76, 91.96)
(36.20, 91.90)
(34.32, 91.81)
(34.37, 91.47)
(37.60, 89.12)
(37.44, 93.55)
(38.13, 95.76)
(39.43, 97.16)
(11.79, 94.15)
(3.83, 92.44)
(3.24, 93.87)
(3.17, 94.97)
(4.66, 95.94)
(4.71, 95.26)
(6.50, 94.90)
(3.11, 95.04)
(-2.60, 93.86)
(-0.51, 91.48)
(6.91, 88.90)
(4.57, 92.08)
(8.95, 103.14)
(10.51, 103.34)
(9.07, 101.08)
(10.64, 102.40)
(10.96, 99.49)
(10.05, 100.24)
(9.91, 103.56)
(9.20, 105.78)
(8.08, 105.60)
(-2.20, 104.56)
(-6.06, 107.52)
(-5.44, 107.64)
(-5.35, 107.57)
(-7.46, 104.20)
(-7.03, 101.66)
(-9.03, 98.19)
(-11.06, 96.79)
(-12.06, 95.22)
(-13.43, 93.46)
(-14.66, 96.46)
(-13.01, 98.34)
(-13.67, 99.37)
(-8.96, 99.79)
(2.31, 100.45)
(4.18, 102.31)
(-13.34, 100.93)
(-17.97, 99.41)
(-30.21, 88.35)
(-33.34, 83.53)
(-34.23, 78.37)
(-32.14, 70.76)
(-31.75, 69.61)
(-32.97, 71.08)
(-29.93, 72.97)
(-28.91, 79.20)
(-26.80, 80.99)
(-17.89, 81.47)
(-11.49, 81.51)
(-4.72, 82.15)
(-4.67, 84.88)
(-5.33, 88.17)
(-9.43, 87.34)
(-16.84, 89.42)
(-21.31, 88.57)
(8.33, 84.79)
(17.27, 86.08)
(2.67, 78.20)
(-10.17, 80.69)
(-20.73, 80.38)
(-22.69, 66.03)
(-19.19, 71.73)
(-21.93, 81.50)
(-26.81, 73.87)
(-25.34, 81.33)
(-25.66, 73.21)
(-24.91, 58.49)
(-19.51, 72.32)
(-20.00, 73.62)
(-19.10, 66.58)
(-22.99, 70.33)
(-18.74, 67.23)
(-9.24, 74.47)
(-14.97, 94.32)
(-29.70, 97.00)
(-20.82, 103.72)
(-2.50, 113.35)
(0.93, 96.52)
(-11.03, 94.53)
(-24.66, 104.41)
(-30.50, 99.30)
(-26.77, 94.48)
(-32.75, 85.17)
(-30.75, 68.87)
(-26.95, 68.51)
(-29.37, 62.72)
(-27.70, 55.12)
(-25.91, 51.53)
(-25.86, 54.09)
(-23.35, 48.49)
(-13.56, 70.68)
(-9.90, 90.63)
(-10.68, 91.15)
(-11.17, 91.79)
(-10.41, 91.25)
(-6.89, 88.92)
(-7.64, 89.57)
(-7.95, 73.01)
(-44.56, 36.02)
(-10.79, 117.88)
(-18.08, 115.38)
(-20.41, 107.09)
(-22.87, 107.37)
(-26.41, 107.23)
(-25.69, 105.39)
(-25.55, 102.89)
(-25.99, 103.10)
(-24.92, 104.37)
(-21.01, 107.64)
(-18.50, 107.51)
(-19.27, 98.94)
(-20.21, 95.96)
(-23.25, 95.88)
(-24.47, 94.02)
(-26.22, 93.15)
(-32.56, 87.95)
(-34.78, 80.91)
(-8.03, 81.68)
(22.26, 85.37)
(24.94, 84.35)
(-46.24, 38.51)
(-53.87, 14.84)
(-49.30, 33.29)
(-33.47, 61.80)
(-30.01, 66.86)
(-29.83, 70.45)
(-30.80, 71.60)
(-29.52, 71.71)
(-28.87, 68.89)
(-31.27, 61.25)
(-38.24, 56.18)
(-40.32, 57.07)
(-37.37, 56.36)
(-38.76, 55.70)
(-36.17, 54.98)
(-41.14, 45.47)
(-45.44, 46.20)
(-60.07, 26.26)
(-48.65, 44.77)
(-27.56, 70.40)
(-26.58, 78.28)
(-29.21, 78.84)
(-28.22, 78.13)
(-27.07, 76.35)
(-28.44, 76.07)
(-26.56, 74.68)
(-25.41, 78.29)
(-26.97, 85.62)
(-25.64, 89.34)
(-22.25, 91.40)
(-22.51, 92.79)
(-20.38, 93.03)
(-15.62, 93.30)
(-14.57, 94.11)
(-14.80, 94.67)
(-14.20, 94.91)
(-13.98, 95.87)
(-14.07, 99.59)
(-12.37, 101.37)
(-10.55, 101.55)
(-9.50, 100.52)
(-10.31, 100.15)
(-10.04, 99.28)
(-12.68, 99.64)
(-15.76, 99.75)
(-15.89, 97.17)
(-13.59, 96.61)
(-15.17, 93.87)
(-18.65, 89.23)
(-16.34, 89.50)
(-11.95, 91.59)
(-9.76, 94.40)
(-5.89, 99.36)
(-4.86, 101.34)
(-4.34, 102.92)
(-37.03, 52.07)
(-37.97, 39.05)
(-36.29, 36.74)
(23.23, 79.98)
(29.36, 88.31)
(17.11, 96.07)
(10.62, 99.65)
(8.47, 101.52)
(-4.61, 97.17)
(-17.93, 92.11)
(-21.41, 94.58)
(-30.32, 102.53)
(-35.63, 104.27)
(-39.14, 103.83)
(4.16, 103.39)
(13.22, 102.03)
(15.47, 103.91)
(-1.58, 102.19)
(-13.35, 99.37)
(-13.03, 98.09)
(-12.20, 98.64)
(-12.35, 101.00)
(-11.90, 107.88)
(-8.52, 108.70)
(2.46, 110.06)
(-32.19, 115.26)
(-97.66, 115.09)
(-96.72, 112.56)
(-53.80, 105.63)
(-20.41, 116.54)
(-18.27, 133.70)
(-17.01, 129.53)
(-11.66, 133.99)
(-12.82, 131.25)
(-10.88, 110.83)
(-5.06, 119.72)
(-4.56, 125.18)
(-5.74, 122.90)
(-6.13, 123.34)
(-40.97, 120.85)
(-39.79, 119.67)
(-10.73, 122.07)
(-8.72, 124.06)
(-6.82, 121.69)
(-2.73, 118.35)
(-1.63, 114.45)
(-1.10, 115.03)
(1.78, 112.01)
(3.95, 110.86)
(0.72, 111.48)
(-3.72, 113.31)
(0.89, 110.07)
(-15.41, 74.47)
(-33.44, 53.49)
(-33.66, 49.43)
(-32.36, 46.98)
(-30.15, 44.90)
(-30.07, 46.69)
(-27.26, 52.52)
(-20.90, 63.87)
(4.95, 78.28)
(10.35, 80.10)
(6.44, 96.38)
(4.11, 100.32)
(5.48, 102.15)
(3.83, 102.73)
(2.55, 105.69)
(4.61, 107.40)
(6.39, 105.26)
(8.39, 103.31)
(-62.60, 99.71)
(-69.75, 99.55)
(-68.90, 100.53)
(-35.46, 108.09)
(-14.77, 113.77)
(-8.48, 117.15)
(-52.97, 113.61)
(-70.55, 108.45)
(-70.13, 105.11)
(-8.62, 108.45)
(-3.33, 108.78)
(-2.34, 108.02)
(2.15, 107.66)
(2.64, 107.39)
(8.33, 105.41)
(3.57, 102.78)
(0.70, 103.99)
(1.22, 106.75)
(0.27, 108.24)
(1.68, 108.71)
(4.98, 106.89)
(5.87, 107.28)
(5.94, 107.31)
(6.63, 106.23)
(1.66, 104.84)
(-24.82, 102.22)
(-29.94, 101.15)
(-29.10, 99.81)
(-19.73, 98.36)
(-2.20, 101.11)
(5.03, 104.61)
(6.50, 102.68)
(1.15, 95.48)
(-0.28, 93.04)
(-0.65, 92.56)
(-2.97, 92.16)
(-2.63, 92.19)
(-9.28, 92.29)
(-14.88, 92.84)
(-15.91, 96.27)
(-14.99, 98.36)
(-14.79, 87.03)
(-13.09, 64.90)
(-8.20, 83.44)
(-14.49, 84.37)
(-28.54, 72.83)
(-21.50, 74.04)
(-16.98, 80.85)
(-15.18, 80.49)
(-14.64, 80.45)
(-8.39, 83.45)
(1.24, 85.13)
(2.43, 81.92)
(-38.94, 86.86)
(-46.43, 86.79)
(-49.78, 87.18)
(-50.86, 86.91)
(-50.25, 83.92)
(-49.07, 83.13)
(-47.59, 73.35)
(-44.76, 63.97)
(-56.11, 21.35)
(-17.13, 47.33)
(6.38, 73.43)
(12.77, 79.12)
(4.41, 91.48)
(-9.51, 87.26)
(-11.58, 94.61)
(-14.50, 94.53)
(-10.19, 85.32)
(-6.13, 88.11)
(-9.24, 90.03)
(-11.65, 94.96)
(-11.18, 95.18)
(-9.44, 74.31)
(-5.89, 73.69)
(-7.60, 81.91)
(-6.51, 79.65)
(-6.39, 97.50)
(-8.27, 99.16)
(-5.69, 87.52)
(7.56, 94.99)
(0.45, 93.60)
(-22.59, 87.93)
(-26.75, 92.19)
(-26.24, 87.34)
(-35.51, 79.45)
(-38.00, 87.57)
(-21.26, 83.13)
(-14.53, 80.41)
(-16.85, 82.58)
(-1.94, 86.34)
(9.23, 86.46)
(9.50, 91.55)
(1.86, 100.54)
(1.49, 102.99)
(-5.87, 97.59)
(-26.81, 81.75)
(-33.73, 72.63)
(-2.24, 72.87)
(9.92, 68.69)
(2.65, 72.86)
(-8.21, 76.56)
(-11.70, 78.49)
(-24.08, 71.20)
(-34.04, 64.39)
(-30.67, 58.47)
(-27.29, 27.17)
(-26.52, 21.29)
(-24.74, 16.51)
(-20.94, 13.78)
(-19.95, 13.36)
(-38.62, 33.30)
(-50.07, 39.41)
(-55.07, 42.10)
(-23.09, 64.98)
(-2.20, 73.49)
(2.02, 75.30)
(1.85, 78.04)
(1.90, 82.86)
(3.21, 85.69)
(2.27, 88.37)
(1.95, 89.72)
(2.58, 90.31)
(-0.42, 85.77)
(-24.57, 73.23)
(-29.16, 71.32)
(-17.49, 70.43)
(-8.53, 71.40)
(-8.25, 73.20)
(-16.35, 75.33)
(-17.76, 75.22)
(-20.90, 75.83)
(-24.31, 75.60)
(-25.12, 74.84)
(-25.71, 73.22)
(-25.81, 72.64)
(-24.62, 74.14)
(-24.95, 73.38)
(-24.92, 72.37)
(-50.07, 77.01)
(-69.05, 85.18)
(-49.96, 88.39)
(-30.12, 89.56)
(-23.12, 88.59)
(-7.78, 83.45)
(-1.44, 82.61)
(-7.85, 80.07)
(-11.67, 76.88)
(-13.45, 76.69)
(-14.76, 76.53)
(-14.77, 77.25)
(-26.53, 80.16)
(-47.25, 84.90)
(-43.48, 85.91)
(-33.20, 84.62)
(-26.05, 83.48)
(-16.29, 83.28)
(-13.61, 82.54)
(-12.32, 81.59)
(-11.26, 81.92)
(-12.31, 82.48)
(-31.60, 82.20)
(-36.45, 83.66)
(-38.04, 84.21)
(-30.17, 82.86)
(-25.25, 81.60)
(-24.85, 80.62)
(-23.53, 79.84)
(-29.28, 75.97)
(-43.06, 71.26)
(-46.17, 68.03)
(-47.50, 64.44)
(-48.10, 60.09)
(-48.20, 58.97)
(-42.05, 63.49)
(-30.93, 73.36)
(-29.10, 80.13)
(-29.94, 83.33)
(-20.96, 82.75)
(-6.68, 80.24)
(-2.61, 80.03)
(-36.28, 89.58)
(-43.14, 91.58)
(-36.61, 89.04)
(-30.22, 86.38)
(-27.58, 86.53)
(-36.82, 89.64)
(-41.40, 89.09)
(-39.48, 89.57)
(-13.47, 92.62)
(-11.63, 87.83)
(5.79, 91.40)
(7.15, 93.08)
(6.56, 87.74)
(5.17, 85.79)
(4.65, 76.93)
(4.55, 76.36)
(1.84, 78.60)
(5.18, 79.64)
(5.28, 85.64)
(6.95, 88.61)
(6.70, 82.08)
(8.50, 91.11)
(-22.26, 65.85)
(-32.87, 53.43)
(-5.09, 85.94)
(3.30, 86.30)
(10.88, 86.63)
(-35.41, 51.81)
(-45.11, 40.39)
(-6.83, 82.38)
(-3.58, 94.29)
(-0.44, 86.74)
(-4.96, 91.40)
(-14.56, 94.80)
(-11.32, 87.07)
(-8.10, 91.95)
(-8.55, 101.36)
(-6.59, 100.32)
(-5.96, 99.55)
(-3.73, 98.05)
(-4.36, 92.55)
(-5.57, 92.13)
(-2.00, 98.26)
(0.36, 102.24)
(4.18, 98.34)
(3.18, 97.17)
(3.07, 90.16)
(-7.88, 79.14)
(-13.36, 80.51)
(-11.32, 82.49)
(-364.76, 7130.65)
(4.05, 34.41)
(11.13, 68.57)
(-1.82, 60.43)
(-5.21, 71.37)
(-7.11, 69.99)
(-9.94, 72.41)
(-8.52, 89.83)
(-1.47, 87.08)
(2.50, 85.76)
(6.70, 93.19)
(2.77, 93.60)
(1.93, 93.99)
(-6.28, 88.02)
(-17.81, 61.05)
(-24.48, 64.47)
(-24.31, 88.51)
(-16.36, 89.48)
(-10.78, 84.28)
(-16.21, 86.33)
(-54.68, 51.60)
(-26.46, 83.28)
(-14.62, 96.03)
(-2.82, 95.27)
(-3.22, 98.13)
(-4.83, 97.85)
(-3.76, 95.45)
(-7.57, 90.89)
(-8.87, 90.03)
(-5.68, 89.00)
(-3.45, 90.51)
(-2.52, 93.06)
(-1.39, 92.14)
(-1.90, 89.97)
(1.46, 89.89)
(2.75, 96.08)
(-0.64, 104.49)
(-2.97, 115.36)
(-3.57, 114.47)
(-4.28, 112.62)
(-3.56, 112.24)
(-1.82, 111.53)
(-5.66, 105.85)
(-7.13, 103.85)
(-6.36, 101.42)
(-10.21, 100.96)
(-4.00, 99.89)
(6.22, 96.20)
(10.70, 93.10)
(-49.77, 84.35)
(-71.14, 78.48)
(-71.88, 76.85)
(-35.15, 87.05)
(-25.71, 92.59)
(-10.60, 90.72)
(-15.56, 91.31)
(-22.76, 92.48)
(-22.61, 92.84)
(-22.56, 93.20)
(-12.06, 92.90)
(-6.98, 93.26)
(-7.93, 96.08)
(-14.94, 86.77)
(-29.61, 73.09)
(-33.62, 75.77)
(-32.72, 79.45)
(-28.07, 86.23)
(-29.31, 85.03)
(-30.75, 80.64)
(-31.20, 77.59)
(-27.80, 78.75)
(-25.32, 83.19)
(-26.11, 91.85)
(-26.68, 97.44)
(-26.93, 99.26)
(-27.97, 100.04)
(-8.81, 101.72)
(3.90, 102.68)
(6.17, 103.33)
(-1.03, 102.57)
(-2.34, 102.52)
(-1.33, 99.68)
(-6.10, 98.21)
(-11.36, 97.19)
(-15.92, 98.30)
(-11.81, 101.05)
(-5.78, 104.48)
(-4.19, 104.00)
(-2.86, 104.59)
(-1.38, 105.54)
(-1.57, 107.79)
(-1.21, 110.76)
(-0.04, 113.47)
(-0.78, 116.92)
(-0.75, 116.06)
(0.75, 109.19)
(-2.86, 102.36)
(-1.33, 99.37)
(-1.95, 98.82)
(-0.64, 104.42)
(0.45, 112.14)
(-6.55, 106.29)
(-6.55, 106.70)
(-12.16, 97.46)
(-11.58, 95.74)
(-3.15, 95.92)
(-3.10, 88.15)
(-5.12, 92.36)
(-4.98, 98.51)
(-2.49, 97.86)
(0.31, 99.83)
(-7.73, 94.45)
(-11.69, 89.75)
(-19.83, 92.88)
(-19.13, 93.26)
(-16.20, 90.26)
(-9.51, 95.72)
(3.65, 86.48)
(6.44, 85.26)
(1.78, 94.23)
(-1.58, 90.79)
(2.46, 91.45)
(6.09, 94.77)
(6.25, 83.20)
(6.33, 82.13)
(2.77, 101.38)
(0.13, 96.40)
(1.56, 100.75)
(0.85, 96.38)
(3.73, 84.24)
(6.59, 90.67)
(1.25, 90.51)
(3.86, 88.13)
(7.84, 92.45)
(-2.73, 89.20)
(-11.02, 91.07)
(-9.68, 99.83)
(2.19, 100.58)
(8.95, 100.58)
(-0.74, 100.07)
(-8.39, 102.00)
(-9.64, 103.11)
(0.26, 105.26)
(5.94, 105.77)
(10.23, 104.04)
(8.92, 102.81)
(7.90, 102.26)
(3.10, 101.15)
(-1.43, 101.28)
(-2.24, 100.78)
(-2.24, 101.05)
(-1.37, 101.49)
(1.08, 99.98)
(0.23, 97.09)
(-1.91, 95.73)
(-12.15, 89.89)
(-14.60, 85.58)
(-13.54, 83.10)
(-13.51, 84.82)
(-10.28, 84.82)
(-7.21, 85.34)
(-5.21, 91.29)
(4.33, 112.32)
(10.22, 113.69)
(8.39, 113.17)
(-2.32, 111.06)
(-15.18, 104.15)
(-5.18, 98.63)
(-1.80, 97.37)
(-9.07, 92.72)
(-12.42, 90.53)
(-10.96, 89.32)
(-6.87, 90.66)
(-6.56, 92.93)
(-6.21, 95.30)
(-6.23, 92.89)
(-0.12, 93.53)
(4.85, 91.84)
(6.70, 91.50)
(7.18, 90.41)
(6.92, 88.89)
(4.71, 86.29)
(4.01, 88.10)
(5.43, 90.74)
(7.34, 90.22)
(7.35, 90.31)
(-1.22, 89.17)
(-5.02, 88.86)
(-6.02, 88.45)
(-5.83, 88.78)
(-5.99, 90.26)
(-6.43, 93.57)
(-5.94, 90.12)
(-5.66, 82.70)
(-4.05, 80.95)
(-2.38, 84.34)
(-2.82, 89.41)
(-3.15, 93.86)
(-9.05, 95.11)
(-10.63, 100.35)
(-9.09, 103.25)
(-4.84, 110.10)
(-4.97, 110.72)
(-10.47, 105.50)
(-12.80, 102.69)
(-15.03, 100.20)
(-12.92, 96.77)
(-11.06, 93.31)
(-13.12, 89.70)
(-12.43, 89.00)
(-11.01, 81.47)
(-11.04, 77.14)
(-11.78, 73.38)
(-12.23, 72.73)
(-13.60, 64.53)
(-13.19, 63.28)
(-10.88, 65.76)
(-11.59, 69.65)
(-9.26, 68.58)
(-8.02, 66.34)
(-7.30, 66.67)
(-6.59, 63.32)
(-9.64, 57.10)
(-11.20, 58.25)
(-19.42, 76.47)
(-31.94, 79.06)
(-41.13, 79.90)
(-37.03, 86.87)
(-34.50, 87.21)
(-16.74, 82.78)
(-6.61, 85.15)
(-5.59, 91.72)
(-10.71, 83.10)
(-10.53, 97.27)
(-9.75, 101.70)
(15.60, 105.62)
(10.25, 129.93)
(-4.51, 127.00)
(-7.05, 121.96)
(-16.38, 101.71)
(-24.14, 73.15)
(-21.92, 68.15)
(-20.76, 76.46)
(-25.56, 75.02)
(-14.17, 75.53)
(-38.15, 73.99)
(-46.19, 52.68)
(-22.72, 63.58)
(-3.66, 92.05)
(-0.11, 91.26)
(2.77, 89.21)
(2.83, 85.02)
(6.45, 77.56)
(-8.20, 69.10)
(-19.46, 65.08)
(-20.56, 63.84)
(-20.19, 61.80)
(-20.47, 58.73)
(-19.22, 58.18)
(-15.02, 60.73)
(-11.17, 64.62)
(-8.46, 67.32)
(1.94, 83.67)
(4.22, 88.19)
(6.33, 89.42)
(7.66, 90.72)
(8.78, 89.77)
(8.64, 87.34)
(7.89, 87.88)
(5.92, 88.96)
(5.51, 89.56)
(1.98, 90.67)
(1.54, 93.89)
(-10.53, 94.40)
(-15.55, 94.02)
(-17.82, 91.92)
(5.75, 78.43)
(12.27, 76.86)
(13.57, 75.84)
(-13.41, 66.26)
(-36.48, 55.98)
(-41.30, 54.03)
(-38.51, 57.35)
(-38.93, 56.42)
(-35.92, 60.23)
(-22.22, 66.63)
(-17.20, 73.88)
(-17.39, 78.53)
(-17.84, 83.22)
(-18.97, 86.03)
(-19.50, 90.66)
(-19.82, 95.34)
(-20.14, 96.53)
(-19.58, 97.31)
(-18.94, 99.03)
(-18.99, 101.01)
(-20.77, 102.52)
(-20.29, 103.85)
(-19.96, 104.27)
(-22.41, 104.44)
(-24.10, 104.62)
(-23.48, 103.52)
(-22.18, 100.38)
(-20.76, 97.67)
(-21.48, 95.39)
(-21.73, 93.17)
(-21.49, 93.18)
(-21.65, 92.80)
(-22.19, 92.52)
(-21.14, 94.84)
(-19.01, 95.18)
(-18.91, 95.08)
(-20.08, 95.05)
(-22.14, 93.50)
(-28.71, 89.08)
(-33.00, 81.70)
(-17.78, 70.09)
(-23.78, 53.78)
(-19.94, 8.54)
(19.46, 48.87)
(8.17, 74.63)
(-19.50, 78.00)
(-20.02, 78.03)
(-23.05, 74.81)
(-24.15, 75.71)
(-24.28, 75.93)
(-24.32, 75.51)
(-23.24, 74.01)
(-22.45, 75.13)
(-22.43, 74.90)
(-22.72, 72.56)
(-23.27, 70.72)
(-22.76, 72.22)
(-21.40, 74.58)
(-21.22, 75.86)
(-20.42, 75.90)
(-70.83, 74.42)
(-77.16, 69.84)
(-78.30, 68.03)
(-43.97, 68.05)
(-28.87, 67.13)
(-26.57, 68.08)
(-26.03, 69.09)
(-32.08, 70.43)
(-41.90, 68.83)
(-45.60, 67.08)
(-41.11, 61.77)
(-38.28, 59.89)
(-36.41, 58.61)
(-35.15, 57.63)
(-30.10, 66.06)
(-27.42, 70.15)
(-24.83, 72.59)
(-22.95, 81.18)
(-23.17, 83.85)
(-8.30, 83.74)
(13.12, 80.76)
(-10.41, 79.47)
(-13.20, 85.72)
(-16.15, 85.70)
(-35.62, 71.25)
(-35.23, 72.08)
(-17.89, 68.02)
(-3.10, 59.22)
(-5.13, 62.67)
(-30.65, 54.57)
(-30.58, 55.62)
(-30.61, 58.56)
(-31.53, 56.71)
(-1.75, 64.25)
(4.63, 70.91)
(-7.83, 57.82)
(-1.00, 86.65)
(4.33, 101.01)
(5.36, 95.82)
(4.57, 96.21)
(5.18, 94.98)
(1.11, 65.14)
(-10.99, 75.53)
(-7.38, 75.65)
(1.92, 74.47)
(6.15, 80.65)
(43.88, 73.93)
(59.48, 61.09)
(58.86, 66.94)
(58.93, 59.15)
(59.94, 68.27)
(45.77, 74.52)
(18.93, 80.53)
(12.60, 82.54)
(21.75, 89.13)
(24.95, 84.51)
(31.82, 78.27)
(28.57, 79.82)
(27.83, 82.57)
(22.94, 86.22)
(13.11, 88.11)
(8.73, 89.95)
(8.92, 91.56)
(39.72, 95.92)
(44.23, 98.44)
(22.65, 99.06)
(11.29, 95.01)
(11.79, 93.81)
(16.21, 95.70)
(21.37, 100.62)
(23.15, 101.43)
(15.29, 98.40)
(8.31, 95.32)
(6.20, 93.64)
(4.95, 94.09)
(6.24, 93.79)
(2.09, 88.61)
(81.14, 56.57)
(90.15, 50.26)
(23.64, 54.54)
(8.37, 50.33)
(7.72, 50.32)
(4.08, 76.68)
(-8.11, 76.69)
(-28.73, 58.99)
(-45.81, 56.01)
(183.81, 13.77)
(162.78, 26.24)
(-15.80, 103.58)
(-17.17, 106.94)
(-11.62, 110.46)
(-3.52, 110.28)
(2.29, 110.24)
(4.13, 105.62)
(-29.90, 99.79)
(-37.81, 97.87)
(-35.65, 95.47)
(-18.54, 93.50)
(17.43, 88.93)
(20.32, 87.27)
(11.72, 90.10)
(7.13, 91.03)
(3.84, 91.18)
(0.27, 94.84)
(-0.50, 93.60)
(-0.96, 91.89)
(-5.51, 91.00)
(0.15, 94.12)
(10.50, 94.88)
(18.15, 92.76)
(19.76, 90.52)
(10.88, 89.68)
(3.98, 82.30)
(-2.05, 82.43)
(-11.42, 81.57)
(-11.06, 82.39)
(11.40, 76.67)
(19.23, 69.22)
(-37.55, 32.81)
(-45.19, 35.05)
(-37.81, 26.75)
(-28.64, 22.41)
(-26.91, 24.05)
(-21.59, 29.68)
(-23.06, 45.44)
(-28.28, 52.09)
(-103.56, 47.12)
(-122.81, 39.53)
(-124.74, 37.73)
(-70.78, 60.49)
(-18.36, 83.14)
(-8.86, 86.04)
(-10.08, 82.27)
(-8.12, 85.60)
(-9.38, 84.66)
(2.85, 87.46)
(22.55, 88.30)
(26.97, 91.36)
(32.67, 95.96)
(34.66, 101.99)
(33.87, 101.40)
(32.33, 102.31)
(31.20, 100.46)
(14.64, 94.63)
(-11.83, 88.15)
(-18.40, 88.41)
(-20.05, 86.78)
(-15.37, 85.12)
(-16.01, 85.65)
(0.32, 87.51)
(24.55, 86.89)
(26.75, 88.25)
(23.35, 89.23)
(16.53, 90.23)
(7.79, 88.04)
(14.83, 89.39)
(25.39, 87.81)
(29.21, 86.96)
(27.94, 86.67)
(37.78, 88.37)
(42.20, 89.84)
(41.38, 92.20)
(23.91, 84.41)
(14.76, 68.73)
(24.57, 65.68)
(46.07, 72.59)
(43.78, 75.70)
(31.71, 80.59)
(22.70, 82.19)
(28.57, 87.11)
(36.14, 81.54)
(28.70, 43.34)
(-28.18, -41.88)
(-29.44, -48.75)
(40.47, 26.61)
(55.41, 54.36)
(53.61, 58.98)
(43.43, 62.23)
(36.53, 64.86)
(10.67, -17.51)
(9.54, -34.30)
(8.44, -38.97)
(4.38, -40.92)
(6.15, -29.28)
(16.13, -4.19)
(21.95, 6.03)
(31.97, 53.12)
(32.58, 62.93)
(38.59, 66.53)
(42.66, 68.38)
(30.90, 69.97)
(5.00, 70.99)
(5.30, 77.21)
(21.23, 79.80)
(25.73, 77.59)
(19.92, 82.68)
(15.93, 86.57)
(40.95, 46.44)
(55.55, 115.84)
(46.29, 112.70)
(34.45, 110.72)
(23.91, 104.37)
(21.48, 96.82)
(25.43, 98.82)
(26.11, 95.85)
(27.53, 90.51)
(25.50, 95.88)
(21.87, 93.23)
(23.21, 91.49)
(22.42, 95.33)
(22.55, 74.68)
(22.04, 76.74)
(29.51, 86.90)
(34.50, 85.60)
(34.47, 106.30)
(-55.28, 106.17)
(-73.07, 88.80)
(16.34, 96.64)
(26.66, 98.36)
(30.86, 93.61)
(-48.21, 93.43)
(-63.90, 75.44)
(-64.68, 69.02)
(-47.56, 72.97)
(-2.32, 74.96)
(9.48, 73.87)
(11.83, 84.71)
(11.54, 77.70)
(15.88, 75.25)
(16.54, 78.77)
(17.56, 72.23)
(23.76, 67.04)
(-233.56, 54.74)
(-272.77, 25.25)
(-275.65, 15.87)
(-270.37, 19.56)
(-24.34, 60.24)
(18.94, 80.17)
(25.00, 83.19)
(27.28, 74.66)
(22.32, 72.14)
(1.73, 74.29)
(-2.38, 68.68)
(1.36, 67.08)
(-7.64, 70.05)
(-6.50, 61.61)
(-1.92, 59.76)
(16.86, 74.74)
(34.64, 83.30)
(33.88, 80.56)
(-22.53, 76.64)
(-192.18, 33.84)
(-122.83, 54.49)
(-57.04, 80.23)
(-54.61, 83.24)
(-19.76, 85.46)
(13.93, 92.54)
(24.08, 93.24)
(-3.71, 57.96)
(-37.17, 12.65)
(13.48, 56.95)
(32.13, 75.00)
(31.25, 84.89)
(18.48, 94.27)
(16.47, 98.18)
(16.84, 95.61)
(19.52, 96.36)
(23.32, 96.88)
(22.32, 98.57)
(23.58, 100.49)
(20.36, 91.76)
(23.16, 86.41)
(28.74, 92.95)
(23.23, 95.07)
(27.09, 94.25)
(30.80, 99.21)
(10.56, 99.17)
(4.96, 108.38)
(3.71, 112.24)
(13.70, 111.90)
(25.30, 115.45)
(24.17, 117.96)
(27.63, 109.94)
(28.08, 116.59)
(26.69, 119.66)
(30.95, 118.12)
(23.16, 122.39)
(12.50, 113.31)
(19.36, 106.88)
(16.97, 110.84)
(14.34, 109.35)
(14.28, 108.09)
(16.61, 108.84)
(22.81, 96.15)
(25.58, 96.37)
(24.81, 99.08)
(23.89, 99.51)
(25.57, 99.46)
(179.95, 26.97)
(133.31, 46.23)
(41.47, 95.82)
(37.85, 98.36)
(37.07, 100.25)
(33.58, 101.13)
(30.58, 101.67)
(28.71, 101.74)
(29.59, 100.99)
(30.07, 98.03)
(29.62, 96.12)
(28.77, 92.17)
(30.08, 90.43)
(34.36, 91.07)
(31.70, 96.36)
(5.27, 100.36)
(3.28, 101.30)
(2.36, 103.43)
(4.29, 110.00)
(8.77, 111.89)
(-19.56, 108.97)
(-29.19, 108.32)
(-36.51, 107.17)
(-28.27, 106.82)
(-1.94, 108.31)
(3.62, 106.50)
(42.49, 102.43)
(56.61, 96.00)
(32.48, 100.96)
(23.46, 103.77)
(19.87, 106.09)
(22.69, 106.40)
(24.94, 106.74)
(26.64, 107.66)
(28.90, 105.87)
(30.27, 101.99)
(33.15, 97.67)
(33.94, 100.05)
(31.80, 100.77)
(31.68, 97.74)
(33.37, 96.70)
(33.40, 103.12)
(23.71, 110.99)
(18.33, 110.97)
(11.76, 112.72)
(1.83, 104.47)
(8.51, 100.10)
(14.33, 100.26)
(20.81, 99.50)
(13.33, 98.60)
(13.68, 102.91)
(17.29, 104.72)
(10.45, 92.59)
(-5.47, 80.43)
(-1.64, 77.37)
(6.32, 81.44)
(11.56, 88.26)
(17.73, 87.97)
(17.36, 89.10)
(15.98, 91.07)
(16.40, 91.03)
(19.79, 92.14)
(23.11, 94.41)
(24.32, 95.65)
(25.25, 95.24)
(27.77, 93.90)
(28.35, 95.23)
(28.16, 98.62)
(29.76, 99.48)
(30.47, 98.91)
(31.98, 96.36)
(32.98, 94.19)
(10.00, 79.73)
(7.12, 73.02)
(6.81, 68.26)
(9.89, 65.77)
(13.46, 70.17)
(15.46, 77.48)
(14.77, 80.70)
(13.23, 81.77)
(29.32, 86.13)
(34.94, 94.33)
(29.93, 99.98)
(12.57, 99.62)
(9.12, 95.00)
(-36.79, -17.40)
(-44.50, -22.78)
(-11.06, 81.01)
(5.94, 103.18)
(8.99, 107.07)
(8.87, 108.41)
(8.78, 110.40)
(9.83, 110.48)
(9.54, 109.02)
(11.55, 109.40)
(17.56, 107.07)
(20.59, 103.35)
(21.60, 101.27)
(21.36, 99.80)
(21.52, 100.82)
(20.30, 100.28)
(19.41, 99.01)
(18.80, 97.48)
(21.82, 96.80)
(21.65, 103.33)
(21.89, 107.23)
(19.72, 106.27)
(17.15, 106.98)
(25.79, 107.21)
(29.89, 106.73)
(29.09, 101.77)
(24.76, 103.37)
(24.94, 102.60)
(26.11, 100.48)
(28.30, 98.98)
(29.23, 98.50)
(28.67, 97.07)
(31.32, 96.43)
(31.75, 97.09)
(26.00, 98.06)
(20.52, 97.88)
(19.69, 96.50)
(20.71, 96.21)
(21.41, 95.87)
(24.65, 94.89)
(26.59, 95.95)
(24.44, 96.43)
(22.52, 94.81)
(21.04, 94.09)
(21.89, 92.46)
(19.48, 90.02)
(8.74, 84.55)
(4.09, 81.30)
(11.04, 75.66)
(21.41, 66.30)
(26.89, 62.11)
(31.21, 57.98)
(31.08, 56.72)
(32.29, 62.05)
(32.55, 71.93)
(32.21, 74.21)
(30.97, 75.78)
(22.62, 77.25)
(17.15, 79.15)
(-14.51, 78.20)
(-14.82, 80.59)
(2.44, 91.65)
(10.08, 94.64)
(14.05, 95.86)
(18.39, 98.77)
(19.27, 98.75)
(18.17, 95.62)
(19.16, 96.06)
(17.88, 99.33)
(19.02, 98.91)
(18.77, 95.36)
(16.00, 91.49)
(12.72, 94.21)
(12.97, 97.62)
(14.76, 96.59)
(14.13, 94.01)
(14.15, 87.00)
(16.52, 86.03)
(18.66, 85.61)
(21.05, 85.25)
(26.90, 88.33)
(26.76, 93.75)
(24.82, 97.26)
(20.06, 102.27)
(3.29, 107.60)
(2.18, 107.58)
(9.07, 107.61)
(11.10, 108.75)
(11.52, 109.47)
(14.07, 111.47)
(18.28, 115.90)
(8.35, 114.98)
(5.03, 114.81)
(18.02, 95.57)
(27.88, 82.48)
(24.73, 99.70)
(18.65, 110.45)
(17.76, 110.80)
(37.58, 107.73)
(39.28, 104.14)
(28.49, 104.39)
(24.84, 108.03)
(24.04, 109.87)
(24.14, 111.51)
(24.83, 112.52)
(22.41, 113.53)
(21.02, 109.17)
(16.88, 107.19)
(26.74, 107.33)
(30.61, 107.76)
(33.53, 103.94)
(6.26, 89.01)
(-8.83, 82.60)
(-0.32, 78.48)
(4.18, 71.95)
(6.31, 72.77)
(5.85, 82.03)
(9.62, 89.66)
(13.05, 94.34)
(24.51, 96.51)
(31.96, 95.95)
(32.92, 94.40)
(31.60, 93.26)
(34.71, 90.75)
(36.99, 90.03)
(37.16, 92.30)
(37.64, 94.86)
(36.70, 91.79)
(27.77, 91.95)
(23.94, 92.71)
(22.47, 92.46)
(24.49, 91.70)
(19.64, 92.88)
(16.03, 95.27)
(17.09, 95.74)
(17.66, 98.31)
(18.60, 99.40)
(17.70, 99.80)
(17.71, 99.25)
(18.95, 97.83)
(19.89, 96.59)
(23.52, 85.92)
(22.88, 86.87)
(24.98, 115.23)
(29.30, 117.46)
(12.73, 111.39)
(13.25, 111.67)
(14.51, 85.61)
(29.70, 78.15)
(34.23, 121.55)
(18.10, 113.86)
(14.54, 96.48)
(19.13, 89.98)
(22.03, 85.62)
(21.62, 84.66)
(16.21, 84.03)
(15.29, 86.99)
(14.66, 87.05)
(16.28, 87.20)
(13.45, 89.04)
(7.57, 91.24)
(24.59, 89.04)
(35.07, 89.73)
(24.45, 93.50)
(10.38, 94.38)
(9.06, 94.24)
(9.47, 98.00)
(11.67, 102.90)
(13.96, 103.51)
(18.28, 102.94)
(18.93, 102.46)
(20.00, 101.46)
(21.45, 98.63)
(23.93, 96.45)
(22.55, 95.08)
(22.33, 94.44)
(18.92, 86.70)
(5.11, 75.52)
(8.87, 73.78)
(19.84, 74.32)
(20.12, 81.19)
(25.09, 79.19)
(28.37, 74.17)
(26.90, 69.65)
(27.38, 62.45)
(31.46, 58.09)
(31.85, 57.03)
(31.12, 54.67)
(29.45, 55.78)
(27.04, 58.54)
(26.11, 63.31)
(24.99, 71.34)
(25.23, 73.62)
(27.91, 74.85)
(28.26, 74.35)
(26.84, 72.47)
(27.36, 70.75)
(2.28, 66.66)
(-18.11, 63.64)
(-19.51, 65.46)
(-21.32, 68.02)
(-16.18, 73.83)
(-15.60, 76.02)
(4.13, 74.87)
(26.30, 74.36)
(28.62, 71.53)
(35.83, 101.79)
(27.37, 101.61)
(16.07, 94.48)
(-1.74, 82.11)
(2.35, 82.45)
(28.17, 85.48)
(35.78, 86.32)
(36.19, 86.70)
(33.43, 86.57)
(34.34, 84.34)
(35.20, 82.37)
(33.41, 83.69)
(31.71, 85.28)
(30.39, 82.08)
(30.27, 78.00)
(30.12, 75.54)
(31.16, 75.37)
(30.02, 80.00)
(29.74, 84.48)
(23.29, 84.26)
(17.34, 86.38)
(16.31, 85.03)
(16.42, 83.42)
(22.11, 81.97)
(26.61, 83.68)
(26.27, 85.89)
(25.59, 87.79)
(22.14, 86.23)
(22.68, 83.60)
(35.59, 68.24)
(43.29, 64.24)
(47.24, 52.67)
(47.67, 53.86)
(46.31, 60.66)
(39.09, 73.27)
(34.72, 78.25)
(33.85, 85.31)
(35.11, 90.62)
(35.89, 93.84)
(98.90, 82.55)
(77.64, 81.19)
(34.78, 94.06)
(33.70, 95.20)
(33.55, 96.45)
(24.96, 101.01)
(23.98, 102.38)
(24.78, 101.17)
(24.39, 102.99)
(24.37, 105.26)
(24.80, 105.56)
(29.07, 99.77)
(34.04, 95.36)
(32.08, 95.89)
(29.81, 96.61)
(27.66, 96.36)
(24.73, 96.47)
(23.26, 98.36)
(24.35, 99.34)
(26.41, 100.30)
(30.05, 99.35)
(29.28, 100.01)
(31.47, 99.79)
(38.03, 98.55)
(40.61, 100.95)
(32.84, 104.79)
(22.96, 106.28)
(20.52, 93.80)
(11.02, 59.86)
(7.23, 48.58)
(27.17, 75.02)
(30.34, 79.08)
(29.84, 78.99)
(36.62, 78.38)
(25.87, 83.08)
(26.62, 90.48)
(26.36, 84.80)
(23.93, 84.73)
(20.48, 93.48)
(28.95, 90.16)
(28.97, 89.78)
(27.63, 90.54)
(23.29, 80.78)
(22.71, 84.43)
(23.43, 89.94)
(26.58, 89.20)
(26.26, 98.31)
(28.04, 90.91)
(27.93, 93.86)
(13.27, 93.24)
(17.51, 95.91)
(30.74, 91.72)
(18.24, 95.00)
(-17.37, 56.87)
(-19.20, 50.11)
(-24.97, 58.59)
(-27.06, 56.56)
(-22.76, 55.03)
(-25.80, 55.85)
(-24.44, 55.88)
(-66.94, 71.47)
(-79.91, 80.12)
(-88.10, 83.69)
(-29.65, 93.97)
(-4.91, 105.04)
(-2.75, 106.85)
(0.65, 108.42)
(25.85, 105.29)
(43.51, 102.55)
(43.85, 104.14)
(42.56, 106.09)
(31.68, 104.81)
(27.48, 103.68)
(25.55, 102.16)
(25.15, 99.17)
(7.68, 87.86)
(-3.15, 85.33)
(-2.08, 85.95)
(2.46, 82.50)
(3.99, 80.66)
(-0.15, 83.48)
(-0.27, 88.66)
(2.87, 89.88)
(2.78, 90.04)
(2.20, 89.79)
(4.87, 88.34)
(11.62, 90.88)
(15.31, 95.58)
(15.40, 91.44)
(17.09, 82.53)
(8.78, 89.23)
(24.81, 94.73)
(23.07, 90.75)
(28.31, 51.03)
(-1.08, 13.45)
(15.50, 99.53)
(11.98, 92.28)
(10.74, 101.48)
(10.88, 93.57)
(20.03, 82.88)
(24.19, 78.94)
(29.64, 75.23)
(27.17, 77.74)
(21.51, 77.56)
(20.95, 80.96)
(21.26, 84.36)
(21.15, 90.86)
(19.73, 93.29)
(19.14, 94.34)
(20.73, 98.31)
(24.65, 101.38)
(10.23, 95.61)
(7.95, 95.18)
(30.10, 90.54)
(37.25, 84.45)
(4.23, 67.73)
(-0.38, 62.57)
(-2.02, 56.75)
(-1.95, 51.99)
(6.82, 26.99)
(9.34, 22.81)
(13.09, 19.18)
(17.46, 19.27)
(21.39, 21.74)
(23.45, 23.89)
(22.47, 25.94)
(22.08, 28.06)
(18.60, 30.37)
(-3.32, 32.39)
(-5.27, 32.14)
(-5.97, 33.44)
(29.72, 34.13)
(43.28, 36.30)
(43.93, 38.77)
(-100.00, 28.37)
(-117.44, 22.57)
(-102.04, 21.15)
(-32.22, 30.06)
(-29.18, 40.42)
(-15.93, 45.27)
(39.07, 54.44)
(42.78, 57.28)
(49.81, 56.27)
(52.58, 56.11)
(50.45, 53.90)
(50.14, 52.25)
(50.24, 51.28)
(47.68, 51.66)
(33.79, 50.63)
(-7.84, 45.08)
(-12.64, 45.94)
(-8.26, 57.37)
(-5.39, 70.84)
(3.77, 76.90)
(8.39, 80.37)
(24.25, 83.38)
(35.59, 91.38)
(37.65, 91.48)
(18.86, 90.74)
(14.75, 91.07)
(57.11, 87.86)
(66.30, 83.42)
(20.77, 74.51)
(12.10, 70.93)
(15.77, 73.96)
(27.86, 80.33)
(32.11, 84.53)
(26.56, 86.61)
(20.47, 86.58)
(19.29, 87.09)
(19.40, 88.38)
(-4.27, 89.67)
(-11.95, 89.75)
(-2.89, 92.18)
(12.55, 94.75)
(20.23, 97.75)
(22.95, 97.86)
(22.32, 95.62)
(12.64, 76.28)
(5.57, 62.20)
(5.08, 52.98)
(-3.42, 38.65)
(-4.14, 37.44)
(0.45, 32.41)
(1.71, 48.34)
(6.79, 60.38)
(13.25, 68.07)
(22.54, 77.77)
(24.56, 81.30)
(32.50, 83.11)
(31.36, 84.91)
(29.54, 86.30)
(9.41, 86.45)
(14.52, 82.84)
(30.85, 78.02)
(35.78, 76.32)
(-13.86, 67.77)
(-27.62, 71.41)
(9.69, 64.02)
(24.28, 64.23)
(27.19, 68.87)
(11.89, 67.82)
(3.92, 69.46)
(-3.17, 65.19)
(-3.81, 54.34)
(-3.07, 57.59)
(-3.15, 59.77)
(-2.10, 55.06)
(2.21, 59.30)
(4.17, 56.43)
(-49.26, 42.08)
(-121.81, 44.64)
(-109.95, 24.76)
(-1.65, 41.71)
(5.02, 50.59)
(9.91, 37.99)
(24.95, 62.16)
(28.70, 81.71)
(18.82, 87.14)
(14.32, 95.44)
(12.44, 103.77)
(12.59, 97.45)
(16.76, 95.25)
(21.91, 99.18)
(20.58, 93.40)
(14.50, 94.50)
(14.11, 96.23)
(26.26, 93.40)
(40.02, 92.74)
(37.66, 103.19)
(23.61, 101.89)
(20.17, 101.14)
(20.66, 105.43)
(17.27, 96.48)
(17.63, 96.64)
(19.96, 99.46)
(21.76, 93.35)
(14.38, 86.42)
(9.92, 87.16)
(22.01, 79.72)
(27.44, 77.96)
(23.80, 87.46)
(21.07, 92.12)
(21.24, 89.82)
(20.73, 87.25)
(22.80, 87.65)
(23.00, 90.21)
(21.69, 89.85)
(20.95, 86.07)
(22.74, 78.97)
(24.31, 85.78)
(26.27, 88.27)
(28.31, 89.59)
(22.70, 91.47)
(15.53, 92.30)
(23.19, 92.21)
(34.59, 92.58)
(33.09, 96.68)
(19.46, 100.15)
(18.57, 99.67)
(21.19, 98.18)
(22.00, 96.51)
(26.05, 92.35)
(22.80, 93.14)
(29.41, 97.58)
(56.49, 97.29)
(62.36, 96.05)
(52.67, 97.96)
(40.69, 102.87)
(30.41, 102.27)
(28.34, 98.86)
(25.69, 96.65)
(30.05, 95.03)
(24.35, 98.27)
(22.02, 101.22)
(22.11, 100.58)
(21.65, 99.14)
(22.11, 97.10)
(24.66, 93.59)
(24.34, 95.84)
(22.79, 93.69)
(26.98, 96.16)
(25.32, 97.68)
(23.60, 94.53)
(16.49, 90.33)
(6.15, 90.31)
(-0.31, 86.53)
(-9.31, 83.04)
(-12.52, 78.51)
(14.04, 80.28)
(34.54, 81.09)
(26.53, 77.22)
(20.53, 72.22)
(15.90, 68.35)
(16.60, 65.05)
(26.23, 65.09)
(30.02, 66.02)
(29.18, 66.51)
(15.66, -16.76)
(-22.10, -16.75)
(-1.71, 17.89)
(13.21, 71.06)
(11.22, 84.48)
(22.29, 105.53)
(20.36, 110.94)
(-0.19, 115.81)
(-9.12, 20.52)
(1.45, -31.28)
(28.61, 68.22)
(29.95, 67.54)
(22.82, 58.58)
(12.37, 61.20)
(-1.21, 35.33)
(-10.35, 18.56)
(-11.71, 13.74)
(-10.48, 8.53)
(-7.74, 15.29)
(-12.03, 43.44)
(-11.22, 61.29)
(-5.98, 42.00)
(11.85, 44.37)
(24.81, 45.98)
(1.39, 45.42)
(-10.58, 50.79)
(-11.72, 47.93)
(-6.25, 50.77)
(-2.65, 46.55)
(3.26, 60.12)
(6.39, 63.90)
(12.41, 65.22)
(18.65, 63.49)
(18.63, 49.32)
(1.53, 65.07)
(-5.30, 57.21)
(11.87, 69.71)
(22.29, 56.60)
(24.48, 46.93)
(25.51, 55.02)
(5.21, 42.26)
(-2.24, 48.69)
(-14.90, 30.64)
(-13.19, 30.82)
(-7.88, 49.33)
(6.00, 43.98)
(66.05, 57.01)
(33.01, 60.73)
(7.16, 76.65)
(13.91, 79.80)
(20.96, 82.73)
(7.62, 89.04)
(4.86, 74.56)
(6.86, 76.04)
(15.28, 79.42)
(16.56, 79.58)
(16.11, 84.61)
(17.28, 82.21)
(21.64, 80.19)
(23.52, 79.90)
(20.99, 83.89)
(33.21, 76.63)
(57.44, 73.20)
(21.73, 86.05)
(13.64, 86.28)
(10.77, 86.16)
(8.59, 85.79)
(5.82, 83.49)
(5.81, 79.52)
(8.17, 72.82)
(8.78, 71.60)
(8.38, 73.66)
(5.69, 73.11)
(10.11, 72.42)
(17.06, 75.34)
(13.65, 82.36)
(13.73, 75.17)
(5.78, 46.80)
(6.62, 43.68)
(6.54, 40.04)
(8.38, 39.15)
(99.61, 42.19)
(105.11, 47.47)
(32.32, 77.87)
(25.58, 80.72)
(13.23, 86.45)
(51.11, 93.80)
(122.04, 97.83)
(110.72, 97.24)
(33.97, 91.53)
(25.77, 89.55)
(25.30, 88.65)
(28.67, 89.86)
(28.81, 89.42)
(28.80, 87.95)
(29.52, 89.02)
(28.56, 91.28)
(27.87, 90.73)
(30.62, 90.63)
(30.70, 93.01)
(30.92, 93.72)
(28.86, 92.91)
(25.24, 95.53)
(25.06, 98.50)
(24.32, 99.97)
(22.89, 104.15)
(23.23, 104.44)
(20.64, 108.62)
(21.94, 109.09)
(24.18, 109.31)
(19.77, 109.59)
(19.76, 111.35)
(15.12, 108.06)
(12.21, 103.63)
(11.96, 100.00)
(11.76, 99.56)
(13.48, 98.81)
(22.30, 99.83)
(22.27, 102.66)
(24.31, 107.23)
(23.95, 108.09)
(20.89, 106.20)
(21.40, 105.54)
(19.34, 103.40)
(19.31, 100.89)
(21.64, 98.44)
(19.88, 97.67)
(17.44, 98.53)
(17.56, 102.07)
(16.43, 102.15)
(6.51, 102.45)
(0.48, 101.64)
(0.15, 101.44)
(1.91, 101.26)
(5.82, 99.66)
(10.39, 97.38)
(15.98, 96.38)
(15.00, 94.19)
(6.14, 94.78)
(7.20, 95.97)
(8.77, 101.04)
(10.95, 101.28)
(12.32, 99.70)
(12.44, 88.38)
(10.69, 82.09)
(13.88, 82.46)
(19.33, 87.78)
(15.69, 93.23)
(13.22, 99.45)
(18.68, 100.44)
(21.77, 100.15)
(22.91, 105.33)
(17.70, 106.45)
(13.90, 106.24)
(11.40, 105.24)
(10.30, 103.04)
(5.91, 103.30)
(6.70, 103.84)
(24.17, 101.55)
(29.92, 102.33)
(32.61, 101.48)
(27.13, 100.43)
(23.47, 97.37)
(24.74, 90.81)
(18.51, 88.75)
(20.52, 85.28)
(18.01, 83.37)
(15.75, 83.35)
(17.42, 82.15)
(15.19, 78.21)
(13.43, 76.18)
(13.50, 77.23)
(12.98, 82.75)
(15.84, 87.06)
(15.85, 90.00)
(14.04, 93.36)
(165.53, 37.25)
(167.61, 25.97)
(35.53, 76.19)
(29.44, 77.14)
(28.65, 80.94)
(28.69, 82.19)
(25.85, 85.95)
(25.91, 85.76)
(22.16, 87.84)
(19.70, 91.67)
(16.61, 94.01)
(15.23, 96.18)
(14.88, 96.31)
(14.31, 97.44)
(15.56, 97.74)
(15.90, 98.49)
(15.82, 97.69)
(20.00, 96.84)
(22.72, 96.09)
(19.04, 96.39)
(20.65, 92.79)
(21.17, 90.16)
(20.73, 89.07)
(19.69, 88.79)
(12.42, 88.62)
(6.55, 82.77)
(3.35, 74.61)
(-1.92, 65.59)
(-3.77, 35.10)
(-3.80, 28.26)
(0.75, 33.40)
(5.67, 66.38)
(4.28, 78.61)
(11.57, 91.70)
(18.28, 94.68)
(19.26, 95.45)
(22.72, 94.49)
(7.83, 92.70)
(-3.44, 92.96)
(7.16, 92.27)
(14.23, 92.38)
(14.55, 93.84)
(20.10, 94.82)
(21.62, 94.86)
(20.84, 96.16)
(22.16, 95.40)
(23.42, 94.36)
(19.94, 90.81)
(14.71, 88.68)
(14.56, 87.15)
(15.94, 86.55)
(15.01, 88.05)
(15.09, 88.92)
(16.35, 87.73)
(15.11, 86.89)
(15.01, 84.12)
(12.16, 83.80)
(11.59, 83.12)
(14.65, 82.61)
(14.67, 88.04)
(5.90, 94.37)
(2.46, 95.95)
(7.39, 98.28)
(18.19, 97.90)
(22.17, 95.37)
(18.05, 95.05)
(19.77, 95.82)
(29.52, 95.75)
(18.28, 91.93)
(12.19, 85.32)
(12.43, 83.62)
(13.46, 84.18)
(12.79, 91.13)
(7.88, 88.01)
(-4.01, 86.05)
(-2.12, 88.44)
(-0.11, 88.39)
(7.51, 75.70)
(5.19, 76.18)
(10.97, 90.82)
(19.81, 92.47)
(26.58, 84.37)
(20.01, 85.51)
(21.47, 95.22)
(15.72, 62.46)
(33.16, 92.86)
(25.02, 98.66)
(24.30, 105.53)
(23.25, 91.79)
(26.59, 74.38)
(-11.85, 67.30)
(-14.10, 57.78)
(-10.46, 47.96)
(3.74, 57.84)
(24.11, 82.39)
(40.95, 98.69)
(39.36, 98.84)
(21.24, 90.23)
(14.23, 99.71)
(45.42, 97.14)
(61.36, 96.03)
(24.27, 87.01)
(8.76, 79.54)
(9.19, 86.71)
(9.14, 86.15)
(11.20, 63.49)
(47.45, 69.69)
(184.69, 30.57)
(71.41, 42.24)
(18.49, 54.32)
(-6.06, 70.08)
(-80.88, 62.15)
(-100.20, 58.86)
(-101.94, 53.35)
(-94.29, 50.42)
(-85.98, 49.10)
(-76.52, 51.20)
(-5.10, 76.60)
(9.83, 76.28)
(12.02, -108.58)
(-345.74, 6218.28)
(-11.38, -58.81)
(-15.56, 87.48)
(-15.65, 83.27)
(-18.08, 83.59)
(1.42, 78.31)
(15.84, 64.99)
(24.58, 47.40)
(29.83, 76.47)
(31.11, 83.74)
(26.50, 96.36)
(25.69, 89.48)
(25.80, 84.16)
(25.29, 83.67)
(18.41, 84.84)
(8.97, 88.46)
(10.11, 94.10)
(6.46, 88.03)
(6.01, 90.18)
(8.27, 77.63)
(4.54, 70.16)
(-5.98, 56.98)
(-16.29, 37.20)
(8.86, 62.06)
(17.71, 75.87)
(20.62, 76.86)
(21.16, 76.32)
(17.87, 73.31)
(2.72, 66.75)
(0.10, 66.72)
(-0.62, 68.34)
(22.25, -14.87)
(8.54, -172.88)
(-18.66, -127.65)
(-10.30, 60.51)
(-12.02, 57.98)
(-12.48, 42.80)
(-12.68, 63.12)
(-11.63, 68.21)
(-3.59, 56.85)
(3.32, 44.95)
(5.36, 40.08)
(6.04, 44.52)
(7.22, 48.39)
(6.85, 54.35)
(1.06, 56.82)
(-2.60, 54.29)
(-11.89, 28.14)
(-11.00, 26.12)
(-8.41, 38.63)
(-5.85, 43.65)
(-5.64, 44.54)
(-14.51, 41.88)
(-22.29, 31.95)
(-24.49, 29.71)
(-30.24, 29.20)
(-31.79, 28.48)
(-31.24, 26.44)
(17.09, 30.47)
(32.17, 36.24)
(33.91, 38.74)
(37.54, 37.97)
(40.95, 37.44)
(40.73, 34.92)
(40.23, 34.08)
(39.54, 34.90)
(38.82, 35.83)
(39.00, 37.63)
(27.83, 38.79)
(21.81, 45.29)
(19.10, 49.97)
(2.90, 55.87)
(-0.84, 57.61)
(-8.42, 55.61)
(-10.80, 54.21)
(0.74, 61.61)
(7.21, 60.63)
(-4.96, 46.59)
(-18.95, 34.50)
(-18.44, 28.00)
(-6.66, 12.72)
(-5.14, 9.45)
(-0.71, 13.14)
(2.88, 29.16)
(4.31, 40.83)
(7.69, 50.36)
(7.88, 55.72)
(7.34, 61.22)
(7.93, 60.33)
(-6.35, 55.99)
(-12.27, 54.28)
(-10.30, 54.52)
(-5.14, 56.34)
(-1.83, 59.50)
(-0.48, 60.42)
(2.22, 55.51)
(6.90, 58.79)
(8.27, 60.29)
(10.92, 56.97)
(8.08, 48.00)
(7.48, 41.60)
(7.78, 37.48)
(4.61, 35.94)
(2.58, 34.34)
(5.24, 34.95)
(-131.05, 36.85)
(-236.67, 35.78)
(-237.79, 20.30)
(-48.53, 57.23)
(5.06, 97.23)
(-23.05, 92.71)
(-17.08, 79.53)
(-8.83, 75.18)
(-9.00, 72.47)
(-6.93, 70.87)
(7.60, 71.11)
(11.02, 70.78)
(11.71, 69.80)
(5.94, 69.18)
(-9.59, 67.94)
(-15.85, 65.44)
(-15.03, 64.02)
(-12.74, 62.92)
(-13.94, 60.02)
(-14.27, 58.40)
(-11.73, 60.50)
(-13.46, 60.39)
(-12.66, 60.07)
(-15.85, 58.27)
(-17.95, 52.70)
(-17.57, 51.32)
(-28.73, 47.76)
(-87.42, 50.91)
(-95.11, 56.74)
(-92.11, 63.83)
(-19.06, 73.24)
(-15.58, 77.20)
(-16.35, 77.37)
(-12.81, 78.98)
(0.19, 80.01)
(8.43, 81.84)
(2.61, 78.95)
(-0.39, 75.79)
(6.49, 78.77)
(1.81, 66.31)
(4.87, 65.92)
(4.30, 58.66)
(-22.84, 58.74)
(-28.37, 60.11)
(-30.29, 59.68)
(-35.14, 59.91)
(-31.91, 59.02)
(-31.80, 59.13)
(-32.01, 63.02)
(17.53, 71.38)
(22.33, 68.40)
(10.50, 68.47)
(2.38, 69.64)
(-1.72, 69.60)
(-2.72, 67.95)
(-6.59, 66.08)
(-10.06, 65.49)
(-13.83, 68.63)
(-13.40, 66.91)
(-12.80, 61.79)
(-9.88, 63.19)
(-18.02, 62.63)
(-17.24, 59.52)
(-15.19, 61.65)
(-15.00, 67.17)
(-14.40, 67.87)
(-16.08, 67.75)
(-11.67, 70.00)
(0.98, 73.80)
(2.02, 69.17)
(35.08, 65.81)
(28.16, 105.39)
(-6.68, 97.89)
(-16.75, 86.57)
(-30.79, 68.18)
(-28.77, 60.82)
(-12.17, 68.27)
(-11.51, 78.41)
(-19.98, 74.07)
(-17.60, 71.44)
(-13.14, 77.66)
(-24.00, 72.11)
(-29.91, 62.66)
(-8.45, 69.18)
(-2.86, 86.63)
(-7.38, 85.44)
(-3.57, 49.51)
(-11.52, 37.18)
(-12.50, 33.96)
(-16.75, 38.35)
(-24.08, 39.40)
(-40.96, 32.70)
(-42.07, 42.63)
(-24.13, 70.27)
(-3.02, 73.29)
(-31.06, 55.89)
(-41.55, 51.67)
(-40.28, 53.94)
(-19.78, 65.20)
(-9.89, 62.20)
(-9.93, 71.00)
(-48.59, 36.96)
(-70.87, 35.59)
(-40.28, 41.18)
(-12.74, 48.96)
(-11.13, 55.30)
(-175.36, -8.95)
(-57.99, 18.74)
(-52.57, 5.37)
(-48.05, 24.45)
(-49.85, 29.90)
(-56.27, 29.84)
(-379.17, -44.11)
(-418.31, -69.01)
(-360.02, -59.51)
(-305.16, -42.52)
(-256.93, -74.55)
(-161.03, -196.94)
(-161.54, -212.09)
(-163.64, -213.63)
(-164.94, -216.38)
(-45.04, 7.19)
(-34.31, -1.23)
(-32.63, -2.00)
(-56.35, -1.58)
(-91.66, -5.03)
(-75.20, -3.65)
(-27.50, 26.48)
(-27.44, 43.87)
(-30.74, 49.95)
(14.47, 75.32)
(28.23, 84.11)
(27.46, 85.70)
(12.86, 85.98)
(7.54, 85.50)
(6.50, 79.22)
(-0.35, 75.32)
(-190.33, 53.75)
(42.13, 36.64)
(46.84, 36.90)
(23.77, 37.79)
(6.94, 36.33)
(2.30, 34.37)
(-0.65, 37.49)
(-13.64, 44.86)
(-12.62, 44.69)
(-2.52, 44.17)
(-4.62, 40.01)
(-15.13, 34.20)
(-16.81, 29.59)
(-21.01, 32.07)
(-71.73, 30.53)
(-103.01, 30.71)
(-52.92, 33.00)
(-43.59, 34.42)
(-38.70, 35.44)
(-34.93, 35.32)
(-33.55, 36.16)
(-28.14, 35.89)
(-21.27, 48.88)
(-6.39, 51.97)
(-4.78, 48.00)
(-24.57, 39.52)
(-26.80, 49.39)
(-21.59, 53.64)
(-12.01, 51.26)
(-14.29, 54.58)
(-18.89, 65.05)
(-11.83, 63.92)
(-9.75, 77.16)
(-7.46, 79.58)
(-28.72, 46.96)
(-32.16, 48.19)
(-10.16, 47.43)
(-16.10, 36.28)
(-28.12, 29.47)
(-24.48, 43.86)
(3.33, 63.01)
(5.60, 67.31)
(10.40, 74.31)
(5.41, 73.54)
(0.16, 73.26)
(1.16, 71.24)
(6.39, 73.33)
(8.00, 71.93)
(4.05, 72.21)
(-1.20, 72.45)
(1.65, 66.00)
(4.12, 67.07)
(-158.08, 61.86)
(-151.91, 59.80)
(-37.93, 61.27)
(-14.27, 84.71)
(-8.43, 92.21)
(-15.28, 86.10)
(-43.92, 79.10)
(1.66, 93.07)
(1.16, 95.45)
(3.46, 95.63)
(8.51, 94.26)
(10.25, 95.86)
(3.97, 93.47)
(4.94, 87.10)
(8.27, 85.10)
(-0.68, 81.29)
(-5.09, 81.38)
(-7.04, 81.19)
(-3.71, 82.85)
(-0.06, 83.30)
(0.13, 83.38)
(-0.20, 82.69)
(3.11, 82.83)
(5.82, 80.32)
(7.34, 76.17)
(6.89, 75.79)
(5.93, 79.83)
(5.19, 88.67)
(3.31, 94.74)
(0.73, 98.51)
(0.92, 101.56)
(1.31, 105.54)
(-0.76, 108.98)
(-1.77, 110.64)
(-0.67, 111.56)
(0.54, 112.57)
(0.56, 114.37)
(0.93, 111.47)
(0.01, 114.03)
(-0.38, 115.70)
(-1.43, 118.35)
(-1.35, 114.38)
(-73.64, 103.55)
(-98.79, 94.84)
(-101.79, 95.10)
(-78.22, 96.84)
(-2.36, 116.31)
(1.33, 117.73)
(5.07, 118.07)
(1.89, 117.00)
(0.15, 115.80)
(-0.04, 115.27)
(-0.53, 114.59)
(1.00, 115.74)
(-2.97, 113.39)
(-10.69, 109.88)
(-12.61, 107.08)
(-11.23, 103.74)
(-11.12, 100.53)
(-12.47, 96.57)
(-11.72, 94.86)
(-11.14, 94.33)
(-11.54, 98.29)
(-9.83, 104.51)
(-14.38, 94.57)
(-45.69, 70.96)
(-50.39, 71.03)
(-49.75, 83.88)
(-3.23, 111.47)
(4.40, 115.57)
(3.82, 116.69)
(4.64, 116.03)
(-1.92, 112.70)
(4.67, 112.29)
(22.97, 111.69)
(27.82, 111.57)
(15.35, 113.67)
(-4.38, 114.33)
(-7.59, 115.13)
(-9.09, 116.17)
(-9.24, 116.38)
(-9.64, 114.65)
(-10.23, 112.84)
(-10.48, 110.22)
(-12.17, 101.15)
(-9.25, 105.55)
(-6.25, 106.48)
(-5.11, 108.14)
(-6.75, 93.82)
(-2.81, 96.13)
(3.29, 96.65)
(4.25, 97.95)
(5.68, 99.11)
(4.59, 101.58)
(1.00, 101.23)
(3.57, 98.57)
(8.00, 95.59)
(7.86, 91.51)
(2.75, 92.22)
(2.81, 94.20)
(2.03, 89.90)
(7.05, 91.55)
(8.59, 116.74)
(7.50, 112.48)
(-0.03, 95.24)
(-0.21, 80.78)
(4.47, 82.38)
(6.43, 82.98)
(7.70, 81.01)
(8.80, 75.87)
(3.61, 73.65)
(1.15, 73.94)
(1.14, 71.09)
(1.76, -13.67)
(39.51, -38.19)
(10.88, 103.63)
(2.42, 95.32)
(1.02, 93.08)
(-0.55, 89.93)
(0.73, 87.01)
(2.24, 84.47)
(1.86, 79.15)
(4.49, 78.09)
(8.84, 78.92)
(16.86, 85.56)
(16.39, 88.49)
(10.87, 88.46)
(10.06, 89.42)
(54.25, 24.31)
(54.94, 131.54)
(40.75, 117.08)
(29.56, 115.75)
(18.72, 115.63)
(18.59, 87.88)
(13.56, 83.76)
(13.37, 72.63)
(13.43, 78.16)
(12.05, 86.08)
(8.70, 74.48)
(4.29, 68.05)
(7.02, 80.27)
(8.41, 78.41)
(8.38, 74.94)
(11.56, 81.42)
(8.78, 77.61)
(8.19, 73.07)
(15.17, 80.04)
(19.74, 77.51)
(18.94, 71.89)
(14.42, 73.29)
(6.93, 75.13)
(3.83, 76.67)
(6.85, 92.34)
(11.58, 90.97)
(11.12, 90.45)
(10.11, 105.48)
(-2.53, 102.41)
(-10.03, 95.74)
(-2.83, 100.35)
(7.19, 104.46)
(7.60, 96.31)
(6.08, 96.01)
(9.55, 90.70)
(1.76, 87.78)
(-4.58, 100.28)
(-0.62, 105.37)
(-8.66, 67.50)
(1.96, 72.85)
(13.59, 74.24)
(-12.17, 49.05)
(-18.34, 52.09)
(-16.46, 79.35)
(-14.49, 80.71)
(-9.44, 80.21)
(-12.05, 64.09)
(-18.29, 58.20)
(-6.66, 35.32)
(11.67, 84.40)
(8.88, 95.62)
(6.85, 93.08)
(1.78, 93.99)
(1.80, 93.85)
(-1.13, 76.00)
(-0.85, 72.89)
(-2.17, 67.79)
(-0.31, 64.41)
(7.73, 65.53)
(11.12, 68.92)
(7.74, 73.07)
(-11.05, 60.66)
(-15.91, 58.65)
(9.24, 87.45)
(25.42, 95.81)
(28.14, 94.24)
(20.36, 93.64)
(16.06, 91.96)
(8.81, 83.40)
(7.54, 79.74)
(8.24, 68.67)
(2.45, 72.36)
(1.88, 84.97)
(0.65, 87.75)
(-0.14, 86.17)
(-5.19, 65.30)
(-8.75, 73.67)
(2.01, 81.62)
(8.47, 76.62)
(13.06, 75.41)
(13.43, 77.38)
(14.98, 83.00)
(22.79, 83.11)
(22.49, 80.74)
(21.91, 76.87)
(19.68, 78.67)
(19.62, 81.11)
(8.86, 73.89)
(-16.32, 62.01)
(-19.25, 59.29)
(-30.74, 62.46)
(-38.58, 77.39)
(-37.82, 65.67)
(-43.10, 70.27)
(-29.77, 70.72)
(-6.36, 74.95)
(-3.89, 68.98)
(-39.00, 67.05)
(-45.65, 68.51)
(-20.82, 63.25)
(-9.02, 54.56)
(-6.83, 53.84)
(-5.06, 58.63)
(-3.95, 57.07)
(-3.00, 55.14)
(3.68, 79.16)
(6.98, 82.61)
(3.18, 76.14)
(2.14, 83.29)
(3.32, 84.87)
(-1.99, 61.73)
(-5.63, 61.60)
(-6.33, 74.81)
(-9.12, 82.55)
(-22.19, 80.41)
(-25.20, 77.29)
(-38.15, 48.85)
(-41.83, 41.76)
(-39.03, 49.18)
(-34.92, 52.44)
(-34.27, 52.77)
(-32.32, 55.64)
(-30.63, 58.44)
(-30.10, 60.84)
(-17.74, 85.65)
(-14.72, 86.90)
(-11.36, 88.01)
(-2.63, 97.87)
(3.65, 94.08)
(6.02, 97.77)
(4.74, 95.49)
(23.31, 102.73)
(28.81, 104.00)
(30.80, 104.59)
(24.33, 102.71)
(8.28, 75.38)
(-6.80, 78.19)
(-1.92, 79.02)
(7.31, 80.01)
(13.77, 87.74)
(10.77, 76.04)
(-0.82, 62.04)
(0.23, 82.10)
(0.59, 80.07)
(-1.04, 78.45)
(-0.36, 78.70)
(-10.43, 63.40)
(-20.31, 53.25)
(-19.21, 63.71)
(-15.41, 67.47)
(-16.51, 71.79)
(-18.49, 90.72)
(-19.10, 84.53)
(-19.66, 73.27)
(-10.45, 88.03)
(-1.21, 91.15)
(1.13, 90.89)
(2.11, 100.29)
(1.35, 105.28)
(-8.88, 87.58)
(-10.12, 85.23)
(-9.61, 82.23)
(-8.64, 72.78)
(-8.91, 69.04)
(-7.67, 80.72)
(-9.90, 75.29)
(-8.08, 75.13)
(-8.49, 82.94)
(-8.15, 75.12)
(-14.15, 46.37)
(-14.28, 57.65)
(-17.65, 65.22)
(-21.57, 47.09)
(-7.78, 78.24)
(-5.98, 83.59)
(-8.61, 81.36)
(-8.18, 79.77)
(-2.48, 83.65)
(-2.37, 81.86)
(-38.80, 16.28)
(-42.96, 11.98)
(-45.19, 11.34)
(-45.47, 17.27)
(-19.03, 36.45)
(-13.54, 50.13)
(-2.67, 74.47)
(-0.09, 83.45)
(1.59, 88.51)
(6.43, 89.49)
(6.54, 90.76)
(6.89, 94.09)
(8.91, 93.85)
(12.12, 94.10)
(11.65, 93.78)
(4.62, 92.88)
(0.59, 89.19)
(-1.96, 89.85)
(6.19, 87.96)
(15.68, 88.14)
(17.62, 90.36)
(15.07, 88.63)
(3.27, 79.94)
(-0.46, 83.21)
(-3.79, 73.41)
(-6.19, 63.61)
(-11.91, 63.37)
(-11.72, 86.00)
(-11.15, 89.31)
(-5.32, 90.97)
(5.29, 93.46)
(4.49, 95.24)
(1.27, 94.52)
(4.57, 92.25)
(4.82, 91.28)
(-3.42, 75.47)
(-6.17, 67.68)
(-7.02, 64.81)
(-8.88, 53.18)
(-10.41, 41.29)
(-9.75, 38.28)
(-7.60, 38.33)
(-6.41, 38.16)
(-3.48, 24.56)
(-10.24, -16.10)
(19.29, 76.15)
(-4.05, 91.62)
(-5.49, 66.86)
(-7.15, 64.89)
(1.14, 68.69)
