=== 数据记录开始于 2025-12-31 16:52:53 ===
(108.95, -101.54)
(112.65, -106.55)
(101.97, -193.23)
(93.50, -170.55)
(92.98, -176.17)
(88.28, -173.18)
(88.79, -164.31)
(92.70, -166.16)
(98.18, -189.05)
(23.01, 5.87)
(36.49, 69.17)
(-41.74, -127.85)
(-60.66, -116.49)
(-56.95, -111.16)
(-56.29, -119.96)
(57.23, -130.52)
(62.44, -108.35)
(52.51, -124.59)
(47.45, -127.71)
(50.49, -121.11)
(-143.57, -175.58)
(-172.58, -184.86)
(-172.59, -191.16)
(-165.19, -189.73)
(-41.57, -175.16)
(56.39, -97.50)
(45.13, -75.51)
(48.05, -112.18)
(47.17, -71.25)
(58.66, -73.58)
(67.11, -77.36)
(71.34, -101.90)
(70.71, -108.37)
(69.58, -114.09)
(63.92, -149.68)
(-76.86, -152.16)
(94.51, -104.33)
(102.43, -98.93)
(103.40, -88.00)
(100.24, -91.55)
(84.91, -90.28)
(74.32, -86.37)
(65.86, -89.19)
(58.44, -84.23)
(57.19, -91.47)
(-120.12, -198.00)
(-126.99, -231.35)
(-125.93, -227.39)
(54.58, -138.60)
(65.23, -114.52)
(64.25, -119.77)
(58.64, -118.12)
(345.89, -40.48)
(176.07, -100.73)
(171.44, -101.74)
(84.24, -108.32)
(71.17, -110.72)
(64.97, -116.72)
(59.53, -115.27)
(57.45, -108.92)
(51.82, -112.32)
(50.68, -111.01)
(53.38, -111.09)
(54.12, -110.31)
(51.58, -110.87)
(24.23, 1.71)
(-47.72, 82.72)
(-173.50, 104.26)
(-228.86, 106.32)
(-236.22, 105.22)
(339.79, 37.93)
(361.71, 25.24)
(366.65, 17.95)
(365.66, 21.12)
(367.25, 17.69)
(361.68, 21.35)
(179.67, -14.89)
(-54.06, -86.67)
(-75.80, -118.98)
(-77.87, -118.93)
(-77.78, -125.78)
(177.34, -118.53)
(186.85, -114.61)
(189.63, -111.09)
(462.83, -126.68)
(474.68, -128.72)
(478.71, -86.74)
(461.89, 56.87)
(455.61, 53.26)
(453.62, 58.12)
(453.62, 65.33)
(51.78, -71.25)
(30.37, -94.75)
(27.06, -102.38)
(24.34, -104.95)
(23.07, -109.53)
(395.74, -133.37)
(429.35, -172.03)
(434.56, -171.53)
(434.73, -177.07)
(401.79, -180.72)
(131.69, -91.91)
(119.26, -73.15)
(-793.67, 10773.13)
(-785.09, 10729.06)
(-35.09, -63.44)
(-18.72, -39.59)
(-6.11, -35.23)
(-137.51, -52.67)
(-184.33, -96.37)
(-184.65, -95.74)
(-185.92, -93.93)
(98.51, -94.22)
(116.10, -99.57)
(118.68, -96.66)
(149.17, -86.89)
(349.44, 2.65)
(355.81, 4.22)
(128.80, -31.87)
(46.84, -70.38)
(45.17, -95.81)
(-813.96, 10785.99)
(-55.11, 29.60)
(-15.81, 66.96)
(60.40, 7.54)
(126.97, -98.49)
(128.33, -111.31)
(338.21, -77.02)
(518.49, -7.33)
(517.17, 8.37)
(517.75, 9.81)
(108.43, -63.84)
(88.67, -83.27)
(81.33, -91.38)
(80.56, -98.52)
(60.30, -79.53)
(50.71, -86.44)
(-83.20, -490.12)
(-264.22, 511.44)
(-74.64, -55.00)
(-6.98, -81.90)
(-44.92, -64.45)
(-5.82, 34.02)
(-13.75, 27.79)
(-52.48, -71.75)
(-1444.67, 19839.63)
(-1274.17, 19363.13)
(314.90, 269.92)
(167.85, -72.74)
(138.81, -97.73)
(109.33, -103.06)
(97.81, -104.35)
(89.44, -111.82)
(97.60, -111.76)
(184.63, -115.02)
(510.06, -157.59)
(525.14, -169.25)
(520.58, -164.97)
(515.70, -158.96)
(514.11, -155.32)
(502.57, -159.97)
(495.57, -167.40)
(497.64, -170.29)
(499.12, -168.09)
(502.03, -178.36)
(517.66, -189.53)
(497.60, 13.78)
(486.22, 57.64)
(486.73, 55.45)
(492.86, 56.75)
(366.80, -48.68)
(-1446.65, 16215.52)
(161.27, -152.93)
(160.53, -155.75)
(158.74, -139.69)
(156.98, -124.02)
(110.46, -116.39)
(95.79, -116.67)
(93.14, -115.31)
(-1436.16, 16378.76)
(467.91, -187.15)
(484.75, -165.78)
(480.12, -167.29)
(478.05, -167.64)
(477.37, -210.04)
(-1365.49, 16218.37)
(323.49, -224.65)
(320.29, -173.24)
(316.80, -171.07)
(317.11, -167.90)
(317.65, -163.69)
(317.17, -163.97)
(313.14, -163.90)
(313.01, -164.22)
(312.75, -166.92)
(311.93, -166.57)
(314.67, -168.83)
(-1330.27, 16478.57)
(309.82, -257.75)
(-1298.12, 16325.60)
(325.81, -292.34)
(337.13, -185.59)
(455.10, -362.15)
(473.16, -301.37)
(473.83, -215.08)
(476.36, -207.11)
(476.32, -202.83)
(475.33, -199.05)
(482.04, -203.60)
(480.19, -201.41)
(468.67, -204.48)
(475.04, -195.95)
(494.36, -197.93)
(499.38, -202.16)
(493.83, -206.89)
(493.09, -194.40)
(476.91, -264.95)
(34.15, -198.79)
(52.59, -180.33)
(57.20, -164.89)
(455.93, -180.33)
(476.52, -209.06)
(475.07, -215.49)
(471.20, -208.09)
(-28.34, 2380.28)
(139.59, 1612.61)
(175.01, -188.84)
(174.11, -220.51)
(-1442.29, 16764.81)
(273.16, -287.23)
(451.15, -299.98)
(453.76, -259.58)
(-621.28, 2726.22)
(-641.16, 2764.65)
(-1385.90, 15839.26)
(234.81, -326.68)
(232.47, -205.52)
(231.97, -190.54)
(230.17, -192.18)
(494.61, -215.09)
(512.19, -226.29)
(517.80, -284.54)
(-1051.54, 11992.33)
(-849.67, 10319.83)
(257.45, -820.51)
(-644.63, 8815.15)
(-642.79, 8831.64)
(-646.70, 8954.29)
(387.87, -778.54)
(370.08, -252.44)
(458.32, -224.74)
(516.83, -226.56)
(521.46, -223.67)
(515.58, -211.00)
(514.42, -213.19)
(511.77, -208.70)
(-672.50, 9436.53)
(536.07, -296.97)
(286.55, -239.36)
(275.59, -230.80)
(-606.37, 8925.61)
(-578.89, 8813.51)
(208.42, -343.90)
(202.21, -337.88)
(199.67, -355.19)
(192.93, -298.99)
(-525.68, 8964.72)
(-532.65, 9027.44)
(-50.20, -505.66)
(-54.45, -367.87)
(-342.36, 170.52)
(-398.01, -109.28)
(-441.56, 71.08)
(-321.27, -358.14)
(-308.93, -331.82)
(-298.41, -327.37)
(-313.08, -328.23)
(-94.65, -201.42)
(-78.40, -193.31)
(-74.69, -186.23)
(-79.77, -190.76)
(189.00, -179.57)
(223.77, -174.46)
(228.98, -167.19)
(-627.36, 9698.14)
(-12.87, -73.26)
(-124.37, -25.73)
(-126.61, 28.83)
(-567.74, 10208.83)
(-599.24, 10340.42)
(189.27, -107.24)
(188.32, -48.03)
(183.76, -69.05)
(125.86, -78.96)
(-37.19, -108.59)
(-19.65, -127.59)
(88.72, -143.82)
(94.15, -156.77)
(92.31, -163.81)
(-85.90, -73.90)
(-129.96, -15.19)
(-619.67, 10524.01)
(-119.57, 19.49)
(-110.45, 37.97)
(238.44, -13.66)
(382.50, -31.99)
(-643.49, 10535.13)
(-37.48, -96.03)
(-37.22, -33.79)
(-42.78, -17.14)
(-43.33, -21.73)
(-35.00, -21.39)
(-62.28, 379.92)
(-126.43, 482.57)
(142.62, 104.77)
(231.00, -47.58)
(228.70, -38.63)
(228.61, -33.71)
(484.36, -139.55)
(511.12, -148.23)
(511.38, -171.21)
(513.50, -180.13)
(516.96, -175.50)
(514.16, -158.56)
(491.06, -169.09)
(470.95, -159.69)
(117.49, -149.35)
(84.93, -147.33)
(-972.09, 10845.04)
(-123.37, -167.89)
(-168.54, -155.88)
(-499.88, 2065.90)
(19.44, -62.73)
(34.49, -80.27)
(-485.23, 2109.34)
(240.60, -101.82)
(250.07, -93.43)
(437.16, -144.13)
(492.44, -164.93)
(502.55, -159.72)
(509.58, -156.88)
(509.83, -157.22)
(514.34, -166.05)
(516.36, -164.99)
(515.42, -162.90)
(27.82, -260.75)
(-7.55, -212.88)
(-499.19, 2165.43)
(-490.08, 2162.89)
(366.66, -374.95)
(355.62, -149.84)
(113.35, -136.49)
(-12.87, -139.35)
(-5.70, -149.25)
(-12.49, -146.74)
(327.89, -157.63)
(341.92, -172.59)
(-1025.15, 12080.81)
(-385.42, 1275.17)
(-50.32, -197.53)
(-43.63, -169.97)
(-47.62, -141.91)
(-49.98, -148.53)
(101.14, -146.85)
(132.44, -175.94)
(135.86, -173.29)
(414.27, -178.19)
(502.84, -176.77)
(507.37, -177.67)
(495.51, -176.54)
(486.88, -167.90)
(48.53, -194.03)
(45.28, -199.77)
(41.93, -198.23)
(66.15, -171.22)
(96.04, -156.96)
(353.71, -150.92)
(360.45, -155.44)
(361.34, -150.53)
(262.44, -156.38)
(173.44, -186.27)
(346.06, -215.57)
(308.15, -158.19)
(41.76, -152.00)
(74.20, -138.83)
(40.62, -122.27)
(210.16, -170.14)
(263.17, -199.62)
(268.61, -198.89)
(270.99, -204.59)
(19.01, -191.04)
(4.53, -191.48)
(1.07, -187.13)
(8.34, -157.77)
(18.50, -155.00)
(11.20, -154.90)
(23.08, -143.70)
(14.45, -138.93)
(57.18, -124.30)
(61.84, -114.21)
(59.87, -123.14)
(60.86, -123.41)
(62.20, -125.04)
(61.98, -126.84)
(59.87, -130.62)
(61.27, -123.45)
(62.77, -125.50)
(64.24, -122.46)
(65.02, -117.90)
(69.57, -111.28)
(69.49, -110.18)
(64.29, -104.99)
(63.27, -107.01)
(53.77, -106.81)
(52.51, -107.72)
(196.77, -109.43)
(216.77, -112.60)
(217.02, -112.24)
(220.59, -111.23)
(217.78, -111.62)
(72.27, -109.42)
(67.01, -115.05)
(67.49, -115.13)
(68.93, -113.69)
(61.29, -109.18)
(60.03, -109.41)
(307.39, -130.85)
(328.67, -143.65)
(333.26, -147.42)
(340.59, -161.42)
(147.21, -132.28)
(86.52, -124.98)
(80.59, -124.24)
(83.29, -125.17)
(84.08, -123.24)
(84.60, -124.43)
(83.97, -112.67)
(308.99, -118.49)
(419.06, -153.40)
(416.71, -144.50)
(421.14, -141.74)
(422.14, -139.91)
(419.23, -128.60)
(415.66, -127.23)
(412.73, -131.08)
(412.90, -137.46)
(181.59, -144.17)
(134.31, -153.67)
(132.15, -155.52)
(136.34, -161.97)
(335.04, -104.10)
(343.95, -97.54)
(349.72, -103.58)
(-659.51, 10586.10)
(-625.28, 10488.62)
(142.65, -1.11)
(193.95, -101.96)
(186.58, -94.17)
(147.51, -98.51)
(101.60, -124.18)
(97.77, -124.57)
(462.36, -151.54)
(476.34, -161.64)
(484.03, -164.25)
(419.48, -157.54)
(148.08, -130.30)
(135.40, -122.09)
(127.65, -124.91)
(74.53, -131.16)
(69.33, -127.67)
(69.30, -131.38)
(53.54, -124.86)
(-714.33, 12149.87)
(75.96, -157.01)
(86.72, -113.23)
(102.32, -105.24)
(104.50, -101.89)
(50.43, -107.48)
(194.94, -383.79)
(72.50, -134.98)
(69.15, -93.77)
(69.76, -85.46)
(69.28, -126.84)
(72.95, -164.56)
(86.12, -164.95)
(88.43, -156.81)
(87.01, -149.45)
(79.00, -141.31)
(78.32, -147.50)
(80.99, -153.51)
(72.12, -139.72)
(62.71, -129.93)
(63.28, -123.78)
(72.13, -98.78)
(69.75, -99.24)
(56.42, -94.71)
(46.29, -89.25)
(76.11, -93.40)
(89.59, -105.05)
(94.59, -109.33)
(89.77, -112.92)
(86.64, -96.43)
(91.67, -96.22)
(89.15, -100.89)
(86.58, -96.88)
(91.38, -94.33)
(91.87, -86.11)
(84.68, -89.64)
(86.08, -92.63)
(88.40, -102.25)
(85.81, -96.07)
(139.37, -103.22)
(193.92, -103.37)
(196.74, -96.45)
(198.16, -93.98)
(227.61, -101.11)
(426.47, -137.14)
(422.19, -139.69)
(134.66, -110.05)
(118.26, -109.16)
(114.42, -110.68)
(118.30, -117.32)
(119.59, -116.78)
(-39.46, -183.76)
(-89.17, -253.11)
(-98.62, -253.81)
(-24.20, -183.46)
(51.23, -122.74)
(49.40, -118.91)
(55.26, -106.65)
(59.32, -108.16)
(59.34, -103.17)
(60.71, -104.75)
(57.82, -106.57)
(53.47, -108.35)
(55.99, -109.01)
(56.21, -109.37)
(57.09, -110.67)
(56.72, -107.89)
(53.03, -107.01)
(49.71, -107.87)
(49.68, -105.92)
(49.65, -105.40)
(50.21, -104.64)
(50.99, -106.51)
(50.36, -107.91)
(48.98, -107.25)
(48.22, -96.34)
(45.10, -99.03)
(44.74, -99.12)
(45.82, -104.83)
(47.59, -110.31)
(49.99, -116.77)
(53.73, -114.45)
(57.90, -118.40)
(58.50, -118.90)
(61.72, -126.89)
(70.68, -135.53)
(67.78, -135.24)
(58.46, -118.52)
(55.14, -115.51)
(48.03, -105.22)
(44.16, -102.56)
(43.41, -100.07)
(44.57, -101.68)
(46.06, -99.98)
(46.59, -106.11)
(48.09, -116.15)
(51.57, -120.94)
(51.12, -123.45)
(51.80, -123.03)
(50.32, -125.20)
(48.29, -120.35)
(48.18, -122.32)
(47.85, -121.78)
(49.59, -128.63)
(48.97, -131.67)
(49.10, -134.29)
(49.42, -133.14)
(49.50, -132.84)
(51.03, -134.08)
(51.96, -133.75)
(53.97, -137.48)
(52.84, -139.45)
(50.85, -140.89)
(49.19, -136.77)
(48.59, -136.38)
(51.11, -122.60)
(54.43, -121.54)
(68.99, -124.30)
(70.10, -142.88)
(72.08, -150.51)
(72.99, -152.39)
(66.70, -154.30)
(62.73, -153.12)
(71.68, -156.08)
(73.53, -162.35)
(73.89, -160.78)
(74.50, -145.21)
(79.44, -146.61)
(282.74, -133.68)
(332.67, -122.56)
(226.97, -126.07)
(96.53, -135.67)
(90.74, -126.97)
(84.52, -122.87)
(75.73, -119.82)
(68.39, -119.33)
(62.80, -125.87)
(63.54, -134.33)
(18.74, -286.75)
(-8.01, -337.97)
(284.28, -213.08)
(284.39, -191.58)
(60.96, -162.66)
(53.91, -161.85)
(57.26, -138.66)
(62.01, -131.03)
(75.01, -135.17)
(75.41, -134.69)
(77.93, -138.38)
(79.18, -139.53)
(79.75, -146.12)
(69.75, -144.70)
(70.45, -143.76)
(69.42, -144.65)
(72.76, -147.26)
(67.80, -148.83)
(65.48, -151.98)
(64.60, -152.99)
(75.39, -145.69)
(76.89, -146.41)
(75.06, -142.11)
(79.70, -143.67)
(71.60, -142.55)
(71.29, -142.80)
(66.04, -129.23)
(65.81, -132.36)
(67.34, -137.01)
(60.20, -137.86)
(62.12, -137.80)
(62.79, -143.28)
(60.52, -134.59)
(57.44, -131.78)
(54.64, -122.94)
(57.77, -125.14)
(62.10, -124.73)
(54.71, -118.28)
(51.16, -109.95)
(50.51, -107.15)
(52.05, -114.43)
(63.12, -121.31)
(70.91, -127.63)
(66.68, -124.02)
(69.82, -124.58)
(69.05, -115.70)
(68.56, -118.17)
(67.33, -119.31)
(71.38, -126.40)
(70.89, -125.77)
(68.66, -128.52)
(67.72, -126.60)
(64.64, -131.44)
(62.74, -135.39)
(64.33, -144.45)
(61.16, -141.60)
(68.74, -145.46)
(72.46, -137.52)
(72.68, -140.66)
(75.29, -139.95)
(78.86, -144.45)
(75.00, -139.65)
(76.34, -146.02)
(78.29, -146.33)
(79.80, -149.64)
(78.43, -150.23)
(75.38, -148.39)
(70.92, -148.21)
(102.64, -128.92)
(134.56, -120.93)
(125.28, -122.72)
(77.87, -126.33)
(74.13, -137.80)
(83.03, -152.21)
(277.07, -155.28)
(350.74, -173.45)
(351.16, -172.61)
(346.80, -170.02)
(86.32, -132.45)
(64.63, -115.42)
(63.76, -129.10)
(57.02, -133.09)
(56.50, -130.57)
(56.89, -137.83)
(61.59, -131.80)
(62.43, -126.46)
(63.34, -124.90)
(62.51, -124.92)
(62.06, -123.83)
(63.84, -127.54)
(68.52, -131.82)
(64.67, -129.03)
(61.40, -131.79)
(58.34, -140.25)
(57.99, -138.85)
(56.26, -138.82)
(53.28, -137.25)
(56.21, -144.99)
(54.45, -145.18)
(51.90, -144.12)
(53.63, -141.46)
(63.77, -139.10)
(62.43, -140.60)
(65.88, -136.42)
(63.14, -120.40)
(64.60, -127.14)
(69.36, -138.50)
(69.02, -138.20)
(66.88, -139.15)
(63.12, -134.86)
(58.35, -132.71)
(50.88, -130.55)
(46.43, -131.08)
(295.21, -125.67)
(301.35, -126.09)
(303.14, -131.11)
(308.99, -141.39)
(49.03, -141.56)
(35.77, -136.00)
(34.99, -137.20)
(54.15, -129.91)
(57.52, -131.30)
(60.12, -132.34)
(58.08, -133.75)
(55.45, -132.39)
(56.71, -130.68)
(222.62, -108.95)
(231.55, -111.67)
(235.10, -111.24)
(237.78, -113.51)
(72.89, -125.99)
(65.34, -132.28)
(60.05, -134.73)
(57.81, -134.96)
(54.93, -137.62)
(53.96, -141.11)
(53.11, -140.49)
(52.38, -140.45)
(49.02, -137.97)
(72.07, -136.53)
(289.49, -138.73)
(298.11, -141.42)
(290.32, -139.70)
(71.41, -136.78)
(67.10, -136.83)
(65.00, -131.12)
(63.72, -139.05)
(-229.90, -134.13)
(-260.62, -132.29)
(-510.94, -200.45)
(-537.50, -210.67)
(-505.15, -202.19)
(39.20, -142.62)
(49.34, -144.50)
(67.73, -134.53)
(76.55, -129.39)
(78.49, -132.54)
(76.72, -127.91)
(76.27, -131.08)
(315.07, -141.07)
(331.74, -151.71)
(111.69, -135.41)
(52.93, -118.52)
(48.54, -111.13)
(48.72, -118.04)
(49.91, -117.05)
(49.91, -115.18)
(48.85, -113.16)
(48.82, -112.38)
(50.63, -107.91)
(51.83, -114.12)
(54.06, -118.58)
(56.17, -117.66)
(58.08, -119.07)
(57.80, -118.82)
(58.24, -114.94)
(57.87, -116.40)
(56.59, -114.41)
(56.31, -118.93)
(54.56, -119.60)
(52.67, -120.23)
(50.99, -112.82)
(50.80, -121.26)
(47.57, -119.09)
(48.63, -121.88)
(50.37, -126.92)
(48.06, -128.19)
(47.86, -123.23)
(51.50, -119.06)
(54.57, -122.52)
(59.62, -123.83)
(63.62, -127.18)
(64.22, -128.70)
(64.19, -129.49)
(104.91, -124.37)
(283.24, -120.80)
(289.61, -119.79)
(42.39, -116.34)
(36.32, -118.80)
(31.52, -119.52)
(37.25, -105.56)
(43.34, -111.85)
(43.05, -112.07)
(41.88, -117.54)
(42.41, -120.43)
(290.65, -126.07)
(304.84, -125.68)
(309.87, -124.97)
(74.81, -124.80)
(65.86, -129.65)
(58.77, -128.64)
(56.32, -128.21)
(54.54, -127.13)
(53.19, -119.10)
(178.68, -128.87)
(243.56, -127.65)
(251.76, -137.75)
(252.80, -138.89)
(251.88, -130.38)
(251.81, -117.10)
(251.18, -115.30)
(248.83, -114.13)
(66.93, -123.20)
(62.49, -128.04)
(61.10, -135.51)
(264.26, -141.16)
(377.89, -137.99)
(209.27, 21.76)
(-1297.34, 14319.31)
(-1310.01, 14278.28)
(-1319.70, 14364.33)
(-1333.15, 14421.04)
(-163.01, 94.87)
(69.93, -33.83)
(69.59, -41.63)
(-1364.29, 14433.14)
(82.15, -102.16)
(-1369.43, 14599.27)
(81.89, -144.16)
(-1335.25, 14508.69)
(42.04, -118.61)
(47.84, -107.55)
(58.37, -105.53)
(-1386.28, 14775.27)
(158.27, -20.60)
(168.73, 22.28)
(170.93, 16.55)
(174.17, 17.51)
(376.70, 52.15)
(400.00, 82.78)
(404.31, 89.39)
(406.90, 84.89)
(408.33, 85.24)
(405.01, 80.14)
(398.81, 87.43)
(389.94, 97.54)
(-94.60, -154.55)
(-110.29, -187.43)
(-240.18, -213.74)
(-291.45, -246.36)
(-293.65, -258.05)
(-470.22, -311.90)
(-487.20, -400.31)
(-491.10, -397.58)
(-490.57, -400.46)
(-667.92, -406.43)
(-681.66, -414.63)
(-682.48, -414.56)
(-354.51, -142.78)
(-350.62, -129.86)
(209.44, -63.38)
(266.38, -50.06)
(273.08, -56.75)
(268.56, -57.80)
(77.49, -120.63)
(71.72, -120.75)
(349.34, -147.43)
(367.04, -150.52)
(367.62, -151.52)
(366.09, -144.14)
(101.85, -121.30)
(92.07, -101.85)
(72.60, -103.89)
(56.04, -107.50)
(52.14, -118.19)
(51.53, -114.85)
(54.35, -114.93)
(56.38, -115.44)
(56.69, -118.26)
(56.81, -122.15)
(58.07, -123.13)
(58.74, -119.84)
(62.68, -117.89)
(61.44, -114.58)
(63.64, -114.63)
(64.43, -114.66)
(65.79, -117.44)
(62.47, -122.07)
(56.89, -120.84)
(222.23, -120.94)
(227.43, -118.77)
(242.10, -121.48)
(244.53, -124.43)
(244.82, -121.86)
(162.21, -129.30)
(76.45, -139.91)
(74.59, -145.17)
(74.61, -149.83)
(77.65, -151.43)
(78.32, -150.45)
(77.89, -136.28)
(77.47, -135.33)
(325.10, -129.56)
(328.11, -113.32)
(327.21, -111.64)
(328.69, -112.62)
(37.94, -101.09)
(33.86, -104.69)
(30.33, -106.52)
(35.63, -117.00)
(43.93, -115.29)
(49.57, -115.89)
(51.47, -111.23)
(56.66, -112.37)
(54.51, -112.36)
(53.15, -114.71)
(54.39, -115.40)
(55.08, -117.00)
(51.13, -116.06)
(46.79, -112.92)
(47.43, -114.14)
(50.97, -113.50)
(55.18, -118.79)
(60.10, -119.14)
(58.68, -119.57)
(58.51, -115.37)
(57.03, -115.52)
(54.59, -114.98)
(62.49, -123.08)
(69.42, -127.83)
(72.78, -127.97)
(72.48, -121.11)
(75.01, -124.26)
(86.43, -128.51)
(84.89, -139.44)
(82.51, -140.01)
(81.13, -139.82)
(80.59, -136.14)
(79.89, -136.68)
(77.05, -135.91)
(75.51, -138.09)
(73.25, -126.47)
(72.55, -126.63)
(73.45, -128.09)
(77.71, -126.38)
(75.13, -127.39)
(72.83, -126.03)
(71.10, -126.74)
(70.48, -126.62)
(23.56, -140.20)
(-132.20, -237.63)
(-145.30, -232.57)
(-85.68, -195.13)
(34.50, -115.03)
(39.94, -117.46)
(37.69, -115.50)
(36.15, -104.16)
(41.01, -109.10)
(39.70, -109.98)
(39.41, -116.08)
(39.74, -113.28)
(44.82, -116.24)
(44.66, -114.24)
(48.67, -119.48)
(45.98, -117.91)
(46.70, -123.19)
(45.15, -122.20)
(42.41, -120.76)
(41.69, -120.74)
(42.28, -122.82)
(41.59, -119.26)
(41.37, -118.83)
(40.12, -115.64)
(38.70, -114.53)
(34.43, -108.46)
(32.60, -104.97)
(33.89, -106.52)
(34.13, -111.08)
(36.59, -116.10)
(38.51, -123.17)
(41.86, -124.73)
(41.75, -121.18)
(48.86, -129.75)
(50.36, -130.03)
(51.77, -131.92)
(51.23, -132.05)
(-110.22, -233.89)
(-118.99, -232.84)
(-122.43, -241.42)
(-31.72, -160.59)
(22.18, -128.37)
(24.57, -121.18)
(25.28, -120.10)
(34.16, -109.23)
(36.53, -109.67)
(37.19, -108.44)
(46.52, -116.06)
(50.68, -121.46)
(48.91, -125.55)
(48.83, -126.28)
(49.59, -120.90)
(47.42, -122.87)
(40.88, -118.85)
(37.23, -127.87)
(31.92, -127.47)
(33.27, -129.95)
(33.44, -122.24)
(33.34, -126.63)
(34.01, -127.89)
(36.09, -132.54)
(36.63, -130.09)
(36.53, -128.61)
(40.02, -127.96)
(44.84, -129.53)
(45.71, -135.24)
(46.43, -142.50)
(47.96, -143.69)
(48.65, -147.05)
(49.71, -144.93)
(50.99, -134.29)
(64.25, -139.92)
(69.23, -139.75)
(72.13, -143.91)
(75.06, -145.74)
(73.12, -149.55)
(73.11, -147.51)
(63.44, -144.10)
(57.41, -141.81)
(55.21, -140.08)
(54.95, -136.47)
(54.57, -136.58)
(53.01, -134.94)
(49.89, -136.91)
(49.97, -138.25)
(49.83, -136.68)
(56.23, -134.83)
(65.56, -138.22)
(69.14, -139.22)
(69.35, -128.06)
(69.69, -132.49)
(70.26, -133.10)
(71.38, -138.17)
(70.26, -132.87)
(70.21, -133.87)
(71.99, -130.78)
(72.78, -130.52)
(71.79, -128.28)
(72.81, -130.25)
(71.62, -131.19)
(71.27, -133.38)
(71.02, -132.39)
(69.51, -132.45)
(68.54, -133.15)
(62.12, -130.66)
(59.83, -132.20)
(59.04, -135.42)
(58.91, -138.31)
(54.83, -129.79)
(54.59, -131.53)
(54.35, -131.22)
(53.28, -132.48)
(131.39, -132.51)
(139.87, -129.69)
(124.88, -120.70)
(45.04, -118.23)
(39.30, -114.10)
(38.65, -114.67)
(262.81, -121.19)
(271.28, -121.93)
(279.70, -125.41)
(290.11, -129.71)
(292.26, -137.15)
(66.51, -132.63)
(53.76, -133.46)
(50.33, -135.94)
(46.81, -138.05)
(43.50, -129.96)
(42.84, -132.61)
(43.59, -132.85)
(352.02, -139.26)
(355.26, -150.16)
(363.18, -156.47)
(357.78, -143.23)
(350.69, -152.44)
(352.29, -146.69)
(352.56, -139.18)
(81.39, -140.94)
(63.34, -146.71)
(61.57, -149.19)
(62.62, -148.81)
(62.89, -153.56)
(64.35, -152.93)
(65.86, -156.51)
(65.38, -158.23)
(65.34, -156.59)
(67.15, -151.31)
(67.53, -151.42)
(68.40, -152.30)
(67.08, -151.95)
(64.46, -150.46)
(63.47, -151.27)
(61.59, -146.05)
(61.24, -148.70)
(61.77, -147.84)
(282.81, -134.53)
(308.46, -127.02)
(320.88, -128.95)
(80.75, -125.12)
(63.83, -122.36)
(59.96, -121.90)
(54.57, -121.77)
(45.53, -120.60)
(100.11, -123.26)
(205.81, -121.97)
(217.73, -123.13)
(335.91, -142.55)
(348.97, -145.93)
(348.11, -143.36)
(339.86, -142.96)
(332.77, -141.70)
(329.19, -137.98)
(61.81, -121.98)
(56.28, -123.10)
(53.21, -121.67)
(53.60, -123.13)
(54.14, -128.11)
(55.04, -125.31)
(58.49, -127.61)
(61.40, -129.93)
(62.27, -135.74)
(63.17, -135.11)
(62.12, -135.33)
(61.69, -139.48)
(62.93, -144.36)
(63.05, -141.69)
(62.93, -138.96)
(65.04, -134.54)
(301.98, -143.23)
(317.48, -152.53)
(318.84, -146.81)
(317.52, -144.29)
(317.62, -139.58)
(317.19, -139.43)
(320.09, -141.03)
(316.41, -134.08)
(315.24, -134.99)
(318.37, -143.73)
(50.14, -108.16)
(47.31, -109.82)
(339.23, -150.64)
(360.92, -162.94)
(366.79, -170.38)
(370.69, -167.21)
(241.53, -159.21)
(40.13, -110.42)
(33.95, -114.86)
(32.43, -114.70)
(33.77, -114.74)
(50.38, -109.38)
(54.33, -115.60)
(56.85, -114.85)
(58.87, -118.83)
(61.75, -118.60)
(65.33, -116.64)
(65.89, -111.01)
(62.52, -115.17)
(62.10, -115.16)
(62.49, -117.21)
(62.48, -118.30)
(61.12, -121.55)
(63.34, -118.88)
(334.38, -170.71)
(327.59, -170.46)
(34.23, -154.99)
(-129.16, -153.26)
(-177.44, -139.80)
(47.34, -137.89)
(386.50, -148.06)
(388.57, -152.62)
(399.10, -169.45)
(65.94, -146.59)
(58.46, -139.84)
(49.03, -115.22)
(41.65, -116.92)
(268.17, -123.16)
(296.70, -129.12)
(70.10, -124.68)
(58.43, -122.68)
(52.14, -111.74)
(48.65, -114.57)
(48.72, -115.19)
(50.18, -125.18)
(49.65, -123.11)
(49.20, -122.70)
(49.55, -114.87)
(50.40, -118.53)
(49.61, -118.69)
(288.83, -133.00)
(300.39, -143.62)
(301.39, -145.87)
(299.41, -137.45)
(298.80, -137.81)
(297.96, -135.13)
(297.15, -135.50)
(296.36, -141.22)
(294.39, -140.83)
(89.37, -122.27)
(58.35, -107.77)
(58.46, -107.14)
(58.87, -109.66)
(266.18, -126.72)
(289.01, -137.26)
(293.13, -136.01)
(295.77, -138.70)
(296.58, -140.88)
(297.10, -142.62)
(297.48, -151.64)
(296.22, -147.90)
(301.30, -161.53)
(305.23, -179.54)
(307.05, -180.21)
(308.88, -179.32)
(309.70, -182.00)
(72.31, -114.56)
(48.16, -98.09)
(46.30, -103.52)
(44.25, -105.36)
(295.37, -112.54)
(311.67, -123.84)
(315.56, -127.44)
(314.75, -122.26)
(340.37, -191.87)
(354.31, -214.09)
(355.14, -216.45)
(114.82, -146.11)
(60.52, -108.43)
(58.97, -107.16)
(54.61, -106.17)
(51.34, -106.43)
(49.55, -103.69)
(93.17, -106.20)
(353.18, -134.72)
(362.16, -132.19)
(363.83, -137.61)
(358.08, -143.21)
(76.73, -140.19)
(69.33, -137.53)
(69.97, -137.51)
(68.65, -132.09)
(67.97, -135.61)
(68.14, -137.21)
(66.87, -138.73)
(57.77, -120.33)
(28.11, -38.44)
(25.34, -37.44)
(22.43, -41.46)
(18.75, -41.68)
(14.33, -44.32)
(86.79, -94.81)
(142.22, -139.83)
(147.51, -143.27)
(307.80, -155.75)
(341.73, -166.24)
(345.48, -163.93)
(345.97, -163.67)
(91.49, -123.94)
(30.88, -91.03)
(27.32, -93.67)
(28.26, -93.95)
(29.21, -100.43)
(29.98, -106.05)
(37.42, -106.49)
(42.49, -99.26)
(44.68, -100.99)
(48.25, -103.41)
(51.40, -107.81)
(53.07, -109.52)
(54.55, -111.94)
(55.18, -106.20)
(53.35, -105.85)
(270.45, -129.21)
(311.48, -153.91)
(314.37, -154.79)
(315.09, -154.65)
(312.78, -145.82)
(309.06, -151.14)
(164.16, -147.46)
(129.86, -146.25)
(129.35, -144.82)
(128.20, -146.78)
(127.57, -143.08)
(128.80, -147.03)
(231.89, -149.30)
(265.36, -153.04)
(268.23, -151.26)
(271.55, -156.19)
(273.83, -155.27)
(305.20, -165.83)
(310.10, -161.70)
(204.18, -142.95)
(56.65, -109.07)
(51.89, -108.76)
(50.08, -104.43)
(49.60, -108.05)
(45.47, -108.96)
(43.72, -112.37)
(43.63, -112.24)
(41.25, -114.77)
(58.84, -113.20)
(227.09, -127.35)
(233.98, -125.60)
(237.33, -128.25)
(289.66, -134.43)
(296.19, -143.09)
(297.71, -140.07)
(301.31, -142.64)
(301.63, -144.23)
(235.52, -142.79)
(55.69, -111.51)
(49.60, -115.34)
(47.16, -113.48)
(46.34, -107.01)
(46.93, -108.00)
(47.65, -107.76)
(47.30, -109.36)
(47.50, -114.03)
(47.14, -114.01)
(51.29, -115.98)
(54.71, -119.89)
(257.37, -138.44)
(266.99, -138.64)
(78.57, -126.60)
(70.82, -112.89)
(70.46, -114.94)
(66.83, -120.87)
(64.99, -125.00)
(-148.96, -221.35)
(-164.33, -234.10)
(-171.10, -226.91)
(27.28, -130.26)
(31.48, -126.45)
(-95.02, -195.87)
(-107.72, -209.93)
(-115.06, -220.08)
(-119.52, -220.46)
(20.71, -122.84)
(26.08, -104.91)
(26.84, -106.40)
(28.28, -106.90)
(28.58, -111.31)
(27.28, -110.64)
(27.82, -110.49)
(25.30, -110.48)
(29.36, -123.27)
(31.89, -122.94)
(32.66, -125.61)
(32.21, -121.91)
(33.02, -119.70)
(32.91, -114.65)
(34.16, -118.29)
(35.56, -117.97)
(36.01, -121.52)
(34.76, -116.44)
(30.56, -148.47)
(8.26, -169.11)
(6.61, -186.48)
(8.76, -193.26)
(9.45, -195.08)
(8.83, -189.20)
(1.54, -196.30)
(-92.77, -235.79)
(-111.41, -237.55)
(-131.40, -236.01)
(-140.28, -225.95)
(-141.64, -219.32)
(129.17, -49.34)
(82.62, -78.79)
(77.25, -88.43)
(48.12, -93.60)
(41.66, -110.35)
(39.39, -114.12)
(36.91, -115.74)
(36.91, -111.49)
(36.50, -112.35)
(34.22, -110.70)
(34.68, -114.16)
(34.97, -115.72)
(34.80, -117.64)
(32.87, -112.19)
(32.95, -115.43)
(32.09, -117.41)
(32.12, -120.12)
(31.46, -117.06)
(31.04, -115.96)
(31.12, -114.22)
(30.25, -115.01)
(29.61, -112.82)
(30.67, -115.02)
(31.88, -114.89)
(31.71, -118.27)
(25.92, 119.81)
(-1577.27, 15485.31)
(-1590.93, 15548.49)
(38.95, -41.29)
(63.76, -89.72)
(70.79, -81.83)
(64.27, -135.75)
(49.34, -168.21)
(64.99, -153.40)
(63.84, -167.34)
(59.23, -138.47)
(63.16, -139.75)
(63.17, -131.30)
(60.65, -129.42)
(-1531.96, 15682.49)
(47.94, -200.20)
(26.92, -165.62)
(30.43, -149.25)
(34.77, -144.65)
(36.75, -143.76)
(190.46, -141.96)
(321.32, -144.49)
(325.27, -139.95)
(322.45, -136.08)
(78.30, -101.98)
(62.11, -104.29)
(58.46, -102.36)
(58.81, -103.30)
(59.68, -104.68)
(59.22, -110.09)
(56.26, -110.47)
(56.47, -116.43)
(58.06, -118.09)
(60.93, -120.74)
(58.12, -116.42)
(56.65, -121.27)
(58.28, -117.71)
(147.93, -125.24)
(278.02, -133.37)
(190.49, -135.27)
(58.44, -134.64)
(57.50, -126.94)
(55.39, -125.53)
(54.35, -128.85)
(54.07, -129.04)
(54.53, -128.42)
(56.83, -131.51)
(57.50, -125.95)
(66.02, -127.87)
(198.44, -130.30)
(201.61, -134.13)
(201.66, -131.30)
(202.08, -133.40)
(201.92, -127.07)
(220.97, -134.45)
(282.22, -147.45)
(283.55, -148.27)
(74.11, -137.39)
(33.36, -121.81)
(33.79, -117.74)
(30.91, -117.63)
(27.39, -112.36)
(24.76, -111.49)
(21.91, -121.18)
(32.66, -129.34)
(39.56, -125.67)
(274.13, -133.58)
(285.40, -134.17)
(287.89, -138.75)
(287.43, -140.08)
(294.91, -133.16)
(314.96, -131.63)
(59.73, -124.40)
(49.92, -125.47)
(46.58, -125.64)
(44.65, -129.30)
(39.63, -130.08)
(41.29, -133.90)
(40.97, -136.21)
(42.75, -137.09)
(44.28, -133.85)
(44.59, -137.98)
(45.39, -138.05)
(46.87, -139.87)
(47.19, -140.67)
(50.36, -148.39)
(50.67, -148.12)
(51.35, -148.71)
(49.87, -144.24)
(52.78, -141.71)
(53.07, -140.15)
(-144.44, -239.97)
(-156.99, -246.57)
(-156.94, -255.47)
(-151.60, -249.61)
(13.65, -127.01)
(16.89, -109.99)
(-114.79, -254.62)
(-151.89, -301.66)
(-155.24, -314.03)
(-157.03, -314.24)
(-32.61, -187.66)
(22.52, -127.26)
(27.78, -127.41)
(28.37, -128.00)
(26.36, -131.44)
(21.29, -133.74)
(20.12, -126.07)
(19.52, -125.25)
(20.23, -127.46)
(19.13, -128.69)
(18.88, -128.67)
(19.29, -130.38)
(19.95, -123.57)
(20.38, -129.41)
(21.18, -127.46)
(22.20, -127.70)
(23.87, -127.87)
(27.08, -130.93)
(29.54, -128.88)
(30.60, -133.96)
(30.46, -135.41)
(34.35, -136.86)
(37.00, -135.53)
(37.93, -143.76)
(39.83, -139.80)
(38.95, -140.72)
(28.53, -134.92)
(23.05, -135.00)
(18.74, -130.57)
(-120.27, -242.52)
(-123.40, -248.29)
(-122.19, -254.24)
(-122.73, -253.80)
(-1.27, -123.14)
(13.35, -117.20)
(16.30, -112.29)
(20.22, -92.91)
(27.63, -96.02)
(29.44, -97.96)
(28.96, -102.37)
(31.73, -99.63)
(26.96, -95.92)
(26.69, -93.09)
(27.97, -103.44)
(22.54, -101.33)
(18.64, -105.24)
(18.42, -107.16)
(21.05, -129.50)
(31.43, -120.32)
(32.00, -121.61)
(30.31, -121.50)
(31.53, -124.58)
(27.74, -117.42)
(27.26, -129.39)
(28.77, -133.46)
(30.19, -135.23)
(32.84, -129.52)
(35.04, -132.51)
(34.14, -131.28)
(34.67, -129.33)
(34.40, -124.23)
(39.58, -126.44)
(-77.47, -161.63)
(-80.03, -188.75)
(-93.23, -188.12)
(-128.44, -257.72)
(-130.09, -260.69)
(7.78, -117.97)
(18.18, -98.79)
(17.32, -104.69)
(16.51, -107.31)
(23.75, -106.75)
(26.26, -108.08)
(31.93, -108.94)
(36.65, -106.25)
(34.18, -110.60)
(29.87, -103.35)
(29.54, -102.05)
(29.85, -94.76)
(29.83, -96.05)
(30.52, -100.11)
(31.13, -106.24)
(30.27, -103.66)
(31.04, -108.12)
(31.13, -103.74)
(30.89, -102.60)
(28.50, -100.47)
(25.28, -100.18)
(21.38, -99.38)
(20.92, -104.39)
(36.88, -111.05)
(46.24, -124.58)
(49.98, -124.56)
(52.05, -122.41)
(53.21, -123.96)
(51.89, -122.22)
(50.17, -117.29)
(50.07, -116.29)
(48.28, -114.40)
(35.81, -111.99)
(27.89, -110.32)
(-114.06, -209.74)
(-132.25, -247.98)
(-131.72, -251.76)
(-132.11, -254.48)
(-61.97, -165.84)
(-1.31, -94.67)
(3.93, -94.20)
(12.87, -97.76)
(16.94, -105.11)
(17.75, -106.41)
(19.45, -104.68)
(19.54, -106.87)
(22.54, -105.31)
(27.30, -103.21)
(28.23, -105.70)
(28.56, -106.56)
(28.87, -104.60)
(28.71, -109.13)
(28.00, -103.88)
(29.51, -105.11)
(31.49, -105.73)
(33.10, -106.41)
(33.75, -107.91)
(34.19, -112.44)
(31.97, -105.90)
(29.61, -106.96)
(32.83, -105.81)
(33.87, -112.17)
(36.37, -112.80)
(36.14, -120.01)
(36.49, -121.11)
(37.03, -123.62)
(36.57, -124.40)
(35.81, -125.77)
(197.12, -123.17)
(230.76, -112.48)
(265.59, -110.04)
(289.85, -114.69)
(292.58, -118.91)
(294.59, -121.43)
(70.20, -115.62)
(33.83, -125.75)
(26.32, -100.79)
(32.43, -103.72)
(32.86, -112.17)
(33.53, -121.95)
(33.92, -126.87)
(33.21, -129.30)
(30.35, -118.30)
(27.02, -120.26)
(27.74, -123.66)
(28.55, -126.56)
(24.74, -116.37)
(24.98, -115.01)
(27.30, -111.69)
(31.49, -116.02)
(34.25, -119.46)
(34.94, -113.98)
(35.81, -116.23)
(38.24, -113.78)
(37.96, -108.52)
(37.20, -104.99)
(38.72, -105.42)
(41.88, -109.76)
(45.09, -123.07)
(43.75, -122.85)
(43.97, -123.91)
(44.31, -125.96)
(128.48, -131.00)
(276.69, -132.10)
(281.52, -131.81)
(62.95, -121.13)
(39.98, -120.63)
(36.74, -114.87)
(38.16, -115.46)
(39.03, -114.35)
(40.05, -115.54)
(40.49, -104.48)
(41.24, -109.12)
(43.42, -116.58)
(45.48, -121.30)
(49.47, -121.53)
(47.39, -120.30)
(46.80, -111.08)
(45.40, -110.10)
(46.94, -111.46)
(48.91, -112.99)
(48.39, -111.48)
(46.02, -110.17)
(48.07, -111.41)
(48.81, -121.98)
(49.27, -122.70)
(47.56, -124.77)
(46.53, -125.15)
(43.77, -126.53)
(38.33, -121.69)
(38.40, -123.55)
(39.98, -123.82)
(42.96, -120.47)
(52.98, -118.19)
(52.45, -115.29)
(52.99, -113.68)
(52.87, -114.97)
(49.05, -116.35)
(48.70, -122.58)
(48.12, -124.04)
(46.00, -130.41)
(40.41, -125.65)
(41.13, -123.39)
(37.66, -116.76)
(30.31, -118.09)
(25.60, -117.57)
(22.49, -116.90)
(19.30, -120.93)
(27.41, -103.76)
(24.43, -114.98)
(52.14, -184.41)
(159.80, -102.78)
(155.81, -95.05)
(152.35, -107.79)
(149.62, -110.56)
(193.03, -117.21)
(297.80, -131.79)
(308.73, -138.33)
(65.52, -121.26)
(48.57, -120.23)
(47.08, -117.54)
(46.10, -122.50)
(252.04, -130.85)
(282.18, -140.02)
(285.25, -139.48)
(287.24, -144.49)
(287.02, -147.66)
(286.91, -151.59)
(288.52, -155.55)
(287.79, -156.99)
(286.64, -150.60)
(286.92, -152.64)
(285.15, -152.83)
(286.13, -158.86)
(286.17, -157.60)
(291.10, -161.79)
(295.30, -157.02)
(295.96, -156.81)
(294.98, -150.98)
(293.78, -148.12)
(294.86, -142.48)
(316.31, -156.38)
(318.82, -152.13)
(319.32, -151.26)
(37.11, -100.88)
(25.31, -105.15)
(25.34, -100.62)
(23.82, -102.49)
(32.57, -102.43)
(36.52, -105.13)
(39.49, -105.06)
(46.35, -109.68)
(47.19, -109.73)
(50.96, -116.91)
(51.96, -112.90)
(54.35, -117.51)
(57.07, -111.39)
(58.17, -112.69)
(59.38, -110.95)
(57.38, -116.41)
(53.75, -112.16)
(52.26, -115.32)
(50.71, -114.33)
(47.88, -117.81)
(46.21, -122.46)
(44.70, -128.07)
(44.89, -125.04)
(46.46, -128.42)
(47.22, -128.41)
(49.26, -128.64)
(50.20, -128.50)
(43.43, -123.94)
(-132.32, -210.54)
(-151.82, -213.79)
(-158.92, -213.56)
(-101.80, -212.32)
(-96.09, -214.94)
(-95.70, -212.20)
(-84.48, -199.49)
(21.67, -103.93)
(26.11, -104.64)
(29.69, -102.41)
(30.42, -106.09)
(-98.84, -139.59)
(-109.91, -167.57)
(-112.52, -167.84)
(-2.03, -109.66)
(16.06, -96.08)
(17.24, -101.73)
(16.85, -97.46)
(15.63, -102.89)
(15.15, -107.51)
(19.26, -113.69)
(22.71, -112.05)
(21.25, -110.27)
(21.02, -108.47)
(21.53, -112.02)
(22.47, -112.50)
(23.72, -110.62)
(24.01, -109.00)
(25.40, -117.33)
(24.97, -113.81)
(27.38, -111.16)
(31.65, -103.12)
(33.11, -110.57)
(33.71, -114.25)
(35.19, -117.25)
(30.62, -106.96)
(24.02, -111.01)
(17.87, -106.78)
(17.54, -107.43)
(11.96, -107.28)
(10.12, -109.78)
(10.02, -99.67)
(8.74, -101.77)
(8.29, -103.15)
(8.13, -103.04)
(8.29, -101.64)
(10.96, -109.62)
(13.02, -109.61)
(13.14, -106.16)
(18.64, -111.58)
(26.13, -111.92)
(30.81, -114.32)
(31.45, -116.40)
(30.73, -116.92)
(30.61, -113.57)
(29.21, -113.34)
(24.18, -110.66)
(22.91, -117.12)
(23.24, -120.48)
(23.23, -119.50)
(24.40, -114.06)
(26.41, -113.71)
(29.72, -115.98)
(32.65, -123.50)
(33.32, -118.55)
(35.13, -119.05)
(37.33, -118.22)
(37.07, -114.70)
(36.99, -116.11)
(36.63, -120.73)
(37.45, -124.55)
(29.62, -122.07)
(19.03, -119.07)
(-124.30, -216.09)
(-146.11, -237.80)
(-151.47, -238.85)
(-124.51, -230.86)
(13.27, -103.36)
(14.83, -104.78)
(20.51, -116.23)
(33.26, -102.68)
(32.58, -101.12)
(31.71, -97.91)
(31.58, -100.72)
(33.05, -111.37)
(33.18, -110.50)
(32.19, -112.23)
(32.61, -113.28)
(33.47, -116.02)
(32.98, -119.13)
(30.47, -121.71)
(27.58, -119.47)
(-169.18, -216.85)
(-178.44, -231.95)
(-186.86, -235.55)
(-4.77, -153.10)
(4.15, -127.14)
(9.94, -120.89)
(16.77, -123.44)
(29.98, -121.95)
(37.35, -119.28)
(41.48, -120.06)
(42.94, -111.28)
(42.44, -115.66)
(45.85, -115.22)
(-52.71, -176.47)
(-94.92, -194.48)
(-103.94, -201.71)
(-109.60, -194.74)
(-107.00, -204.39)
(-105.00, -210.73)
(-105.76, -214.85)
(-6.06, -120.13)
(13.95, -106.79)
(16.06, -96.82)
(19.28, -101.67)
(20.35, -101.96)
(-138.64, -289.95)
(-138.90, -304.64)
(-140.77, -308.26)
(-127.99, -273.84)
(-2.18, -111.62)
(2.38, -94.64)
(8.63, -98.63)
(19.98, -102.13)
(29.61, -108.93)
(30.34, -102.17)
(32.22, -105.99)
(34.71, -109.58)
(38.42, -114.92)
(39.29, -116.69)
(37.39, -116.37)
(36.42, -112.10)
(33.28, -109.62)
(31.35, -107.88)
(32.33, -112.24)
(34.76, -113.99)
(35.25, -111.19)
(15.58, -84.47)
(9.77, -83.00)
(18.66, -85.67)
(49.24, -118.76)
(56.22, -126.46)
(53.99, -134.52)
(57.23, -122.05)
(56.62, -119.87)
(76.00, -118.54)
(298.65, -127.81)
(305.53, -132.70)
(309.74, -131.41)
(297.73, -123.07)
(45.37, -116.16)
(40.69, -114.12)
(36.50, -145.01)
(37.26, -121.06)
(34.86, -103.90)
(32.99, -106.22)
(30.25, -109.64)
(217.81, -127.40)
(230.35, -133.74)
(231.49, -135.12)
(228.24, -137.22)
(226.69, -134.75)
(76.11, -134.39)
(66.29, -135.25)
(65.25, -140.65)
(61.19, -139.39)
(54.14, -127.18)
(50.42, -115.53)
(53.45, -121.92)
(54.70, -126.64)
(52.31, -124.40)
(53.68, -126.13)
(53.43, -124.69)
(50.07, -122.49)
(48.65, -123.28)
(50.37, -126.72)
(50.97, -130.63)
(50.93, -138.31)
(47.54, -135.81)
(46.17, -133.06)
(236.41, -135.89)
(244.84, -131.53)
(246.78, -117.61)
(238.49, -112.21)
(231.64, -104.67)
(233.31, -101.32)
(86.61, -115.53)
(42.85, -125.73)
(42.93, -128.49)
(41.26, -135.32)
(35.22, -129.23)
(34.02, -121.02)
(35.14, -123.30)
(35.45, -122.60)
(36.04, -122.21)
(36.48, -126.21)
(34.99, -126.28)
(35.00, -124.38)
(34.11, -120.80)
(33.84, -120.71)
(33.80, -120.76)
(45.60, -123.73)
(56.67, -121.31)
(58.56, -119.82)
(58.22, -114.19)
(57.31, -108.05)
(53.68, -101.78)
(44.78, -105.11)
(40.70, -100.21)
(40.49, -105.79)
(40.68, -110.07)
(42.38, -116.70)
(44.36, -118.72)
(46.56, -128.98)
(47.05, -121.67)
(48.05, -122.67)
(49.82, -128.58)
(49.87, -139.29)
(49.76, -140.94)
(50.00, -140.38)
(49.61, -127.79)
(50.72, -136.44)
(50.16, -136.53)
(49.52, -136.87)
(41.97, -128.72)
(33.75, -123.26)
(24.60, -108.52)
(22.35, -111.95)
(22.40, -113.18)
(23.30, -114.14)
(-153.91, -240.02)
(-163.11, -252.58)
(-163.83, -243.92)
(-1.65, -147.88)
(27.52, -125.78)
(31.66, -140.27)
(36.11, -109.04)
(37.63, -111.67)
(35.13, -110.26)
(33.17, -112.91)
(31.53, -113.03)
(29.84, -113.66)
(-117.88, -242.72)
(-127.08, -248.32)
(-120.89, -248.52)
(8.99, -141.20)
(31.45, -111.60)
(34.01, -110.51)
(35.08, -116.08)
(34.76, -119.53)
(39.02, -114.75)
(43.49, -116.68)
(49.72, -120.19)
(53.48, -121.80)
(56.73, -130.58)
(56.59, -131.26)
(56.91, -137.52)
(-51.66, -180.18)
(-76.38, -207.18)
(-84.85, -216.71)
(-90.28, -218.71)
(-92.08, -210.93)
(-8.80, -127.22)
(18.16, -118.69)
(21.88, -121.31)
(23.08, -120.53)
(24.21, -121.67)
(24.30, -117.45)
(25.35, -116.42)
(29.60, -117.79)
(31.69, -121.79)
(31.40, -121.81)
(31.10, -122.80)
(27.95, -119.43)
(25.39, -119.35)
(22.92, -119.00)
(23.53, -125.58)
(127.65, -103.52)
(136.02, -95.58)
(138.40, -83.45)
(142.04, -87.80)
(141.08, -88.16)
(59.02, -98.56)
(23.83, -109.97)
(18.99, -120.07)
(29.00, -99.43)
(-2200.59, 18979.64)
(-2200.67, 18920.77)
(-2155.18, 18640.34)
(126.92, 441.32)
(67.73, -110.36)
(55.67, -118.71)
(55.25, -125.26)
(54.50, -129.07)
(56.36, -135.96)
(51.53, -132.29)
(54.03, -137.70)
(55.74, -137.14)
(55.52, -131.37)
(33.95, -104.59)
(27.55, -102.43)
(28.47, -103.15)
(25.66, -105.63)
(19.62, -104.49)
(30.31, -106.03)
(40.45, -107.89)
(37.27, -110.28)
(34.96, -107.79)
(37.42, -110.47)
(38.50, -108.27)
(37.11, -106.67)
(34.86, -105.83)
(33.79, -111.47)
(33.31, -112.53)
(31.91, -114.69)
(37.55, -115.47)
(36.86, -121.01)
(35.50, -122.55)
(37.83, -128.94)
(38.46, -130.08)
(35.44, -125.77)
(21.10, -113.30)
(18.77, -115.12)
(25.55, -119.46)
(26.73, -120.64)
(25.32, -122.17)
(31.02, -124.68)
(36.10, -115.50)
(40.48, -117.91)
(42.10, -116.11)
(44.18, -123.25)
(47.26, -130.69)
(43.15, -125.68)
(46.37, -120.94)
(41.23, -121.45)
(34.55, -119.82)
(25.26, -120.34)
(22.57, -121.10)
(19.17, -114.68)
(17.28, -114.51)
(17.72, -114.27)
(22.23, -112.40)
(24.70, -109.67)
(24.55, -110.58)
(23.66, -104.39)
(23.47, -104.91)
(21.42, -106.13)
(22.18, -115.27)
(23.90, -115.67)
(26.66, -117.26)
(30.50, -117.25)
(31.60, -118.64)
(30.87, -119.20)
(30.12, -122.36)
(35.32, -127.78)
(38.76, -130.10)
(44.58, -124.92)
(46.21, -126.53)
(48.09, -125.60)
(49.43, -127.28)
(40.62, -134.01)
(35.09, -135.94)
(31.22, -133.34)
(32.56, -138.02)
(33.62, -138.06)
(34.30, -139.08)
(40.45, -136.38)
(40.60, -127.03)
(32.90, -123.19)
(251.73, -118.70)
(279.95, -115.95)
(41.97, -112.71)
(34.18, -111.15)
(30.11, -108.45)
(304.29, -124.87)
(318.26, -134.80)
(323.94, -141.07)
(100.42, -139.01)
(35.43, -123.94)
(31.03, -113.62)
(30.38, -114.60)
(30.91, -114.19)
(37.21, -117.13)
(44.31, -115.25)
(48.40, -118.45)
(48.61, -115.89)
(51.35, -114.30)
(50.13, -114.58)
(51.09, -119.52)
(49.39, -119.67)
(49.75, -123.35)
(50.37, -117.96)
(51.16, -115.79)
(51.74, -114.09)
(50.97, -119.33)
(50.96, -118.53)
(53.19, -117.70)
(54.53, -111.85)
(56.44, -117.71)
(53.98, -119.24)
(53.52, -127.43)
(105.42, -129.35)
(215.17, -127.98)
(221.28, -111.87)
(220.11, -110.71)
(218.04, -108.11)
(42.34, -111.29)
(30.68, -113.53)
(30.93, -120.59)
(30.82, -117.35)
(30.54, -119.90)
(31.27, -120.63)
(33.79, -127.04)
(37.07, -124.68)
(41.68, -125.46)
(42.73, -119.83)
(42.90, -120.76)
(42.11, -120.08)
(42.20, -118.75)
(41.44, -118.32)
(39.94, -122.90)
(39.14, -122.16)
(37.68, -116.27)
(39.72, -115.59)
(40.90, -114.97)
(39.77, -115.86)
(38.87, -119.07)
(32.89, -120.60)
(32.22, -114.04)
(31.09, -112.65)
(33.11, -116.48)
(38.06, -127.19)
(40.13, -132.79)
(41.72, -132.73)
(43.85, -130.52)
(43.66, -132.39)
(44.82, -131.64)
(44.04, -136.09)
(44.83, -135.10)
(38.40, -131.73)
(26.94, -112.45)
(20.64, -113.95)
(18.83, -110.18)
(25.36, -112.32)
(29.84, -114.89)
(31.32, -118.35)
(32.41, -112.35)
(33.00, -114.61)
(33.91, -114.68)
(38.26, -124.30)
(37.52, -128.98)
(35.16, -129.75)
(33.35, -122.86)
(33.28, -124.23)
(35.69, -124.25)
(36.89, -124.49)
(38.58, -124.64)
(40.04, -124.65)
(41.86, -120.87)
(44.87, -125.03)
(47.36, -127.65)
(48.06, -129.10)
(48.18, -132.03)
(47.94, -128.66)
(45.44, -112.59)
(46.01, -114.91)
(47.01, -114.45)
(49.09, -117.74)
(52.31, -122.84)
(52.73, -129.02)
(52.86, -126.18)
(52.55, -127.97)
(53.61, -129.65)
(233.64, -140.69)
(245.11, -146.24)
(244.60, -144.31)
(201.24, -131.10)
(44.66, -126.93)
(40.92, -126.62)
(42.46, -127.07)
(42.58, -128.65)
(43.65, -129.04)
(44.04, -123.73)
(46.86, -124.38)
(260.19, -127.30)
(286.42, -123.64)
(293.15, -128.93)
(74.88, -123.44)
(54.46, -116.64)
(49.71, -118.15)
(48.51, -124.37)
(47.04, -128.34)
(49.51, -153.06)
(56.34, -121.35)
(67.71, -126.92)
(64.43, -122.70)
(60.30, -116.19)
(55.93, -112.95)
(51.59, -112.07)
(45.42, -103.28)
(42.46, -102.81)
(42.65, -107.44)
(40.88, -117.00)
(42.86, -110.97)
(51.18, -125.61)
(54.29, -126.59)
(-67.85, -165.13)
(-123.46, -221.20)
(-124.87, -216.25)
(-125.42, -209.59)
(-131.16, -206.83)
(-119.13, -216.68)
(32.42, -94.72)
(29.85, -101.10)
(20.16, -94.18)
(17.06, -99.24)
(21.08, -112.35)
(26.27, -123.65)
(26.06, -116.49)
(28.72, -119.18)
(31.64, -125.19)
(-152.51, -298.43)
(-2.59, -138.87)
(19.28, -128.38)
(25.25, -123.93)
(27.47, -121.49)
(28.22, -109.99)
(26.89, -113.91)
(28.48, -115.42)
(29.23, -113.91)
(29.60, -113.29)
(30.84, -113.73)
(32.39, -118.54)
(36.02, -123.44)
(38.44, -130.31)
(41.14, -129.50)
(41.69, -129.22)
(41.77, -127.27)
(42.87, -134.27)
(42.71, -138.67)
(-65.87, -214.03)
(-86.96, -225.98)
(-101.17, -222.17)
(-104.70, -218.55)
(-102.50, -216.54)
(-94.26, -215.39)
(7.01, -124.34)
(12.01, -110.41)
(15.94, -101.99)
(17.88, -106.75)
(17.94, -108.89)
(17.29, -112.05)
(17.39, -112.50)
(19.34, -118.13)
(19.35, -117.95)
(18.63, -117.77)
(16.99, -118.15)
(16.79, -119.40)
(15.49, -118.99)
(17.83, -121.97)
(25.56, -124.23)
(28.26, -120.62)
(29.95, -122.17)
(31.94, -126.85)
(32.82, -126.82)
(32.37, -127.07)
(32.60, -126.13)
(33.72, -125.22)
(33.44, -131.86)
(38.82, -146.87)
(44.11, -148.45)
(44.29, -144.35)
(42.01, -131.84)
(34.38, -120.16)
(24.92, -120.02)
(-139.18, -219.46)
(-152.49, -235.44)
(-158.98, -239.01)
(2.37, -139.75)
(17.67, -110.63)
(26.99, -111.71)
(27.49, -93.85)
(26.30, -131.77)
(43.01, -114.41)
(45.03, -114.69)
(44.84, -108.92)
(45.15, -114.36)
(44.00, -117.91)
(45.44, -128.86)
(45.54, -132.63)
(44.97, -133.73)
(44.40, -125.75)
(42.51, -124.31)
(41.38, -123.67)
(42.46, -126.62)
(43.46, -127.04)
(43.65, -127.59)
(43.00, -118.82)
(42.98, -121.23)
(45.34, -122.86)
(46.80, -125.02)
(46.31, -123.64)
(46.05, -124.37)
(46.64, -120.73)
(46.47, -127.17)
(43.38, -122.04)
(-4.05, -145.86)
(-63.24, -181.53)
(-84.50, -192.29)
(-88.36, -188.09)
(-93.30, -186.57)
(-3.76, -136.84)
(18.08, -118.38)
(21.47, -118.53)
(21.63, -118.58)
(21.33, -118.57)
(20.42, -108.77)
(20.09, -110.71)
(20.02, -109.53)
(20.02, -110.53)
(21.69, -113.21)
(24.30, -121.00)
(23.50, -117.03)
(23.09, -117.35)
(21.85, -114.64)
(23.94, -119.64)
(27.46, -120.23)
(31.27, -129.36)
(35.27, -132.03)
(35.71, -125.12)
(36.49, -125.38)
(37.06, -123.80)
(36.59, -124.91)
(36.01, -124.66)
(35.67, -129.98)
(33.93, -126.83)
(34.04, -128.91)
(34.62, -128.02)
(37.34, -129.39)
(40.48, -125.15)
(44.10, -126.78)
(43.97, -126.42)
(42.63, -122.41)
(31.37, -122.75)
(24.58, -118.92)
(23.32, -121.82)
(22.49, -121.67)
(19.57, -123.02)
(22.83, -115.83)
(29.15, -118.75)
(29.44, -119.49)
(29.93, -121.61)
(29.90, -119.95)
(29.85, -120.98)
(30.23, -123.47)
(29.89, -114.85)
(30.43, -116.61)
(32.24, -118.07)
(34.15, -122.36)
(33.85, -124.01)
(33.03, -130.65)
(32.62, -124.24)
(32.17, -118.93)
(32.53, -119.95)
(33.50, -119.88)
(34.36, -119.48)
(33.86, -121.74)
(34.24, -121.79)
(33.59, -116.18)
(32.71, -118.28)
(32.80, -117.46)
(33.03, -122.20)
(33.09, -124.09)
(34.41, -124.43)
(40.34, -117.93)
(44.46, -118.81)
(46.90, -119.19)
(46.60, -121.85)
(35.59, -117.02)
(27.90, -112.09)
(25.80, -103.65)
(24.40, -98.40)
(23.96, -100.18)
(23.75, -100.25)
(23.32, -100.85)
(23.18, -102.41)
(23.51, -102.87)
(22.44, -98.57)
(22.76, -106.66)
(22.62, -104.14)
(23.15, -108.54)
(23.08, -106.73)
(22.88, -110.26)
(26.16, -103.49)
(29.52, -104.73)
(31.39, -104.54)
(32.23, -107.14)
(32.52, -108.83)
(32.96, -114.38)
(32.88, -112.72)
(34.03, -108.93)
(35.56, -109.82)
(35.42, -110.06)
(34.54, -113.18)
(31.86, -105.45)
(34.64, -112.52)
(34.66, -106.06)
(36.49, -106.62)
(37.20, -107.11)
(38.56, -108.80)
(39.44, -112.26)
(38.21, -115.48)
(41.01, -114.93)
(42.82, -118.28)
(40.42, -116.03)
(41.31, -116.92)
(31.64, -112.75)
(262.37, -112.59)
(266.68, -106.99)
(266.55, -102.90)
(40.04, -101.16)
(23.07, -121.03)
(28.45, -87.59)
(27.19, -137.55)
(38.59, -99.95)
(44.95, -103.05)
(44.03, -105.27)
(45.31, -108.41)
(46.95, -112.62)
(46.20, -112.93)
(43.92, -104.53)
(43.42, -106.67)
(43.12, -109.02)
(41.40, -115.78)
(44.72, -119.13)
(51.23, -122.53)
(51.00, -110.87)
(52.52, -113.20)
(52.82, -110.51)
(54.91, -110.98)
(54.52, -111.74)
(53.24, -116.26)
(51.85, -114.09)
(52.50, -112.16)
(50.89, -112.40)
(50.91, -113.03)
(52.09, -114.29)
(52.01, -120.23)
(53.02, -122.86)
(53.12, -121.08)
(51.69, -122.49)
(45.91, -119.04)
(38.71, -118.09)
(32.82, -118.90)
(29.27, -117.51)
(28.37, -105.47)
(27.74, -108.82)
(26.27, -110.66)
(25.66, -113.68)
(26.32, -113.65)
(27.85, -116.24)
(28.75, -114.25)
(29.25, -114.88)
(30.20, -114.11)
(30.47, -114.94)
(33.29, -116.25)
(34.17, -116.38)
(34.23, -113.13)
(34.04, -110.84)
(38.52, -112.63)
(38.28, -114.32)
(40.75, -115.58)
(42.93, -123.35)
(42.93, -123.24)
(41.74, -116.73)
(42.74, -117.59)
(43.45, -120.03)
(42.18, -120.86)
(40.82, -119.35)
(40.79, -118.54)
(40.86, -111.77)
(41.65, -111.52)
(42.97, -113.36)
(44.17, -114.48)
(40.34, -113.76)
(24.41, -107.52)
(17.15, -93.93)
(17.28, -96.96)
(20.49, -100.62)
(24.80, -105.80)
(27.70, -102.69)
(28.24, -103.30)
(26.38, -98.80)
(25.91, -100.84)
(27.42, -110.82)
(31.10, -116.97)
(34.49, -112.45)
(30.54, -104.42)
(28.27, -100.13)
(26.05, -108.23)
(22.84, -111.50)
(22.49, -116.18)
(22.57, -113.35)
(22.78, -111.73)
(27.35, -109.14)
(39.01, -110.78)
(43.75, -107.44)
(42.86, -109.05)
(38.16, -117.12)
(34.16, -116.63)
(33.63, -112.83)
(34.44, -115.29)
(35.71, -120.43)
(37.68, -129.06)
(38.73, -130.82)
(37.32, -128.33)
(43.87, -120.79)
(51.72, -121.89)
(57.70, -128.33)
(59.01, -128.80)
(49.27, -129.49)
(40.36, -125.35)
(38.33, -109.02)
(29.08, -101.70)
(24.76, -99.77)
(27.64, -105.53)
(30.30, -116.49)
(29.44, -116.53)
(30.02, -112.99)
(31.74, -116.94)
(31.92, -115.84)
(32.38, -118.45)
(35.85, -120.17)
(35.73, -122.03)
(34.60, -117.83)
(36.22, -124.13)
(35.66, -124.25)
(35.85, -127.73)
(35.59, -126.59)
(37.31, -129.84)
(37.96, -129.19)
(39.20, -125.84)
(39.81, -129.04)
(41.07, -126.09)
(41.34, -125.17)
(41.73, -124.80)
(39.97, -125.68)
(36.80, -122.95)
(36.18, -129.25)
(37.07, -133.07)
(38.74, -142.43)
(39.38, -147.14)
(40.52, -145.10)
(193.02, -104.99)
(204.84, -110.99)
(75.16, -115.82)
(20.47, -122.85)
(19.32, -125.06)
(26.99, -128.61)
(33.61, -128.29)
(36.04, -128.87)
(35.97, -132.53)
(56.27, -81.05)
(57.73, -95.46)
(60.82, -112.48)
(52.94, -110.03)
(48.14, -109.49)
(44.54, -111.25)
(41.38, -114.39)
(44.93, -117.85)
(49.16, -115.40)
(50.67, -115.50)
(50.28, -114.56)
(49.13, -115.81)
(49.50, -116.48)
(51.30, -116.21)
(50.41, -116.28)
(56.40, -116.86)
(57.51, -119.44)
(61.51, -118.91)
(62.89, -119.01)
(58.60, -118.34)
(56.76, -118.57)
(62.81, -127.04)
(61.15, -135.35)
(63.01, -135.36)
(64.66, -139.24)
(59.89, -132.99)
(59.96, -130.54)
(53.19, -125.22)
(49.63, -125.32)
(39.01, -123.01)
(36.48, -122.03)
(38.00, -112.39)
(38.74, -116.02)
(39.00, -114.47)
(38.81, -116.74)
(37.15, -115.58)
(36.78, -117.79)
(35.40, -115.61)
(35.63, -119.00)
(36.90, -118.78)
(37.16, -118.32)
(37.92, -117.69)
(38.90, -120.67)
(38.58, -119.66)
(37.90, -116.44)
(44.21, -115.22)
(50.35, -113.07)
(53.43, -118.14)
(46.94, -120.96)
(41.92, -121.84)
(38.14, -114.65)
(37.66, -114.05)
(61.58, -113.94)
(73.77, -118.08)
(76.51, -119.70)
(79.64, -124.76)
(80.58, -123.38)
(65.47, -114.96)
(50.03, -115.64)
(47.42, -121.52)
(42.46, -122.65)
(38.39, -120.38)
(28.61, -117.50)
(21.93, -109.53)
(20.19, -103.40)
(19.27, -101.19)
(20.53, -103.15)
(16.64, -101.34)
(14.71, -101.44)
(19.23, -109.28)
(24.07, -109.16)
(21.72, -105.67)
(23.23, -104.95)
(25.14, -108.43)
(26.83, -108.34)
(27.80, -107.80)
(28.46, -108.64)
(27.07, -105.63)
(28.54, -106.61)
(30.35, -106.16)
(33.96, -107.80)
(36.40, -108.50)
(36.15, -113.69)
(34.80, -110.93)
(32.19, -108.14)
(29.77, -108.35)
(28.83, -109.22)
(27.62, -109.93)
(27.34, -114.56)
(30.61, -121.12)
(32.67, -118.90)
(34.65, -117.75)
(37.84, -118.79)
(42.17, -124.01)
(41.31, -124.05)
(42.70, -124.69)
(41.81, -128.55)
(31.91, -118.18)
(24.52, -115.65)
(21.18, -112.30)
(21.11, -116.81)
(-67.69, -151.11)
(-150.63, -211.21)
(-156.62, -212.04)
(-164.06, -206.72)
(14.17, -83.50)
(20.63, -86.36)
(20.06, -82.85)
(17.36, -87.14)
(15.57, -94.54)
(15.30, -95.85)
(15.26, -100.32)
(14.09, -101.04)
(19.11, -107.27)
(-1.36, -131.86)
(-167.63, -283.96)
(-169.04, -286.15)
(-178.88, -285.86)
(-180.67, -294.71)
(-176.94, -298.76)
(-80.78, -237.58)
(77.84, -108.28)
(113.80, -101.15)
(193.75, -22.31)
(190.27, -24.61)
(53.81, -100.04)
(42.18, -121.22)
(41.38, -128.67)
(41.93, -134.59)
(41.37, -128.14)
(41.64, -128.20)
(45.23, -131.86)
(39.18, -129.36)
(33.36, -124.02)
(-21.35, -131.73)
(-117.10, -222.56)
(-116.66, -232.58)
(-56.55, -178.43)
(9.28, -120.83)
(15.25, -113.80)
(14.19, -113.97)
(17.54, -108.14)
(20.10, -112.17)
(23.17, -112.49)
(24.12, -112.97)
(23.98, -115.31)
(22.66, -121.26)
(22.23, -118.67)
(22.66, -121.00)
(23.47, -122.27)
(23.63, -125.01)
(22.22, -128.22)
(21.09, -128.02)
(21.20, -121.90)
(24.26, -122.71)
(25.27, -120.34)
(27.51, -120.12)
(28.17, -123.60)
(27.52, -124.98)
(29.43, -123.65)
(28.11, -127.62)
(28.52, -123.81)
(27.51, -123.25)
(-56.98, -189.55)
(-91.86, -214.75)
(-91.27, -218.50)
(-89.00, -226.50)
(-83.22, -229.12)
(-28.60, -177.31)
(19.56, -129.90)
(18.57, -121.79)
(17.78, -110.93)
(15.19, -111.87)
(14.04, -106.66)
(14.15, -113.11)
(15.19, -116.03)
(15.50, -114.36)
(22.42, -107.10)
(27.21, -110.85)
(28.99, -113.22)
(29.99, -114.16)
(32.07, -116.96)
(32.54, -118.94)
(31.10, -113.06)
(31.44, -114.56)
(32.51, -115.10)
(35.85, -119.55)
(37.13, -119.12)
(35.47, -116.90)
(36.55, -106.39)
(39.41, -110.34)
(40.52, -110.82)
(39.54, -112.56)
(37.66, -114.07)
(35.10, -119.60)
(32.30, -116.26)
(33.34, -123.86)
(38.89, -132.09)
(44.44, -135.38)
(48.69, -139.85)
(52.14, -148.95)
(51.91, -137.92)
(51.77, -138.05)
(54.34, -140.00)
(54.62, -140.66)
(53.67, -137.71)
(42.94, -137.97)
(32.95, -126.16)
(24.25, -112.21)
(24.79, -109.20)
(20.65, -111.20)
(19.68, -111.11)
(17.89, -109.03)
(18.87, -100.91)
(20.51, -109.55)
(57.74, -53.31)
(16.84, -115.88)
(16.55, -128.89)
(17.48, -129.75)
(25.28, -126.90)
(40.00, -115.87)
(43.87, -120.81)
(44.57, -120.84)
(45.08, -125.79)
(36.83, -116.49)
(35.21, -111.98)
(35.85, -111.37)
(33.32, -109.40)
(36.11, -105.95)
(36.55, -104.93)
(38.46, -101.94)
(43.59, -107.10)
(48.30, -116.58)
(47.76, -115.87)
(47.43, -110.36)
(47.98, -112.15)
(45.25, -113.71)
(44.57, -117.64)
(47.72, -124.99)
(47.38, -125.20)
(44.87, -127.97)
(41.46, -127.22)
(-80.14, -182.63)
(-95.83, -197.49)
(-100.34, -203.05)
(-101.85, -201.76)
(-103.05, -203.27)
(11.26, -146.67)
(31.07, -136.79)
(32.19, -129.73)
(31.86, -128.24)
(32.50, -122.02)
(13.56, -134.12)
(-172.04, -263.15)
(-174.02, -276.46)
(-178.88, -280.57)
(-148.75, -257.13)
(11.24, -122.04)
(16.49, -124.50)
(18.20, -123.10)
(19.10, -130.41)
(16.86, -130.01)
(23.00, -125.73)
(27.27, -108.89)
(35.29, -115.72)
(35.24, -118.61)
(36.69, -124.58)
(39.12, -121.35)
(38.77, -122.91)
(38.49, -121.28)
(39.48, -120.95)
(40.34, -123.42)
(42.45, -128.08)
(46.56, -123.95)
(45.40, -125.35)
(45.70, -120.26)
(44.23, -119.92)
(35.35, -112.23)
(-48.71, -196.88)
(-110.86, -283.83)
(-115.60, -290.31)
(-6.12, -164.25)
(32.88, -116.61)
(34.90, -111.69)
(35.91, -112.89)
(29.17, -138.54)
(24.18, -106.82)
(40.39, -99.97)
(59.77, -102.59)
(58.27, -112.03)
(62.54, -123.43)
(62.89, -127.99)
(55.87, -123.32)
(50.74, -118.61)
(50.32, -111.90)
(51.05, -109.59)
(48.96, -107.40)
(49.71, -114.11)
(46.31, -117.47)
(50.61, -111.66)
(51.57, -110.78)
(51.06, -114.27)
(50.37, -110.22)
(44.48, -112.30)
(43.07, -116.10)
(41.69, -111.73)
(41.02, -111.66)
(40.80, -114.56)
(38.19, -117.79)
(40.15, -131.37)
(43.45, -128.35)
(43.74, -126.41)
(31.20, -127.32)
(23.03, -125.71)
(24.29, -115.97)
(26.80, -116.90)
(24.72, -114.39)
(24.74, -107.68)
(25.17, -108.12)
(27.85, -115.03)
(29.75, -113.31)
(30.09, -121.80)
(32.02, -121.91)
(41.95, -121.10)
(42.18, -125.94)
(42.51, -131.65)
(41.58, -134.75)
(44.21, -135.19)
(44.17, -140.26)
(50.63, -128.90)
(54.02, -127.51)
(63.23, -137.40)
(65.34, -138.46)
(63.37, -138.61)
(59.05, -132.80)
(57.29, -125.81)
(59.42, -122.08)
(58.25, -125.10)
(57.59, -128.12)
(53.90, -131.70)
(55.72, -134.80)
(57.68, -136.97)
(58.92, -136.47)
(-922.00, 392.54)
(-908.41, 390.37)
(22.09, -26.94)
(27.05, -54.91)
(-914.94, 377.42)
(74.26, -132.53)
(73.49, -147.68)
(69.24, -161.76)
(52.32, -149.18)
(49.53, -136.77)
(48.13, -136.49)
(47.88, -138.08)
(47.25, -139.45)
(48.43, -139.36)
(283.38, -143.32)
(297.36, -145.10)
(106.04, -124.02)
(45.37, -99.44)
(34.22, -100.06)
(36.19, -109.41)
(40.69, -113.71)
(46.72, -116.42)
(52.52, -111.40)
(51.55, -111.84)
(53.50, -112.94)
(52.98, -111.91)
(52.94, -108.30)
(55.32, -114.52)
(57.47, -115.50)
(57.40, -120.80)
(57.08, -124.44)
(55.69, -123.94)
(55.98, -123.84)
(56.56, -125.68)
(61.77, -130.87)
(61.46, -133.35)
(62.20, -132.48)
(66.10, -124.28)
(66.24, -118.25)
(67.98, -116.58)
(65.79, -110.58)
(63.19, -103.45)
(61.71, -105.19)
(58.64, -101.95)
(57.15, -102.36)
(52.78, -104.41)
(52.13, -110.55)
(50.60, -111.38)
(47.23, -116.45)
(42.97, -110.63)
(44.03, -118.13)
(223.41, -120.03)
(239.68, -122.79)
(242.53, -123.82)
(239.37, -120.33)
(228.51, -100.82)
(233.08, -108.69)
(236.92, -114.95)
(83.70, -116.93)
(54.17, -114.99)
(48.17, -116.56)
(46.90, -112.62)
(47.86, -116.56)
(48.87, -118.21)
(57.29, -121.67)
(63.17, -123.02)
(60.26, -126.31)
(59.61, -123.75)
(64.29, -121.19)
(62.81, -117.35)
(57.90, -111.24)
(57.54, -100.04)
(55.91, -104.48)
(55.25, -97.81)
(59.59, -104.32)
(58.04, -104.76)
(58.12, -109.18)
(56.18, -113.26)
(55.66, -126.96)
(60.31, -128.75)
(63.04, -129.41)
(64.72, -129.48)
(67.04, -134.06)
(65.11, -130.87)
(64.62, -128.55)
(238.24, -116.37)
(250.76, -114.31)
(83.12, -110.54)
(52.80, -110.68)
(49.14, -109.33)
(46.34, -110.52)
(255.29, -112.45)
(269.45, -120.05)
(269.66, -119.85)
(48.66, -119.67)
(40.13, -121.85)
(35.75, -123.16)
(35.14, -117.85)
(35.43, -122.21)
(35.05, -123.96)
(37.71, -123.90)
(38.93, -125.73)
(39.13, -124.09)
(39.06, -115.60)
(38.05, -116.24)
(36.82, -118.27)
(69.31, -123.88)
(98.59, -126.04)
(100.51, -126.71)
(103.62, -122.44)
(104.15, -120.55)
(107.20, -120.22)
(107.92, -118.55)
(107.32, -120.17)
(106.64, -121.23)
(107.86, -126.30)
(108.87, -128.96)
(108.68, -134.99)
(248.96, -143.02)
(274.54, -147.83)
(274.42, -128.25)
(91.74, -120.48)
(42.50, -113.75)
(41.64, -113.21)
(37.25, -111.54)
(269.04, -119.75)
(291.27, -124.43)
(292.52, -130.03)
(295.55, -135.04)
(98.52, -128.80)
(36.86, -112.33)
(35.16, -114.63)
(31.82, -113.92)
(295.34, -152.84)
(305.70, -159.80)
(307.51, -159.18)
(311.42, -159.81)
(315.21, -165.38)
(47.77, -127.45)
(35.57, -104.67)
(33.77, -111.37)
(31.29, -113.89)
(37.25, -123.33)
(39.66, -125.21)
(42.95, -125.85)
(44.62, -114.44)
(44.67, -115.81)
(46.06, -115.94)
(45.96, -117.77)
(46.00, -115.84)
(47.34, -120.16)
(47.10, -119.01)
(48.09, -119.42)
(51.60, -118.42)
(53.54, -118.43)
(52.69, -117.52)
(-11.16, -134.60)
(-146.00, -189.69)
(-155.22, -197.26)
(-91.00, -169.40)
(-0.32, -119.47)
(3.39, -117.05)
(-6.54, -122.01)
(-113.01, -213.42)
(-113.31, -231.83)
(-120.95, -236.29)
(12.10, -110.77)
(21.78, -104.23)
(22.95, -103.91)
(21.25, -91.24)
(20.80, -92.78)
(21.33, -92.83)
(21.37, -94.69)
(21.82, -101.07)
(22.30, -105.68)
(22.62, -104.43)
(22.60, -107.86)
(22.62, -106.32)
(24.68, -108.47)
(27.00, -114.94)
(27.01, -118.56)
(26.23, -111.76)
(26.51, -112.44)
(25.29, -112.17)
(23.71, -113.19)
(23.78, -116.88)
(24.04, -116.69)
(24.42, -121.83)
(23.67, -124.03)
(24.41, -129.98)
(25.30, -132.48)
(25.24, -132.65)
(22.45, -123.90)
(10.90, -126.21)
(2.43, -121.76)
(0.60, -121.00)
(-1.43, -117.27)
(-2.28, -117.11)
(-13.70, -119.25)
(-139.11, -224.03)
(-137.48, -232.39)
(-134.55, -242.08)
(-133.89, -240.52)
(-136.26, -239.48)
(-138.99, -236.29)
(-144.49, -237.38)
(-148.77, -330.51)
(1.47, -89.47)
(10.66, -83.84)
(12.72, -84.68)
(13.89, -95.89)
(15.89, -99.32)
(26.72, -115.61)
(27.41, -125.72)
(29.92, -117.93)
(31.78, -119.56)
(32.32, -119.77)
(33.39, -122.91)
(34.03, -127.84)
(49.42, -105.86)
(46.71, -99.21)
(39.84, -111.63)
(-3210.66, 24668.78)
(-3136.35, 24164.38)
(43.07, 158.26)
(50.42, -85.92)
(43.12, -76.00)
(34.98, -180.99)
(45.12, -138.66)
(-3157.82, 24334.60)
(64.26, -76.68)
(70.38, -77.25)
(182.25, -56.66)
(409.37, 97.93)
(141.12, -12.39)
(34.57, -123.42)
(32.02, -131.15)
(33.59, -134.24)
(48.67, -126.16)
(49.03, -132.04)
(51.71, -131.52)
(54.26, -129.53)
(59.09, -125.27)
(55.78, -119.97)
(38.83, -114.36)
(36.47, -117.32)
(33.15, -99.61)
(28.86, -99.52)
(30.22, -106.33)
(31.10, -118.34)
(29.18, -110.86)
(29.47, -125.56)
(31.34, -126.58)
(35.46, -130.60)
(47.23, -136.76)
(49.04, -137.29)
(48.88, -133.05)
(51.62, -136.07)
(55.55, -138.38)
(57.49, -139.82)
(60.18, -138.14)
(59.55, -128.28)
(56.96, -126.13)
(50.41, -119.28)
(48.91, -114.41)
(45.25, -110.68)
(44.75, -112.97)
(43.49, -105.58)
(44.51, -105.17)
(44.15, -108.19)
(43.63, -117.34)
(43.99, -120.96)
(41.77, -129.48)
(38.42, -124.23)
(37.94, -120.48)
(38.43, -118.79)
(38.64, -121.72)
(41.78, -128.14)
(41.28, -128.66)
(34.79, -115.98)
(25.89, -115.29)
(20.71, -114.94)
(19.09, -109.28)
(20.83, -105.48)
(21.88, -103.58)
(22.07, -94.70)
(19.03, -98.76)
(27.76, -98.51)
(31.92, -99.08)
(34.80, -100.70)
(34.56, -104.19)
(33.85, -101.64)
(32.76, -103.96)
(33.23, -104.25)
(32.76, -110.11)
(39.01, -114.81)
(42.88, -116.35)
(48.11, -111.68)
(52.11, -114.73)
(48.68, -113.33)
(47.07, -113.44)
(45.42, -117.05)
(42.68, -120.22)
(34.41, -105.63)
(33.01, -109.98)
(33.18, -113.77)
(41.89, -126.98)
(46.55, -133.84)
(47.09, -135.90)
(51.12, -131.82)
(48.95, -130.84)
(48.11, -127.27)
(35.80, -122.78)
(28.62, -117.03)
(21.97, -113.14)
(11.62, -97.80)
(8.83, -101.17)
(6.78, -97.58)
(16.92, -100.93)
(19.60, -97.99)
(29.11, -108.18)
(20.85, -100.32)
(15.82, -102.69)
(15.34, -101.59)
(17.64, -107.04)
(-126.52, -212.33)
(-157.55, -238.41)
(-164.88, -233.19)
(-157.88, -226.04)
(10.44, -114.32)
(11.54, -108.14)
(12.78, -107.58)
(14.96, -107.60)
(15.14, -105.91)
(17.30, -106.37)
(25.27, -109.95)
(25.30, -116.02)
(24.44, -122.44)
(-10.05, -144.05)
(-41.29, -169.16)
(-44.43, -171.96)
(-49.61, -192.10)
(-83.01, -220.58)
(-87.34, -234.78)
(-91.63, -232.64)
(-89.05, -230.58)
(-114.93, -253.35)
(-134.56, -258.30)
(-149.65, -259.88)
(-44.15, -147.90)
(8.53, -103.07)
(11.90, -107.57)
(11.26, -106.40)
(12.06, -108.74)
(14.61, -113.66)
(20.13, -117.74)
(23.46, -112.85)
(26.45, -119.13)
(26.57, -119.50)
(24.50, -121.36)
(24.70, -122.64)
(25.60, -124.79)
(26.69, -121.93)
(26.02, -123.17)
(28.18, -133.41)
(32.68, -137.07)
(31.81, -138.77)
(28.26, -132.62)
(30.05, -132.26)
(32.17, -131.80)
(31.65, -130.02)
(31.99, -129.48)
(32.25, -129.51)
(30.76, -123.68)
(29.78, -124.09)
(30.37, -124.22)
(31.29, -130.00)
(32.32, -129.30)
(48.05, -135.34)
(57.66, -122.48)
(59.25, -120.44)
(50.38, -123.66)
(50.52, -140.46)
(50.82, -141.96)
(48.89, -141.76)
(40.27, -135.64)
(29.56, -133.82)
(25.07, -121.34)
(25.12, -123.17)
(24.86, -123.13)
(35.56, -124.73)
(71.40, -118.51)
(75.61, -116.44)
(140.53, -118.06)
(319.04, -133.66)
(320.30, -138.70)
(321.21, -144.46)
(59.42, -133.88)
(50.29, -129.33)
(43.59, -130.26)
(42.58, -130.98)
(42.29, -131.33)
(43.71, -133.31)
(49.39, -137.24)
(50.69, -126.12)
(55.31, -131.31)
(57.95, -136.64)
(56.43, -135.78)
(53.90, -134.96)
(50.33, -128.14)
(50.28, -117.23)
(52.32, -119.82)
(51.89, -121.10)
(50.77, -120.80)
(51.80, -125.69)
(49.39, -125.29)
(47.64, -116.01)
(48.28, -118.11)
(50.04, -127.97)
(222.96, -125.34)
(226.04, -124.13)
(241.06, -121.21)
(281.64, -128.37)
(280.16, -126.45)
(281.76, -128.00)
(286.57, -127.98)
(49.52, -129.47)
(40.65, -124.39)
(40.23, -126.26)
(40.84, -125.35)
(39.68, -125.47)
(39.14, -120.11)
(41.32, -123.94)
(37.30, -118.82)
(30.18, -111.28)
(35.31, -115.85)
(40.38, -122.73)
(42.03, -124.00)
(42.23, -125.87)
(41.58, -121.01)
(42.05, -122.31)
(42.66, -123.04)
(45.57, -127.20)
(48.51, -131.77)
(52.22, -130.13)
(164.32, -101.37)
(232.12, -51.41)
(235.93, -47.18)
(68.26, -103.63)
(57.60, -119.60)
(55.68, -119.56)
(56.10, -118.78)
(56.41, -121.31)
(56.39, -120.28)
(58.35, -122.01)
(261.35, -139.86)
(295.84, -144.99)
(298.40, -140.47)
(251.24, -130.11)
(55.68, -117.87)
(43.92, -109.39)
(36.68, -122.41)
(25.12, -75.76)
(44.46, -108.07)
(47.21, -115.47)
(48.55, -118.49)
(48.99, -125.69)
(48.73, -135.63)
(43.87, -130.91)
(44.67, -134.58)
(44.36, -136.21)
(44.37, -139.62)
(44.72, -138.32)
(45.35, -138.21)
(45.30, -134.72)
(43.85, -130.89)
(42.63, -127.03)
(43.56, -128.34)
(46.80, -129.20)
(48.60, -133.20)
(48.49, -124.44)
(48.22, -121.77)
(46.31, -112.88)
(47.50, -122.52)
(48.23, -125.72)
(49.94, -133.27)
(48.22, -124.10)
(47.12, -126.63)
(46.97, -129.78)
(60.35, -138.04)
(67.78, -139.75)
(67.46, -138.53)
(145.37, -129.20)
(268.08, -120.65)
(276.36, -118.05)
(43.18, -118.10)
(34.78, -123.20)
(27.75, -122.29)
(24.59, -114.93)
(167.69, -126.00)
(308.34, -152.63)
(315.69, -152.39)
(286.16, -150.74)
(43.13, -121.14)
(40.45, -122.54)
(36.66, -121.70)
(36.09, -124.27)
(54.30, -128.79)
(271.03, -133.87)
(277.96, -132.15)
(284.02, -133.88)
(285.96, -134.92)
(286.78, -140.87)
(343.22, -151.58)
(357.56, -157.17)
(359.93, -155.68)
(360.93, -152.46)
(24.89, -132.41)
(-2.25, -128.50)
(-4.68, -133.13)
(-8.86, -130.84)
(34.22, -132.72)
(40.12, -133.43)
(40.53, -131.75)
(41.20, -128.03)
(43.66, -130.54)
(-273.88, -175.39)
(-318.38, -206.55)
(-319.77, -214.87)
(-303.24, -213.55)
(30.10, -152.58)
(41.67, -153.12)
(43.86, -152.28)
(45.17, -149.65)
(45.50, -146.51)
(-146.48, -228.89)
(-168.67, -235.15)
(-176.30, -235.36)
(16.18, -121.28)
(31.39, -119.95)
(32.82, -118.62)
(32.87, -118.61)
(33.03, -115.41)
(26.58, -113.59)
(20.40, -109.88)
(20.68, -106.08)
(21.87, -107.73)
(22.33, -114.30)
(24.69, -116.65)
(25.60, -119.01)
(26.67, -119.97)
(26.42, -118.42)
(26.29, -121.55)
(28.08, -124.20)
(28.07, -123.34)
(27.67, -126.01)
(25.72, -124.02)
(25.07, -119.45)
(24.41, -119.29)
(27.40, -122.83)
(29.50, -123.70)
(31.92, -124.39)
(33.06, -122.61)
(33.08, -117.30)
(37.04, -117.93)
(40.14, -119.78)
(39.68, -121.20)
(38.91, -129.17)
(39.00, -130.50)
(38.48, -128.02)
(34.75, -127.04)
(25.61, -128.53)
(17.30, -122.14)
(13.22, -123.00)
(7.62, -122.29)
(7.21, -119.53)
(9.17, -118.14)
(16.99, -116.67)
(21.16, -115.10)
(23.14, -115.88)
(23.03, -111.28)
(-124.69, -205.22)
(-136.16, -206.75)
(-135.59, -219.38)
(-139.90, -220.01)
(-140.05, -219.35)
(-188.62, -265.57)
(13.60, -106.32)
(19.71, -94.85)
(23.49, -81.97)
(24.82, -88.34)
(24.95, -105.02)
(27.47, -113.90)
(28.40, -116.70)
(25.93, -114.18)
(26.38, -114.42)
(26.50, -116.98)
(26.76, -119.39)
(36.42, -118.98)
(42.73, -121.31)
(45.50, -115.27)
(49.02, -117.21)
(50.63, -119.45)
(52.32, -120.44)
(53.99, -119.14)
(57.50, -120.47)
(58.15, -116.41)
(57.25, -116.35)
(58.49, -115.23)
(59.38, -116.17)
(57.18, -118.66)
(57.06, -125.40)
(56.02, -123.78)
(52.28, -121.49)
(50.98, -121.27)
(51.22, -126.83)
(50.38, -125.37)
(49.87, -133.19)
(52.03, -134.25)
(51.11, -130.06)
(55.36, -130.71)
(60.10, -130.83)
(-2.71, -14.18)
(12.75, -51.43)
(13.51, -66.47)
(12.01, -63.58)
(10.87, -65.02)
(269.58, -137.14)
(279.94, -150.86)
(275.30, -128.32)
(279.91, -121.96)
(73.06, -120.67)
(65.41, -122.15)
(62.05, -126.93)
(61.37, -129.29)
(62.31, -131.08)
(63.60, -126.45)
(64.64, -131.16)
(61.82, -134.23)
(59.53, -137.41)
(57.97, -135.51)
(59.02, -139.89)
(57.10, -135.61)
(56.15, -136.49)
(56.23, -137.00)
(54.82, -135.20)
(52.39, -134.13)
(48.40, -132.64)
(48.47, -133.03)
(50.23, -122.97)
(57.13, -141.63)
(83.19, -142.18)
(90.82, -129.56)
(92.87, -128.86)
(95.85, -134.03)
(97.59, -126.58)
(96.20, -124.47)
(256.74, -125.67)
(298.62, -128.22)
(303.89, -125.39)
(305.17, -124.65)
(67.15, -115.93)
(54.79, -121.36)
(52.07, -120.90)
(51.12, -131.23)
(48.77, -131.11)
(48.45, -141.24)
(46.44, -131.74)
(45.06, -127.53)
(70.40, -137.00)
(69.77, -121.26)
(67.48, -115.37)
(67.79, -119.72)
(66.96, -120.50)
(64.61, -120.19)
(63.08, -119.97)
(63.57, -128.17)
(61.80, -125.72)
(60.19, -128.15)
(59.26, -124.22)
(58.64, -126.64)
(56.04, -117.57)
(51.39, -117.72)
(56.83, -129.45)
(57.53, -131.04)
(57.76, -126.98)
(59.51, -135.47)
(61.27, -137.16)
(63.16, -141.63)
(63.70, -140.61)
(64.74, -141.88)
(63.39, -140.35)
(64.27, -145.26)
(195.03, -136.35)
(217.14, -129.36)
(222.50, -123.14)
(290.72, -129.03)
(301.47, -113.23)
(131.41, -122.43)
(61.92, -125.36)
(58.25, -129.43)
(60.82, -132.76)
(59.54, -134.24)
(53.89, -127.95)
(45.05, -126.67)
(42.27, -124.95)
(42.13, -125.67)
(42.85, -124.54)
(42.94, -114.92)
(44.15, -108.62)
(46.33, -107.92)
(47.86, -107.33)
(47.96, -105.06)
(46.19, -108.09)
(40.30, -106.71)
(42.60, -113.65)
(42.29, -111.21)
(44.54, -120.96)
(45.61, -120.44)
(45.57, -126.03)
(46.47, -123.45)
(49.62, -126.38)
(53.27, -127.64)
(53.91, -129.79)
(56.21, -136.32)
(57.64, -138.36)
(56.63, -133.87)
(56.42, -136.67)
(56.20, -137.64)
(133.18, -131.57)
(270.29, -126.44)
(273.27, -128.44)
(271.61, -124.57)
(271.40, -126.12)
(273.35, -127.70)
(80.30, -117.99)
(62.79, -117.70)
(61.03, -126.58)
(58.45, -116.21)
(56.25, -119.79)
(56.21, -121.02)
(56.01, -126.00)
(55.40, -122.99)
(57.92, -129.47)
(54.47, -113.21)
(54.85, -117.52)
(56.44, -120.00)
(61.11, -136.24)
(58.56, -135.42)
(56.49, -139.47)
(55.71, -133.68)
(51.22, -139.88)
(52.41, -135.02)
(50.61, -124.58)
(43.72, -114.43)
(41.58, -116.36)
(-1023.92, 369.90)
(66.60, -108.75)
(77.96, -109.43)
(74.88, -114.14)
(74.49, -114.31)
(74.20, -120.09)
(74.49, -122.30)
(75.51, -121.42)
(76.47, -125.57)
(69.88, -127.94)
(68.37, -129.33)
(-450.60, -182.11)
(-467.94, -191.37)
(-469.06, -197.65)
(-45.36, -168.79)
(50.96, -142.29)
(56.76, -131.77)
(62.93, -135.87)
(68.50, -136.77)
(69.96, -140.77)
(69.50, -138.25)
(66.20, -138.09)
(55.06, -128.91)
(46.91, -125.81)
(43.86, -112.16)
(47.39, -114.63)
(48.67, -115.39)
(49.40, -118.56)
(50.54, -118.66)
(50.85, -120.29)
(51.86, -118.45)
(51.15, -119.65)
(-99.07, -210.74)
(-117.44, -221.12)
(30.13, -140.27)
(45.15, -120.20)
(48.42, -122.83)
(49.08, -124.62)
(47.05, -130.05)
(48.63, -131.57)
(55.65, -133.97)
(55.40, -126.90)
(57.17, -128.71)
(-152.84, -266.32)
(-149.67, -278.57)
(34.07, -122.65)
(60.10, -90.51)
(63.42, -85.10)
(54.11, -94.19)
(51.20, -111.52)
(50.08, -116.10)
(45.49, -115.00)
(45.10, -118.89)
(46.07, -122.32)
(46.66, -126.40)
(5.75, -150.12)
(-75.88, -207.17)
(-91.69, -210.48)
(-100.11, -213.32)
(15.74, -119.91)
(17.42, -108.47)
(16.12, -105.27)
(20.68, -103.71)
(28.76, -107.93)
(32.33, -111.59)
(33.49, -108.30)
(35.91, -111.77)
(37.24, -116.41)
(41.84, -127.47)
(42.52, -125.48)
(43.89, -128.17)
(45.05, -124.12)
(44.47, -124.59)
(42.33, -121.38)
(38.47, -114.56)
(36.40, -111.95)
(34.11, -113.49)
(31.57, -111.92)
(29.13, -116.60)
(29.96, -124.97)
(30.89, -129.10)
(35.19, -134.37)
(37.49, -137.15)
(37.04, -132.75)
(38.72, -136.02)
(42.35, -136.65)
(50.51, -135.67)
(49.62, -137.71)
(58.25, -140.35)
(275.71, -124.28)
(282.97, -122.67)
(284.31, -120.50)
(283.77, -116.27)
(84.98, -121.56)
(54.19, -132.22)
(54.64, -129.64)
(56.07, -139.49)
(55.24, -142.47)
(56.63, -144.68)
(62.02, -142.53)
(63.43, -143.47)
(63.32, -139.35)
(60.27, -136.29)
(164.73, -136.78)
(271.23, -131.07)
(272.71, -133.97)
(272.21, -134.47)
(243.51, -124.97)
(57.90, -130.31)
(55.06, -133.88)
(53.40, -142.22)
(52.53, -150.34)
(55.68, -153.14)
(61.29, -147.22)
(67.59, -101.15)
(14.90, -122.44)
(3.34, -120.68)
(12.03, -141.50)
(11.26, -141.60)
(9.43, -140.17)
(28.85, -139.25)
(57.85, -137.30)
(62.37, -137.22)
(64.74, -141.49)
(62.65, -138.75)
(270.56, -123.80)
(280.32, -119.99)
(289.11, -118.80)
(267.05, -107.52)
(48.02, -111.28)
(45.71, -113.00)
(47.23, -116.05)
(47.48, -118.10)
(50.06, -126.42)
(51.14, -124.91)
(51.71, -125.69)
(51.37, -119.83)
(52.42, -120.55)
(62.72, -122.52)
(315.79, -146.91)
(324.71, -150.79)
(327.45, -153.59)
(325.18, -140.80)
(72.07, -128.43)
(68.35, -128.18)
(64.75, -137.12)
(60.55, -133.74)
(57.57, -135.88)
(57.13, -130.54)
(56.11, -130.39)
(55.96, -132.18)
(57.09, -128.25)
(58.86, -129.13)
(57.42, -130.00)
(57.02, -125.00)
(56.25, -127.08)
(56.49, -130.33)
(56.58, -131.22)
(56.48, -130.19)
(57.55, -128.69)
(52.14, -122.97)
(43.47, -122.18)
(36.13, -118.46)
(30.19, -117.90)
(28.64, -119.32)
(27.36, -118.60)
(27.24, -116.19)
(27.10, -116.25)
(27.42, -124.10)
(27.86, -129.54)
(29.43, -133.15)
(32.07, -130.75)
(33.40, -129.64)
(42.18, -126.57)
(46.48, -126.87)
(47.45, -126.21)
(48.77, -128.43)
(49.03, -125.55)
(48.33, -125.97)
(48.00, -125.41)
(48.02, -129.20)
(47.26, -127.98)
(45.03, -129.09)
(38.54, -125.35)
(21.18, -143.60)
(25.00, -106.90)
(-3931.35, 28174.10)
(-3927.15, 28301.13)
(-220.28, 314.26)
(76.44, -130.50)
(75.32, -135.60)
(78.32, -140.57)
(80.55, -149.24)
(80.50, -152.28)
(69.46, -143.44)
(48.36, -129.23)
(40.78, -120.03)
(36.52, -121.25)
(33.93, -105.02)
(32.95, -107.20)
(32.81, -120.35)
(33.20, -119.01)
(33.53, -121.17)
(34.81, -104.11)
(38.39, -114.33)
(41.09, -127.53)
(42.47, -128.79)
(39.43, -119.50)
(40.55, -123.58)
(44.32, -123.55)
(43.28, -126.56)
(45.24, -125.74)
(50.42, -130.72)
(48.77, -127.50)
(47.46, -136.64)
(50.50, -136.34)
(49.92, -136.19)
(42.74, -132.06)
(41.79, -125.63)
(45.09, -119.98)
(96.44, -111.19)
(230.65, -30.04)
(235.65, -15.92)
(51.42, -102.05)
(46.52, -113.14)
(43.61, -104.48)
(44.36, -108.86)
(63.53, -119.32)
(66.29, -120.34)
(66.20, -113.71)
(63.53, -115.46)
(63.02, -109.24)
(61.88, -107.92)
(67.93, -115.92)
(70.19, -119.61)
(59.42, -129.03)
(38.08, -93.97)
(28.65, -60.45)
(13.16, -80.25)
(-55.40, -86.91)
(-57.83, -136.13)
(75.25, -142.00)
(70.42, -130.30)
(51.93, -138.69)
(47.27, -28.37)
(43.89, -29.95)
(54.60, -41.62)
(60.06, -42.73)
(69.54, -59.38)
(87.38, 1.05)
(-24.06, -85.45)
(8.44, -39.03)
(485.21, -8034.90)
(21.05, -7229.58)
(19.89, -144.46)
(-484.96, -2798.92)
(-378.06, -3852.89)
(-523.16, -3525.63)
(-579.97, -3231.72)
(-601.62, -3089.88)
(-585.89, -3012.93)
(-429.30, -3001.00)
(-267.97, -2842.43)
(-130.43, -2738.45)
(-28.21, -2750.88)
(197.04, -2194.22)
(289.47, -1994.48)
(346.36, -1933.90)
(471.40, -1939.08)
(614.17, -2071.79)
(630.25, -2028.12)
(645.68, -2037.02)
(603.92, -2245.02)
(694.36, -2761.50)
(772.20, -3353.50)
(1044.44, -3728.30)
(1246.30, -4183.46)
