=== 数据记录开始于 2025-12-31 14:11:04 ===
(59.70, 166.53)
(59.19, 166.48)
(59.59, 168.28)
(64.27, 169.87)
(77.56, 172.85)
(75.90, 169.07)
(61.23, 168.24)
(55.58, 170.00)
(56.03, 183.69)
(57.23, 180.95)
(55.10, 178.45)
(53.76, 179.30)
(50.98, 180.90)
(47.27, 175.95)
(41.56, 176.57)
(41.46, 177.80)
(40.16, 178.35)
(39.17, 177.49)
(37.50, 177.72)
(35.07, 174.54)
(35.55, 173.52)
(37.80, 172.61)
(40.33, 170.89)
(39.33, 170.49)
(42.28, 172.09)
(43.66, 172.40)
(51.67, 172.33)
(54.64, 174.56)
(55.95, 176.67)
(55.94, 175.16)
(56.51, 173.68)
(59.24, 175.00)
(59.81, 185.93)
(61.95, 190.15)
(67.53, 197.06)
(74.64, 201.36)
(73.24, 197.68)
(71.99, 194.54)
(73.07, 192.03)
(72.05, 190.47)
(58.06, 187.38)
(48.53, 188.76)
(34.39, 190.65)
(30.28, 192.01)
(31.48, 195.40)
(33.69, 196.80)
(32.98, 195.30)
(27.83, 195.74)
(17.07, 196.81)
(16.12, 197.10)
(12.06, 197.61)
(8.74, 195.68)
(5.91, 193.62)
(6.93, 192.69)
(7.27, 191.50)
(7.07, 190.28)
(8.76, 190.26)
(6.96, 189.81)
(11.67, 189.18)
(11.97, 188.46)
(10.42, 180.63)
(13.68, 166.47)
(14.22, 166.04)
(13.74, 166.27)
(15.02, 166.01)
(21.17, 165.46)
(-166.02, 81.51)
(-141.30, 65.46)
(-147.02, 74.08)
(508.37, 51.44)
(509.29, 40.16)
(497.03, 73.42)
(555.22, 100.66)
(577.17, 11.69)
(5179.80, -29827.70)
(5543.60, -31252.30)
(-133.39, -35.65)
(6868.86, -37633.94)
(-198.07, 151.02)
(-200.00, 159.68)
(-193.66, 136.54)
(-13114.42, 72684.79)
(-9901.81, 52337.64)
(-9278.72, 46779.10)
(116.44, 107.88)
(80.51, 55.23)
(67.52, 87.49)
(82.04, 90.92)
(118.63, 83.34)
(137.80, 71.39)
(95.47, 85.36)
(145.48, 29.55)
(-4686.01, 24848.20)
(-5039.84, 26736.56)
(140.65, -62.04)
(-5220.52, 27468.59)
(98.37, 24.88)
(28.10, 135.66)
(122.03, 139.93)
(-4.59, 122.59)
(-3.84, 125.63)
(-63.08, 117.11)
(-100.32, 84.34)
(-107.81, 84.31)
(225.29, 52.34)
(263.70, -179.26)
(267.40, -150.88)
(264.72, -138.59)
(266.95, -150.90)
(244.79, -134.05)
(246.49, -125.14)
(250.13, -124.37)
(-118.91, -54.52)
(-169.58, -24.28)
(-187.65, -22.42)
(-191.65, -24.26)
(-146.69, -26.95)
(-120.85, -18.07)
(-89.83, 2.32)
(-4331.48, 22340.85)
(-4327.99, 22490.07)
(316.04, -359.63)
(437.41, -4.88)
(394.15, 75.39)
(274.34, 80.79)
(274.57, 76.61)
(176.26, 108.78)
(-81.23, 110.05)
(-75.00, 116.13)
(-77.71, 79.88)
(-83.46, 78.21)
(308.37, 48.81)
(302.40, 43.90)
(294.37, 41.71)
(-4685.04, 25628.39)
(-4487.25, 25153.51)
(-4521.35, 25162.56)
(175.95, -106.96)
(-4752.13, 25654.21)
(-4675.88, 24959.87)
(23.43, 73.21)
(38.47, 118.56)
(37.90, 138.68)
(131.61, 157.49)
(498.71, 27.65)
(509.37, -19.70)
(505.12, -17.32)
(487.44, -7.23)
(486.84, -10.83)
(189.93, -33.01)
(18.93, -130.31)
(-5320.37, 28626.15)
(-5324.15, 28813.72)
(20.25, 767.75)
(112.79, 736.84)
(-215.47, 467.13)
(-251.66, 397.01)
(-263.85, 380.47)
(-270.21, 379.27)
(278.67, 56.08)
(321.23, 97.26)
(320.83, 125.15)
(267.15, 124.05)
(-147.00, 73.19)
(-118.39, 56.19)
(-148.53, 145.76)
(-160.10, 142.69)
(-159.79, 139.16)
(-161.29, 137.92)
(212.70, 76.40)
(211.64, 73.03)
(31.40, 95.69)
(-130.95, 133.84)
(-5801.97, 32009.02)
(-5889.83, 32605.18)
(-5900.09, 32698.85)
(-643.02, 393.95)
(-580.19, 545.85)
(-574.46, 555.44)
(-545.01, 582.32)
(-332.60, 1064.05)
(-343.33, 1028.97)
(-345.81, 1051.39)
(245.92, 1000.30)
(263.28, 1008.55)
(259.00, 1003.47)
(-6170.45, 34301.64)
(-6119.94, 34027.65)
(-50.30, 186.34)
(91.97, 55.67)
(111.34, 36.21)
(134.77, 35.51)
(310.19, 110.53)
(314.13, 108.05)
(316.42, 90.64)
(-42.63, 123.71)
(-37.38, 124.90)
(-35.15, 125.59)
(-34.21, 128.64)
(174.17, 120.93)
(185.32, 107.17)
(188.86, 105.24)
(594.21, 56.96)
(593.65, 33.74)
(-15.96, 124.00)
(-25.65, 133.91)
(-21.11, 132.24)
(-14.27, 135.70)
(10.18, 148.10)
(13.47, 154.16)
(13.91, 158.73)
(13.63, 164.10)
(14.09, 167.21)
(14.23, 170.02)
(13.28, 176.36)
(12.90, 178.31)
(11.17, 178.81)
(11.13, 180.85)
(12.16, 183.58)
(10.78, 184.18)
(8.38, 187.58)
(7.56, 190.21)
(7.25, 193.20)
(5.72, 193.69)
(4.55, 193.88)
(5.37, 195.15)
(5.48, 196.37)
(4.31, 195.30)
(3.93, 198.05)
(3.71, 200.26)
(3.81, 199.57)
(4.20, 199.46)
(2.50, 203.60)
(5.47, 203.32)
(28.42, 218.45)
(26.65, 225.96)
(22.95, 214.43)
(22.21, 209.84)
(20.81, 204.52)
(21.65, 197.39)
(22.99, 190.81)
(24.05, 185.06)
(24.16, 186.05)
(24.93, 187.50)
(24.74, 191.88)
(22.98, 194.91)
(24.79, 189.35)
(29.28, 189.48)
(31.28, 190.92)
(30.16, 192.45)
(31.41, 197.00)
(32.33, 199.93)
(32.37, 199.82)
(31.26, 196.08)
(32.06, 193.85)
(36.34, 187.87)
(32.54, 172.01)
(29.87, 169.21)
(29.96, 169.07)
(29.41, 168.53)
(26.54, 169.40)
(26.56, 169.36)
(26.25, 170.76)
(25.79, 173.14)
(25.18, 172.78)
(24.76, 171.34)
(25.52, 173.60)
(25.54, 173.66)
(37.50, 98.18)
(-6617.00, 37546.09)
(-6824.32, 38545.10)
(50.10, 0.92)
(-5148.78, 29082.01)
(67.40, 76.05)
(75.78, 113.00)
(53.46, 88.01)
(49.40, 98.89)
(49.82, 97.95)
(58.67, 87.16)
(51.80, 56.55)
(30.34, 38.08)
(-252.25, 234.24)
(-258.70, 232.80)
(-269.58, 236.46)
(53.34, 87.49)
(65.90, 92.07)
(47.74, 57.32)
(330.02, 26.41)
(391.11, 14.99)
(386.93, 49.08)
(385.11, 63.24)
(382.40, 70.60)
(398.95, 66.79)
(46.20, 45.64)
(15.20, 43.47)
(218.78, 43.91)
(101.74, 12.28)
(85.03, 18.27)
(95.42, -1.39)
(126.88, 21.77)
(-54.50, 39.61)
(-45.36, 61.52)
(-39.57, 85.99)
(-46.00, 81.25)
(-85.62, 84.81)
(-24.31, 113.41)
(26.41, 142.86)
(28.40, 144.66)
(23.43, 126.37)
(19.86, 126.54)
(23.61, 150.94)
(27.25, 155.91)
(31.65, 157.71)
(32.36, 157.78)
(42.99, 132.24)
(-5009.19, 28275.50)
(-4404.66, 25472.62)
(71.10, 83.56)
(62.60, 101.92)
(73.20, 60.48)
(95.33, 88.32)
(69.99, 79.43)
(29.27, 82.45)
(34.29, 86.60)
(30.03, 93.04)
(26.33, 84.82)
(36.69, 83.39)
(21.73, 99.95)
(278.16, -81.41)
(336.15, -136.61)
(287.68, -127.44)
(273.22, -118.80)
(276.73, -136.09)
(277.85, -133.53)
(321.32, -122.06)
(341.36, -125.22)
(263.49, -132.77)
(-101.11, 3.19)
(-102.52, 9.33)
(-100.28, 11.79)
(14.50, 41.25)
(20.92, 62.74)
(14.57, 51.69)
(7.94, 50.05)
(9.71, 53.00)
(13.38, 37.30)
(17.58, 41.02)
(17.44, 38.36)
(18.69, 39.64)
(15.17, 34.70)
(15.66, 36.28)
(19.81, 32.09)
(-3.12, 38.27)
(-25.73, 65.53)
(-22.13, 71.50)
(-24.63, 72.05)
(-22.14, 70.48)
(-11.99, 81.44)
(-4.40, 84.97)
(-6.12, 109.46)
(10.11, 88.72)
(11.27, 99.48)
(16.45, 105.86)
(19.57, 109.79)
(21.48, 112.11)
(21.39, 109.69)
(21.46, 112.41)
(21.50, 119.89)
(19.93, 123.00)
(20.17, 121.45)
(20.78, 124.75)
(20.76, 125.18)
(20.89, 121.37)
(23.37, 120.92)
(22.07, 118.57)
(20.89, 109.56)
(26.03, 113.31)
(31.72, 113.54)
(33.47, 114.22)
(35.71, 117.42)
(38.30, 121.53)
(36.04, 121.77)
(33.31, 137.10)
(22.31, 166.94)
(17.81, 171.77)
(13.89, 167.59)
(13.61, 163.98)
(16.16, 140.41)
(14.21, 151.95)
(15.21, 162.25)
(-6.25, 137.96)
(-8.12, 137.34)
(2.04, 126.04)
(3.31, 125.32)
(19.28, 130.45)
(41.05, 141.33)
(43.14, 142.36)
(42.57, 141.71)
(43.38, 141.55)
(43.91, 141.80)
(41.42, 140.03)
(42.08, 140.23)
(42.52, 140.95)
(41.44, 141.14)
(38.68, 139.15)
(39.09, 137.57)
(41.64, 136.09)
(40.36, 134.37)
(37.35, 134.13)
(39.70, 134.37)
(-2.59, 161.35)
(-16.36, 168.15)
(-16.98, 169.24)
(-15.68, 168.84)
(-13.63, 168.72)
(-14.87, 163.40)
(2.92, 163.65)
(2.50, 129.01)
(18.76, 109.21)
(-2.10, 121.83)
(-1.62, 134.35)
(0.42, 138.39)
(0.48, 128.88)
(1.84, 125.05)
(3.98, 123.86)
(5.55, 122.73)
(-127.81, -123.30)
(-35.61, 145.97)
(-39.32, 139.61)
(-35.63, 150.46)
(-27.52, 160.26)
(-27.32, 161.36)
(-28.01, 160.93)
(-26.51, 161.88)
(-26.01, 159.46)
(-31.36, 149.91)
(-36.63, 145.15)
(-37.07, 145.51)
(-36.48, 149.19)
(-37.84, 150.75)
(-38.71, 150.66)
(-37.63, 150.48)
(-37.94, 149.96)
(-40.60, 148.31)
(-41.94, 147.07)
(-41.67, 146.85)
(-40.67, 149.58)
(-41.10, 148.98)
(-40.79, 146.19)
(-30.17, 143.88)
(-29.04, 147.62)
(-31.79, 160.84)
(-37.39, 174.48)
(-37.51, 175.84)
(-37.40, 172.44)
(-34.12, 170.89)
(-36.02, 169.94)
(-32.49, 165.26)
(-28.18, 157.69)
(-28.51, 147.58)
(-22.43, 144.04)
(-10.08, 136.78)
(-8.17, 135.68)
(-12.09, 140.28)
(-14.65, 148.26)
(-11.09, 147.23)
(-8.64, 132.97)
(-8.41, 129.93)
(-7.18, 130.35)
(-9.45, 132.35)
(-12.40, 131.50)
(-12.86, 127.97)
(-13.38, 124.52)
(-14.78, 124.19)
(-15.77, 117.99)
(-16.58, 115.32)
(-15.68, 117.19)
(-18.24, 117.50)
(-19.31, 116.03)
(-18.77, 116.12)
(-18.19, 116.20)
(-17.87, 120.43)
(-18.10, 123.38)
(-17.01, 125.44)
(-4851.53, 29390.45)
(70.26, 75.33)
(62.47, 113.32)
(83.79, 127.69)
(86.45, 126.73)
(86.83, 116.84)
(-90.02, 120.77)
(-99.30, 120.67)
(-21.44, 125.71)
(40.96, 137.09)
(46.43, 138.66)
(43.68, 138.22)
(55.32, -92.36)
(77.38, -146.98)
(84.63, -144.15)
(26.89, 271.19)
(37.69, 243.09)
(40.52, 230.49)
(37.93, 248.27)
(50.45, 223.23)
(52.38, 215.57)
(54.19, 216.19)
(56.19, 216.30)
(55.87, 212.88)
(11.03, 154.83)
(5.72, 147.67)
(10.75, 154.84)
(10.99, 154.99)
(11.78, 154.68)
(12.34, 153.27)
(10.84, 152.66)
(9.45, 157.97)
(9.85, 162.10)
(8.58, 161.67)
(7.32, 163.03)
(9.72, 168.40)
(13.46, 172.87)
(14.50, 171.01)
(17.31, 154.16)
(-22.37, 126.99)
(-36.24, 121.97)
(-42.31, 110.23)
(-45.84, 104.75)
(-40.48, 103.70)
(-32.03, 88.64)
(-30.77, 84.32)
(-35.90, 100.09)
(-35.45, 94.91)
(-35.79, 95.32)
(-38.85, 102.20)
(-39.92, 106.93)
(-38.73, 115.63)
(159.20, 114.66)
(212.45, 98.91)
(218.65, 85.64)
(75.73, 63.30)
(5.46, 94.51)
(-3.22, 108.72)
(17.83, 93.90)
(26.03, 90.04)
(27.46, 83.23)
(28.53, 90.16)
(8.02, 127.15)
(-7.24, 135.10)
(-9.30, 137.86)
(-10.24, 139.90)
(-7.64, 135.48)
(-8.18, 140.13)
(-2.62, 143.12)
(-3.98, 136.08)
(-3.97, 136.57)
(-16.86, 138.71)
(-14.72, 133.15)
(-12.01, 124.62)
(-12.72, 125.14)
(-4520.04, 28081.50)
(-4552.69, 28239.10)
(-4527.70, 28231.01)
(-4508.50, 28168.89)
(-114.17, 250.01)
(32.32, 39.05)
(34.39, 66.94)
(45.19, 63.84)
(-4515.02, 27458.29)
(-4383.63, 26832.86)
(-4181.26, 25884.63)
(-3987.09, 25050.64)
(1.21, 610.69)
(-17.07, 98.82)
(-13.43, 122.92)
(-2.01, 133.64)
(4.09, 136.05)
(40.93, 135.49)
(388.50, 66.36)
(387.99, 53.59)
(341.76, 49.26)
(-39.77, 55.05)
(-27.22, 64.20)
(-13.44, 74.07)
(-13.64, 73.12)
(-3894.52, 24565.14)
(-3910.74, 24578.83)
(-3954.90, 24799.15)
(211.89, 131.66)
(83.33, 175.10)
(75.61, 34.18)
(120.67, 56.54)
(84.04, 70.90)
(76.49, 68.77)
(-4808.96, 30681.99)
(-4890.16, 31884.94)
(-40.66, 112.14)
(-71.37, 121.56)
(-25.15, 87.40)
(-32.61, 84.14)
(104.11, 112.06)
(134.20, 114.73)
(135.30, 113.72)
(139.26, 112.48)
(141.19, 112.08)
(33.34, 94.89)
(-79.94, 7.85)
(-82.64, -10.16)
(3.77, 93.72)
(36.41, 121.01)
(28.22, 121.26)
(16.39, 116.67)
(18.08, 111.11)
(25.84, 113.11)
(30.90, 121.18)
(28.47, 127.78)
(25.63, 130.63)
(22.37, 141.47)
(21.46, 141.03)
(39.18, 159.59)
(42.85, 168.06)
(40.91, 164.01)
(35.58, 160.21)
(36.22, 164.52)
(36.05, 161.09)
(34.88, 160.74)
(33.09, 157.17)
(31.74, 156.74)
(33.45, 157.77)
(32.41, 159.94)
(32.74, 160.86)
(33.72, 158.95)
(35.54, 153.46)
(37.55, 149.35)
(37.10, 143.77)
(35.59, 139.77)
(36.16, 141.66)
(37.51, 142.74)
(36.59, 138.66)
(37.77, 131.92)
(39.68, 129.92)
(38.65, 128.28)
(29.45, 120.86)
(25.90, 119.33)
(25.09, 117.51)
(24.07, 115.20)
(24.51, 112.78)
(24.92, 110.63)
(24.08, 110.91)
(25.02, 116.21)
(25.44, 121.47)
(26.11, 130.47)
(27.09, 132.74)
(27.38, 137.83)
(25.58, 137.64)
(23.75, 137.80)
(24.29, 140.63)
(25.26, 140.60)
(26.05, 136.92)
(29.79, 133.88)
(30.42, 130.28)
(29.31, 128.18)
(26.52, 127.40)
(72.84, 154.21)
(83.68, 151.54)
(79.11, 139.78)
(77.14, 138.73)
(75.39, 138.24)
(-18.02, 149.11)
(-25.10, 153.58)
(-26.83, 153.79)
(-33.93, 146.34)
(6.98, 87.34)
(-3.93, 136.00)
(-8.27, 138.58)
(-10.71, 136.59)
(-5680.70, 36674.55)
(-5722.28, 36737.80)
(-5886.43, 37784.11)
(-5726.89, 36862.90)
(-66.14, -63.65)
(23.92, 95.83)
(19.23, 97.19)
(19.37, 96.50)
(-292.88, 92.63)
(-333.90, 75.54)
(-329.21, 47.09)
(-5863.23, 37256.57)
(-5781.58, 36609.78)
(154.48, 180.32)
(-10.18, 75.03)
(-16.29, 82.16)
(-15.44, 90.42)
(252.65, 72.79)
(385.47, 59.63)
(384.34, 53.62)
(382.57, 50.65)
(-40.34, 104.02)
(-39.39, 103.08)
(-34.58, 104.41)
(10.92, 119.92)
(16.82, 131.71)
(8.08, 138.37)
(4.74, 144.63)
(-0.53, 152.57)
(-11.80, 158.10)
(-8.63, 164.06)
(-2.49, 165.31)
(-2.03, 168.12)
(-0.24, 168.77)
(3.10, 170.22)
(0.70, 169.60)
(-1.51, 172.11)
(-8.84, 171.04)
(-13.79, 170.16)
(-13.89, 169.83)
(-13.62, 169.43)
(-15.72, 167.97)
(-16.43, 168.27)
(-18.09, 169.21)
(-17.84, 168.45)
(-17.91, 168.31)
(-15.67, 162.64)
(-13.43, 161.66)
(-13.67, 162.04)
(-13.42, 161.35)
(-11.55, 168.27)
(-12.87, 161.91)
(-4.50, 145.85)
(-4.27, 146.25)
(-1.77, 145.14)
(-0.89, 140.66)
(0.06, 136.14)
(9.91, 135.59)
(16.84, 136.23)
(10.00, 150.73)
(11.22, 149.12)
(11.84, 146.95)
(8.70, 144.95)
(6.71, 143.90)
(12.80, 135.40)
(14.64, 137.13)
(13.07, 139.44)
(12.39, 141.94)
(13.73, 143.01)
(13.57, 143.92)
(12.39, 146.40)
(12.62, 147.29)
(12.89, 145.92)
(13.93, 145.97)
(12.06, 144.56)
(12.26, 142.17)
(12.80, 138.05)
(10.47, 135.18)
(8.31, 138.20)
(3.08, 153.23)
(-3.15, 159.79)
(185.35, 130.09)
(49.95, 169.35)
(40.66, 194.22)
(41.67, 195.37)
(40.79, 197.76)
(43.01, 197.44)
(48.93, 190.45)
(63.89, 174.94)
(61.27, 172.85)
(-5713.82, 35949.06)
(43.96, 91.54)
(-5676.72, 35823.98)
(20.71, 38.47)
(-12.24, 134.26)
(-9.93, 138.54)
(-6.95, 138.85)
(-463.34, 76.76)
(-464.44, 80.67)
(-462.38, 78.05)
(126.33, 103.23)
(143.66, 109.02)
(142.75, 111.43)
(138.41, 102.71)
(-34.16, 154.40)
(-40.43, 157.81)
(-38.78, 154.78)
(-37.95, 150.04)
(-36.58, 146.85)
(-37.28, 144.99)
(-44.59, 129.51)
(-34.92, 119.94)
(19.49, 151.65)
(18.09, 168.76)
(19.08, 186.31)
(22.08, 184.97)
(27.30, 181.97)
(22.26, 189.09)
(24.59, 198.30)
(29.51, 191.38)
(27.70, 188.16)
(23.83, 186.27)
(19.00, 186.49)
(19.04, 185.91)
(18.70, 193.27)
(19.98, 205.57)
(18.14, 197.77)
(10.07, 190.81)
(1.34, 189.13)
(0.75, 190.60)
(1.25, 190.24)
(-2.72, 189.29)
(-2.02, 190.87)
(0.93, 190.26)
(0.93, 189.65)
(-0.31, 188.31)
(0.90, 188.70)
(-3.68, 190.11)
(-5.16, 186.87)
(-3.44, 197.57)
(-4.93, 200.58)
(-6.09, 198.33)
(-4.82, 196.29)
(-3.47, 193.30)
(-9.01, 197.74)
(-7.76, 201.54)
(2.50, 195.72)
(8.31, 203.10)
(8.60, 211.30)
(10.67, 213.18)
(14.91, 213.34)
(19.11, 219.85)
(21.35, 215.82)
(27.25, 214.19)
(22.67, 213.56)
(15.58, 214.21)
(14.98, 212.80)
(9.21, 211.59)
(7.55, 212.47)
(2.50, 201.20)
(-9.54, 189.27)
(-10.24, 190.36)
(-13.08, 179.19)
(-11.52, 168.77)
(-9.00, 170.57)
(-24.17, 186.88)
(-26.22, 185.22)
(-51.22, 185.23)
(-48.47, 204.64)
(-60.12, 183.45)
(-46.18, 138.83)
(-54.14, 172.42)
(-56.62, 166.00)
(-54.17, 141.91)
(-52.24, 171.59)
(227.15, 180.07)
(241.75, 179.01)
(231.75, 177.18)
(231.62, 153.48)
(266.30, 96.08)
(294.10, 98.94)
(380.18, 146.79)
(381.36, 154.22)
(436.51, 185.18)
(438.34, 173.80)
(-3028.61, 19231.26)
(-3169.48, 20430.40)
(-2985.76, 19620.97)
(15.65, -36.56)
(73.35, 94.58)
(31.30, 65.02)
(-2982.88, 20769.37)
(-40.29, 193.17)
(-2631.59, 18730.29)
(-310.96, 232.56)
(-87.07, 64.77)
(-77.47, 53.96)
(14.30, 72.67)
(35.20, 92.09)
(36.62, 94.61)
(39.04, 91.98)
(39.23, 91.21)
(36.73, 85.26)
(24.24, 87.94)
(-3607.39, 24008.44)
(-3628.83, 23890.12)
(29.55, 60.31)
(11.49, 89.75)
(-12.19, 108.99)
(-17.28, 114.45)
(-13.25, 118.94)
(8.48, 117.83)
(12.32, 105.41)
(17.62, 97.13)
(22.11, 104.31)
(27.01, 107.15)
(31.44, 109.90)
(18.05, 111.23)
(1.23, 109.68)
(-1.53, 109.00)
(-1.19, 109.60)
(1.82, 130.46)
(3.77, 138.99)
(4.77, 138.02)
(3.84, 141.43)
(0.38, 142.00)
(0.58, 141.09)
(3.40, 156.64)
(12.55, 180.00)
(18.36, 155.61)
(70.68, 125.15)
(64.98, 137.60)
(68.89, 146.46)
(68.04, 139.85)
(65.55, 132.60)
(64.90, 126.86)
(67.98, 129.99)
(32.59, 166.41)
(37.00, 165.72)
(17.48, 164.53)
(44.17, 164.96)
(51.14, 166.93)
(52.06, 169.18)
(53.48, 167.77)
(52.22, 160.91)
(41.19, 158.85)
(18.55, 152.47)
(23.05, 165.66)
(31.64, 170.22)
(42.37, 158.57)
(41.57, 152.93)
(46.47, 154.09)
(44.07, 138.95)
(36.33, 138.23)
(24.91, 126.57)
(14.95, 116.19)
(35.38, 132.74)
(50.90, 151.38)
(57.17, 158.74)
(44.45, 176.70)
(49.75, 180.49)
(63.10, 171.13)
(62.56, 167.92)
(61.42, 168.98)
(49.98, 161.58)
(55.02, 163.92)
(57.64, 163.98)
(59.32, 162.23)
(60.81, 161.13)
(60.70, 162.23)
(62.33, 165.56)
(63.43, 165.32)
(62.69, 164.27)
(62.81, 163.75)
(63.60, 161.26)
(62.37, 157.10)
(60.86, 159.79)
(61.22, 161.10)
(61.30, 161.31)
(61.11, 161.89)
(62.64, 165.73)
(62.62, 164.55)
(63.05, 162.65)
(63.49, 158.49)
(62.96, 153.98)
(47.98, 146.70)
(569.21, 947.66)
(30.17, 153.19)
(40.53, 156.45)
(43.03, 153.27)
(46.93, 154.19)
(49.57, 156.27)
(50.88, 153.62)
(50.88, 153.88)
(-5.91, 152.33)
(42.57, 150.71)
(-2.09, 150.25)
(-32.81, 155.57)
(-34.57, 167.33)
(-8.55, 180.79)
(18.17, 187.77)
(-2.22, 190.50)
(-14.54, 190.95)
(-5.47, 195.61)
(36.82, 182.69)
(6.10, 183.53)
(-9.62, 183.85)
(-5.67, 187.00)
(-2.61, 189.75)
(-3.21, 191.26)
(-4.33, 190.79)
(-3.68, 190.00)
(-5.51, 190.03)
(-7.51, 187.77)
(-8.08, 187.72)
(-7.94, 188.54)
(-8.47, 191.44)
(-9.59, 193.18)
(-10.50, 192.43)
(-12.39, 192.16)
(-14.41, 192.69)
(-20.48, 194.75)
(-19.07, 199.38)
(-16.91, 196.53)
(-16.57, 189.34)
(-12.79, 182.26)
(-8.95, 183.29)
(-8.13, 176.19)
(-4.30, 175.06)
(2.58, 180.67)
(-1.68, 166.23)
(0.05, 164.87)
(-0.57, 163.85)
(-1.38, 164.34)
(0.53, 175.39)
(2.76, 180.87)
(1.23, 182.75)
(2.12, 185.71)
(5.73, 187.00)
(2.94, 185.16)
(1.49, 183.47)
(1.97, 186.30)
(0.54, 185.72)
(-1.00, 184.43)
(1.95, 186.27)
(4.50, 187.45)
(3.04, 184.76)
(8.97, 186.74)
(15.17, 187.97)
(13.75, 185.37)
(14.06, 183.26)
(15.41, 185.47)
(15.41, 183.38)
(15.00, 181.87)
(16.87, 182.06)
(-5376.45, 36084.61)
(-5495.04, 37060.48)
(-5589.46, 37060.63)
(-5719.15, 38447.26)
(-26.27, 30.63)
(-139.03, 162.99)
(-144.05, 123.66)
(-116.81, 114.68)
(-104.63, 95.56)
(104.46, 170.88)
(126.02, 223.81)
(133.00, 226.81)
(95.30, 208.80)
(-0.69, 204.46)
(-4.10, 184.64)
(7.66, 98.55)
(-3360.90, 24197.89)
(43.25, 116.90)
(-4345.23, 30462.90)
(44.86, 159.37)
(-4413.78, 30516.90)
(48.82, 58.82)
(-4.02, 119.43)
(-1.60, 125.45)
(31.65, 113.65)
(28.90, 110.37)
(43.61, 110.81)
(-3144.93, 21868.05)
(-3051.30, 21694.01)
(-3090.54, 21483.20)
(-51.89, -49.93)
(7.22, 81.11)
(15.04, 121.89)
(-10.52, 141.09)
(-10.81, 124.03)
(-1.89, 112.27)
(-2.00, 117.79)
(-0.45, 102.61)
(8.18, 99.86)
(3.42, 108.06)
(-2.51, 109.44)
(-9.64, 109.85)
(-15.11, 125.77)
(-14.47, 143.60)
(-17.72, 135.18)
(-11.40, 139.97)
(-10.04, 156.06)
(-4.77, 160.05)
(2.95, 161.35)
(11.42, 164.61)
(10.60, 180.51)
(11.09, 176.20)
(12.04, 171.35)
(15.58, 181.29)
(11.63, 180.46)
(5.16, 182.19)
(13.33, 215.33)
(10.42, 212.13)
(-5.18, 210.45)
(-23.53, 212.93)
(-23.18, 213.12)
(-18.18, 208.86)
(-13.10, 199.03)
(-13.49, 190.97)
(-16.12, 197.39)
(-14.44, 198.94)
(522.00, 94.13)
(523.69, 85.56)
(255.91, 100.33)
(30.08, 163.78)
(31.93, 160.03)
(17.99, 153.61)
(19.61, 154.97)
(44.43, 156.87)
(42.81, 154.99)
(41.50, 152.40)
(38.27, 152.64)
(37.52, 159.07)
(36.71, 156.04)
(35.16, 154.55)
(36.78, 150.54)
(38.67, 156.94)
(48.99, 160.15)
(62.12, 163.58)
(61.52, 165.39)
(64.27, 165.70)
(64.92, 166.06)
(60.03, 166.71)
(49.96, 170.49)
(46.82, 170.64)
(45.82, 170.14)
(46.15, 170.29)
(46.60, 171.72)
(47.24, 175.79)
(46.05, 174.78)
(51.79, 184.73)
(53.80, 191.20)
(53.70, 190.42)
(54.08, 194.32)
(53.38, 194.45)
(54.29, 193.17)
(54.02, 194.50)
(53.12, 192.02)
(52.30, 190.41)
(53.11, 190.62)
(62.72, 181.12)
(45.55, 88.01)
(-62.63, 61.07)
(-67.89, 82.23)
(-64.74, 86.16)
(-64.66, 85.84)
(452.84, 75.28)
(504.77, 76.71)
(502.85, 82.57)
(64.31, 171.31)
(63.37, 177.61)
(63.02, 173.29)
(64.84, 173.34)
(64.16, 169.24)
(151.96, 150.80)
(35.81, 237.80)
(19.47, 236.84)
(28.17, 236.73)
(35.51, 216.76)
(35.18, 209.12)
(34.71, 220.60)
(31.39, 225.46)
(30.49, 231.61)
(28.46, 232.23)
(31.08, 236.28)
(34.95, 240.45)
(29.95, 232.59)
(31.06, 227.44)
(30.93, 223.63)
(25.11, 205.61)
(22.96, 199.87)
(21.71, 200.53)
(30.48, 209.20)
(30.67, 214.03)
(32.84, 218.14)
(35.29, 215.50)
(29.35, 208.98)
(25.86, 210.27)
(45.08, 196.77)
(51.29, 186.23)
(47.68, 178.65)
(-28.53, 178.03)
(-148.00, 169.47)
(-146.59, 169.78)
(-149.09, 165.91)
(-149.54, 163.06)
(-149.86, 155.21)
(-149.78, 150.37)
(-157.36, 150.51)
(-156.30, 152.93)
(-151.34, 159.71)
(-143.61, 169.37)
(-141.06, 171.89)
(-141.22, 170.85)
(-141.83, 173.08)
(-143.11, 174.68)
(-143.71, 174.05)
(-145.97, 171.68)
(-147.41, 169.65)
(-152.04, 164.01)
(-154.10, 161.85)
(-153.49, 163.82)
(-153.40, 165.32)
(-154.30, 164.78)
(-151.79, 166.13)
(-152.35, 165.88)
(-157.37, 163.95)
(-160.42, 163.16)
(-156.27, 161.90)
(-155.84, 162.30)
(-156.97, 160.80)
(-156.91, 162.16)
(-158.87, 161.75)
(-165.66, 160.84)
(-162.95, 161.30)
(-160.17, 159.25)
(51.73, 131.92)
(73.44, 158.93)
(65.92, 152.16)
(15.52, 158.62)
(-1.46, 141.70)
(-23.03, 141.49)
(15.44, 152.29)
(17.84, 151.03)
(19.33, 360.97)
(-5.32, 614.31)
(-12.49, 603.59)
(-193.85, 766.04)
(-225.92, 794.98)
(-178.64, 826.23)
(-48.37, 928.61)
(2.94, 955.79)
(-23.29, 952.11)
(-13.08, 946.57)
(3.28, 961.64)
(-1876.79, 13656.10)
(-2097.39, 15689.51)
(-2412.33, 18872.25)
(-26.47, -128.42)
(-38.64, -4.67)
(-57.67, 9.29)
(-74.19, 14.93)
(-79.78, 14.03)
(-99.18, 17.66)
(28.24, 312.97)
(27.31, 300.33)
(36.17, 294.04)
(1.57, 226.96)
(4.76, 231.83)
(2.50, 231.71)
(0.49, 226.84)
(-4.14, 224.87)
(-4.86, 224.66)
(0.09, 226.46)
(8.67, 225.60)
(10.70, 227.20)
(3.81, 221.23)
(-2.94, 213.38)
(-4.62, 213.24)
(-6.06, 216.09)
(1.46, 228.30)
(0.09, 228.20)
(-1.15, 225.26)
(1.25, 219.30)
(0.88, 221.45)
(-3.10, 232.31)
(-4.47, 237.30)
(-11.17, 235.25)
(-13.24, 233.58)
(-12.09, 224.40)
(-12.48, 205.24)
(-11.18, 201.23)
(-14.65, 191.67)
(1.19, 173.56)
(12.81, 140.17)
(14.83, 138.83)
(15.04, 136.43)
(15.38, 134.75)
(17.37, 133.28)
(19.02, 131.03)
(19.38, 127.28)
(21.72, 129.07)
(24.57, 137.94)
(26.22, 148.42)
(26.05, 146.66)
(28.25, 148.78)
(27.60, 149.59)
(26.15, 146.72)
(16.73, 128.51)
(-25.99, 127.62)
(-48.96, 177.16)
(-44.49, 169.38)
(-37.98, 161.76)
(-35.91, 159.66)
(-38.21, 153.61)
(17.40, 163.70)
(23.72, 173.65)
(22.80, 174.04)
(21.72, 175.58)
(25.05, 175.52)
(28.64, 174.79)
(28.97, 173.72)
(28.58, 172.54)
(28.48, 174.07)
(-2729.28, 20539.52)
(-2708.14, 20619.38)
(-2314.81, 18387.70)
(-1849.24, 15186.57)
(375.92, 1229.17)
(447.61, 1121.81)
(509.42, 1126.66)
(469.87, 1033.87)
(-194.08, 917.09)
(-1091.21, 11904.79)
(-509.89, 929.82)
(-1625.32, 14725.88)
(66.54, 1329.42)
(23.93, 1203.96)
(-1770.07, 13817.81)
(-101.52, 1107.47)
(-11.66, 1120.69)
(18.68, 1003.41)
(15.40, 956.72)
(6.20, 994.59)
(-339.52, 962.22)
(-333.45, 934.81)
(-346.77, 954.15)
(-109.40, 2376.78)
(-218.99, 963.53)
(-87.13, 1033.95)
(14.44, 951.36)
(-1718.43, 14594.49)
(-74.76, 949.87)
(-118.97, 729.49)
(-1738.67, 14230.09)
(-12.52, 667.14)
(-1822.29, 14723.06)
(-33.52, 528.81)
(-38.25, 506.36)
(-56.80, 480.30)
(-1913.80, 14474.00)
(37.51, 754.23)
(-1999.34, 15049.39)
(21.66, -158.47)
(-41.32, 5.61)
(103.89, 35.22)
(-2489.97, 17200.19)
(-2313.18, 16573.70)
(-2515.15, 18292.91)
(-3183.75, 20629.13)
(-3062.54, 19003.07)
(-382.42, 210.02)
(-2612.44, 16539.04)
(-444.60, 18.84)
(-2727.34, 17970.74)
(-407.74, 278.57)
(-384.50, 258.36)
(-421.18, 255.47)
(0.04, 177.17)
(82.55, 69.10)
(83.97, 88.54)
(81.55, 99.06)
(76.40, 97.85)
(84.28, 81.76)
(88.50, 72.96)
(-2640.91, 18045.39)
(-2598.18, 17688.50)
(-2365.45, 15805.23)
(-2472.06, 16223.44)
(57.89, -26.31)
(35.41, 64.92)
(28.14, 44.65)
(169.06, 78.66)
(190.88, 75.19)
(196.38, 61.24)
(197.80, 66.09)
(196.98, 68.60)
(197.27, 74.74)
(198.47, 68.21)
(212.67, 66.78)
(216.92, 70.23)
(210.89, 67.67)
(212.32, 65.38)
(-4.63, 125.39)
(-2.31, 131.76)
(4.92, 121.08)
(19.72, 119.08)
(20.55, 78.51)
(-2490.24, 16639.98)
(-2590.45, 17450.99)
(93.48, -29.93)
(-2866.77, 18752.23)
(93.16, 78.49)
(112.76, 170.17)
(109.84, 166.62)
(115.92, 156.37)
(447.03, 126.55)
(459.65, 105.65)
(261.34, 115.69)
(-33.13, 116.63)
(-20.10, 112.28)
(-22.86, 115.95)
(-20.41, 110.39)
(-20.39, 105.03)
(-20.44, 105.19)
(-18.30, 111.93)
(71.92, 198.07)
(38.22, 238.41)
(43.91, 215.13)
(44.16, 206.44)
(44.11, 205.20)
(44.15, 207.73)
(39.39, 208.68)
(38.47, 202.11)
(36.37, 205.78)
(34.12, 210.39)
(31.29, 210.19)
(28.72, 210.81)
(28.60, 210.14)
(29.19, 207.95)
(26.19, 205.39)
(-22.13, 166.09)
(-23.75, 163.92)
(-18.67, 161.70)
(-17.03, 159.15)
(-18.62, 155.22)
(-8.54, 160.15)
(10.30, 169.13)
(22.73, 175.27)
(24.98, 184.72)
(26.04, 190.21)
(31.35, 190.24)
(30.90, 187.00)
(33.02, 185.82)
(30.12, 120.59)
(26.96, 92.25)
(27.22, 83.56)
(29.91, 81.80)
(31.75, 80.73)
(32.35, 76.54)
(31.12, 81.48)
(28.16, 81.10)
(23.28, 79.57)
(20.46, 82.84)
(16.87, 85.44)
(15.28, 88.24)
(15.81, 92.57)
(15.15, 97.45)
(10.98, 96.86)
(8.45, 96.58)
(10.72, 97.46)
(11.90, 95.99)
(18.97, 98.53)
(26.72, 106.81)
(31.05, 105.89)
(33.28, 104.27)
(36.30, 111.66)
(38.26, 220.09)
(39.00, 226.19)
(41.80, 235.67)
(41.59, 234.17)
(41.78, 235.58)
(38.48, 232.36)
(38.22, 226.85)
(37.18, 216.57)
(13.21, 100.45)
(38.96, 26.66)
(55.82, 28.75)
(55.37, 24.68)
(56.44, 14.17)
(-24.75, 142.75)
(-25.01, 149.79)
(-19.10, 152.63)
(-14.24, 153.24)
(22.77, 153.05)
(53.78, 158.69)
(5.12, 225.78)
(24.97, 232.52)
(47.00, 254.84)
(54.37, 259.07)
(54.28, 252.92)
(52.84, 246.60)
(52.56, 247.22)
(52.66, 243.23)
(51.11, 240.38)
(50.52, 237.91)
(45.60, 214.60)
(37.98, 179.96)
(35.13, 178.17)
(36.03, 178.08)
(36.22, 178.26)
(34.87, 178.46)
(35.51, 178.86)
(36.70, 178.22)
(38.62, 178.68)
(37.94, 183.52)
(39.95, 186.68)
(46.33, 187.00)
(47.32, 188.47)
(47.28, 190.63)
(46.63, 191.46)
(47.75, 198.10)
(52.93, 52.16)
(58.69, 42.78)
(58.52, 41.37)
(28.73, 193.09)
(35.40, 204.77)
(40.33, 206.58)
(32.38, 203.83)
(44.14, 203.87)
(41.54, 203.27)
(35.61, 197.98)
(38.99, 200.16)
(40.83, 201.75)
(47.42, 214.92)
(48.61, 215.58)
(-24.09, 48.55)
(-58.78, -77.12)
(-59.06, -76.78)
(-58.01, -76.78)
(-59.26, -76.74)
(-58.92, -75.41)
(42.58, 189.59)
(52.76, 232.61)
(46.05, 225.07)
(28.11, 244.01)
(-9.68, 165.98)
(51.42, 196.69)
(56.03, 224.26)
(40.09, 222.42)
(40.41, 215.50)
(33.36, 202.35)
(30.59, 205.03)
(28.76, 204.03)
(27.78, 198.67)
(27.43, 192.64)
(3.99, 70.09)
(36.85, 46.45)
(53.04, 69.40)
(57.98, 65.91)
(59.18, 60.02)
(-308.76, 71.37)
(-313.44, 76.60)
(-309.05, 84.55)
(-307.18, 92.24)
(-306.48, 90.32)
(-302.62, 93.04)
(-192.38, 107.75)
(95.52, 107.74)
(98.15, 103.06)
(113.37, 84.59)
(-3297.49, 21183.14)
(122.39, 22.36)
(75.63, 77.74)
(90.14, 92.32)
(91.39, 86.38)
(-262.91, 138.82)
(-265.80, 137.16)
(120.63, 146.97)
(122.54, 150.65)
(174.14, 147.98)
(177.46, 144.75)
(178.58, 143.88)
(183.87, 143.91)
(181.38, 142.06)
(63.10, 55.04)
(24.16, 192.69)
(30.01, 185.58)
(33.64, 186.56)
(32.68, 182.27)
(29.72, 183.55)
(29.86, 181.12)
(30.90, 176.11)
(32.99, 167.44)
(33.21, 166.39)
(35.86, 167.41)
(29.39, 163.76)
(-16.79, 92.98)
(-17.49, 86.56)
(35.71, 153.28)
(46.81, 182.26)
(37.11, 175.29)
(53.71, 188.78)
(58.09, 192.81)
(61.52, 192.25)
(64.80, 192.37)
(64.68, 191.94)
(60.90, 191.79)
(62.83, 194.76)
(56.17, 193.93)
(58.11, 209.52)
(59.49, 226.36)
(65.47, 228.09)
(65.10, 220.81)
(62.20, 186.50)
(64.15, 182.46)
(63.15, 179.11)
(62.27, 175.64)
(62.64, 175.81)
(61.63, 174.63)
(61.37, 171.51)
(59.71, 173.70)
(60.66, 175.02)
(65.42, 178.12)
(70.53, 179.09)
(74.52, 179.93)
(72.74, 180.38)
(65.83, 181.72)
(63.13, 185.55)
(69.43, 186.94)
(68.86, 186.48)
(64.36, 185.37)
(60.72, 182.30)
(51.35, 174.04)
(48.54, 171.04)
(50.54, 172.70)
(47.92, 171.34)
(43.98, 170.53)
(44.50, 173.31)
(41.52, 172.19)
(38.11, 169.50)
(37.75, 170.17)
(39.70, 173.28)
(39.08, 171.81)
(41.68, 166.88)
(-3220.36, 19997.13)
(32.63, 87.80)
(45.08, 124.99)
(49.70, 126.67)
(51.43, 126.89)
(49.46, 124.85)
(52.67, 122.10)
(52.45, 120.13)
(79.89, 226.11)
(73.38, 235.13)
(76.37, 234.38)
(76.22, 228.67)
(77.29, 225.58)
(78.84, 222.97)
(76.32, 217.46)
(74.02, 215.78)
(59.65, 207.02)
(43.41, 183.27)
(39.72, 175.71)
(41.59, 174.97)
(42.46, 173.44)
(41.39, 171.55)
(40.47, 170.54)
(41.83, 209.55)
(44.91, 199.94)
(44.08, 189.92)
(43.90, 184.15)
(41.09, 182.40)
(27.48, 142.64)
(-13.68, 156.20)
(47.94, 203.28)
(56.03, 195.63)
(61.26, 212.13)
(-3377.62, 20724.81)
(50.88, 147.13)
(63.79, 213.12)
(57.83, 206.26)
(69.38, 199.93)
(70.19, 197.00)
(63.66, 193.87)
(63.19, 190.11)
(72.05, 188.49)
(71.54, 189.21)
(70.69, 193.01)
(91.21, 219.81)
(92.00, 221.16)
(88.18, 217.47)
(87.63, 216.82)
(93.08, 223.00)
(91.73, 220.50)
(86.97, 216.24)
(97.08, 224.83)
(97.13, 225.15)
(91.51, 220.96)
(89.08, 221.54)
(92.28, 224.47)
(90.08, 223.46)
(85.51, 219.51)
(62.78, 375.46)
(50.42, 378.79)
(49.99, 380.29)
(51.39, 336.36)
(52.98, 287.70)
(53.21, 280.40)
(53.83, 275.74)
(50.84, 269.33)
(48.61, 267.11)
(45.66, 260.14)
(32.93, 199.84)
(28.19, 189.29)
(34.80, 202.61)
(46.78, 218.83)
(49.71, 218.77)
(-3364.60, 20800.79)
(22.37, 151.23)
(28.96, 205.43)
(32.80, 215.70)
(41.81, 217.39)
(43.99, 213.52)
(44.11, 209.53)
(42.34, 209.71)
(43.55, 213.14)
(44.50, 215.06)
(45.82, 216.95)
(-3274.60, 20172.28)
(3.34, 106.69)
(14.30, 198.55)
(23.65, 220.39)
(21.53, 211.95)
(23.38, 216.80)
(27.68, 215.87)
(32.68, 214.81)
(-3263.81, 20087.99)
(10.28, 153.51)
(15.84, 214.30)
(31.43, 216.67)
(35.85, 214.73)
(436.55, 1.16)
(468.68, -20.63)
(66.46, 142.14)
(56.06, 162.09)
(61.02, 163.46)
(55.18, 189.28)
(36.94, 201.56)
(33.55, 204.02)
(32.36, 204.02)
(31.43, 208.12)
(41.63, 228.74)
(47.67, 239.78)
(49.39, 245.70)
(53.12, 249.39)
(55.70, 251.42)
(58.20, 253.30)
(57.39, 250.93)
(49.67, 240.93)
(49.09, 240.27)
(38.48, 244.18)
(28.03, 243.38)
(26.70, 242.86)
(31.63, 234.40)
(34.89, 231.77)
(36.32, 232.62)
(39.87, 234.42)
(40.79, 233.29)
(39.37, 227.54)
(43.91, 229.18)
(45.17, 229.50)
(47.32, 232.87)
(43.99, 237.71)
(39.30, 238.67)
(36.67, 238.35)
(36.63, 238.31)
(36.30, 238.43)
(37.36, 238.17)
(37.14, 238.20)
(36.74, 238.41)
(34.29, 232.40)
(30.19, 222.95)
(31.32, 220.29)
(33.52, 219.30)
(34.06, 215.39)
(37.02, 217.41)
(36.28, 216.32)
(36.00, 216.04)
(44.92, 225.51)
(53.94, 228.13)
(48.89, 230.54)
(49.81, 230.67)
(50.54, 235.11)
(47.34, 234.49)
(47.88, 231.46)
(53.27, 229.90)
(52.55, 225.53)
(47.29, 221.57)
(47.16, 228.34)
(43.08, 220.98)
(39.78, 218.25)
(42.93, 222.26)
(37.24, 221.30)
(39.12, 213.08)
(46.44, 216.67)
(-5.82, 99.00)
(14.36, 228.56)
(32.32, 228.92)
(48.54, 231.39)
(63.10, 222.44)
(52.32, 197.25)
(67.28, 200.74)
(57.69, 192.71)
(53.89, 170.38)
(50.77, 105.10)
(39.23, 174.51)
(50.13, 203.26)
(52.74, 190.67)
(-2927.04, 17415.36)
(-2646.00, 16328.88)
(-2571.16, 16284.47)
(609.07, 228.61)
(-2596.54, 15341.63)
(86.98, 85.57)
(84.91, 99.24)
(97.75, 97.18)
(125.45, 96.60)
(130.14, 94.31)
(137.71, 94.55)
(128.67, 101.15)
(-2649.72, 16876.46)
(51.20, 145.47)
(34.29, 155.43)
(36.88, 157.46)
(46.64, 153.48)
(58.41, 145.36)
(59.51, 141.94)
(56.36, 139.72)
(56.67, 139.69)
(-59.92, 126.14)
(-2835.30, 17677.05)
(-2820.23, 17594.92)
(-2767.92, 17131.90)
(-2867.37, 17801.20)
(-2971.55, 18424.64)
(-2995.25, 18491.03)
(-3018.52, 18571.93)
(-3025.97, 18697.23)
(-2971.25, 18603.34)
(-2951.16, 18485.26)
(-2969.33, 18451.61)
(-2977.62, 18494.49)
(-2960.97, 18516.97)
(-3023.33, 18980.76)
(-3016.11, 18942.72)
(-3017.31, 19039.46)
(-3033.15, 19095.18)
(-3069.30, 19220.49)
(-3038.69, 19017.85)
(-3096.20, 19425.49)
(-3104.33, 19530.84)
(-3143.63, 19841.76)
(-3105.67, 19590.22)
(-3069.22, 19273.49)
(-3037.70, 19022.12)
(-3103.82, 19414.44)
(-3075.40, 19226.69)
(-3104.08, 19424.28)
(-3077.07, 19248.35)
(-3075.53, 19141.70)
(-3061.83, 18994.65)
(-3136.45, 19394.25)
(-3126.70, 19402.69)
(-3164.92, 19577.20)
(-3198.18, 19743.25)
(-3257.39, 20028.50)
(-3216.73, 19727.05)
(-3284.47, 20063.60)
(-3329.66, 20331.26)
(-3297.81, 20152.52)
(-3262.06, 20002.85)
(-3293.96, 20059.44)
(-3255.49, 19883.06)
(-3207.49, 19598.81)
(-3236.60, 19765.12)
(-3246.26, 19975.53)
(-3257.81, 19998.74)
(-3217.75, 19872.54)
(-3218.42, 19907.24)
(-3179.27, 19624.44)
(-3.52, -4.99)
(-1.48, -10.68)
(-5.87, -13.80)
(-5.80, -13.15)
(-3.14, -10.35)
(-5.49, -13.37)
(-4.75, -13.39)
(0.22, -11.86)
(-2.21, -13.83)
(-5.32, -13.40)
(-0.98, -9.61)
(1.41, -8.97)
(1.60, -10.47)
(15.38, 85.18)
(-3208.19, 19636.56)
(-1.60, 72.13)
(-0.30, 85.41)
(2.72, 79.01)
(-0.14, 70.01)
(-2.55, 64.56)
(-3.48, 63.61)
(-14.07, 105.20)
(-23.79, 112.47)
(-24.51, 114.79)
(-15.80, 123.66)
(0.82, 140.16)
(-7.19, 125.77)
(-7.18, 120.96)
(-3.83, 119.59)
(-4.30, 118.80)
(-10.68, 117.75)
(-14.09, 119.05)
(-16.00, 119.34)
(-17.11, 119.78)
(-17.60, 118.72)
(-15.95, 117.88)
(-14.95, 116.47)
(-15.11, 115.25)
(-13.60, 111.77)
(-20.25, 53.13)
(7.86, 83.75)
(21.88, 84.80)
(23.01, 79.93)
(19.71, 74.75)
(18.62, 74.24)
(468.28, -37.24)
(464.34, -39.63)
(10.75, 65.94)
(-8.94, 97.00)
(-11.92, 92.27)
(2.12, 93.30)
(14.38, 100.21)
(19.39, 102.54)
(19.37, 102.92)
(18.90, 101.72)
(21.42, 100.58)
(21.29, 99.65)
(21.73, 101.31)
(23.31, 103.34)
(25.37, 102.21)
(26.34, 101.25)
(28.13, 101.57)
(28.13, 97.83)
(146.76, 104.16)
(63.50, 154.32)
(62.16, 148.23)
(68.07, 146.69)
(61.57, 143.84)
(26.57, 133.38)
(18.28, 136.19)
(21.83, 137.94)
(17.83, 138.32)
(15.00, 139.39)
(14.91, 140.33)
(13.05, 140.73)
(9.98, 138.57)
(8.84, 138.13)
(9.39, 138.34)
(9.78, 140.99)
(9.55, 139.94)
(10.67, 141.07)
(11.52, 140.84)
(13.23, 137.36)
(14.03, 136.32)
(16.10, 135.66)
(18.08, 135.30)
(18.42, 134.21)
(18.08, 131.16)
(17.88, 131.05)
(18.27, 131.80)
(18.55, 130.64)
(20.10, 129.02)
(23.33, 127.85)
(24.46, 124.70)
(25.44, 120.54)
(24.97, 119.67)
(25.69, 119.73)
(26.42, 117.70)
(27.01, 115.69)
(29.04, 116.38)
(27.09, 118.76)
(26.12, 124.69)
(27.07, 130.52)
(27.20, 132.97)
(26.81, 134.39)
(27.37, 136.23)
(28.21, 137.01)
(27.96, 135.49)
(28.57, 138.25)
(28.24, 139.07)
(29.64, 140.68)
(29.01, 140.55)
(29.21, 138.78)
(29.36, 139.10)
(30.69, 140.80)
(31.01, 140.68)
(2.28, 137.13)
(-6.69, 136.72)
(-9.91, 137.90)
(4.72, 143.48)
(11.46, 140.05)
(14.32, 139.32)
(16.62, 139.79)
(18.93, 144.34)
(18.12, 144.93)
(18.48, 141.83)
(19.92, 138.61)
(-3.50, 134.59)
(-6.69, 133.52)
(-6.79, 132.71)
(-4.16, 133.08)
(-2.52, 130.07)
(4.15, 131.54)
(0.82, 132.81)
(-1.46, 138.92)
(-1.97, 143.90)
(-2.93, 142.99)
(258.60, 106.87)
(31.80, 139.10)
(19.18, 135.57)
(25.74, 135.28)
(30.66, 136.51)
(-23.22, 201.02)
(-19.22, 174.82)
(-11.61, 187.86)
(-6.08, 171.69)
(1.07, 162.90)
(3.41, 159.76)
(2.51, 153.19)
(2.18, 154.20)
(3.99, 156.64)
(17.27, 155.77)
(21.20, 155.63)
(24.20, 154.82)
(23.67, 152.46)
(22.96, 149.32)
(21.61, 141.53)
(19.06, 151.47)
(14.54, 162.66)
(14.86, 164.56)
(15.65, 164.34)
(19.40, 158.73)
(24.50, 158.20)
(26.35, 149.39)
(29.23, 141.82)
(27.99, 139.76)
(29.28, 140.68)
(30.73, 141.85)
(31.56, 144.19)
(32.50, 150.90)
(28.50, 162.17)
(18.64, 206.26)
(10.93, 201.77)
(-4.98, 179.61)
(-13.85, 174.00)
(-13.80, 178.41)
(-13.36, 179.69)
(-16.07, 172.75)
(-21.80, 171.94)
(-23.60, 170.60)
(-23.78, 171.88)
(-24.96, 172.31)
(-26.55, 172.86)
(-25.55, 173.97)
(-26.34, 174.33)
(-26.73, 172.05)
(-24.87, 171.99)
(-21.02, 175.24)
(16.25, 181.07)
(25.31, 182.98)
(29.40, 188.77)
(23.97, 187.11)
(-7.46, 172.15)
(-9.94, 174.99)
(-27.02, 89.68)
(-25.21, 143.48)
(-6.74, 147.10)
(-0.86, 143.10)
(-0.38, 139.33)
(-13.16, 144.47)
(-18.99, 149.48)
(-18.28, 148.47)
(-13.47, 145.05)
(-12.77, 143.34)
(-11.27, 143.19)
(-8.36, 151.59)
(-11.31, 153.83)
(-7.81, 158.14)
(-4.51, 164.92)
(-3.90, 168.26)
(-3.38, 171.19)
(-3.38, 172.10)
(-13.21, 176.92)
(-20.06, 178.47)
(-21.75, 176.93)
(-22.37, 174.00)
(-22.64, 174.51)
(-22.33, 172.57)
(-22.06, 169.60)
(-19.31, 169.47)
(-19.08, 165.35)
(-18.40, 167.05)
(-15.62, 172.70)
(-14.72, 178.04)
(-16.11, 175.90)
(-17.49, 172.55)
(-13.39, 171.67)
(-15.49, 169.28)
(-13.55, 166.91)
(-6.40, 162.87)
(-5.01, 164.16)
(-6.47, 166.03)
(-1.87, 165.91)
(0.87, 162.79)
(2.24, 160.13)
(5.00, 160.70)
(3.61, 163.21)
(10.61, 176.52)
(16.80, 184.34)
(11.31, 190.34)
(12.94, 167.82)
(15.76, 166.33)
(16.27, 174.67)
(17.05, 191.72)
(15.29, 183.49)
(22.73, 181.62)
(20.36, 204.46)
(9.62, 202.95)
(-8.93, 199.89)
(-10.24, 196.79)
(-4.82, 189.03)
(-5.98, 195.54)
(-6.05, 198.21)
(-3.16, 198.87)
(-5.55, 200.02)
(-11.67, 200.96)
(-13.40, 202.52)
(-15.48, 200.48)
(-15.34, 201.64)
(-15.74, 202.48)
(-15.35, 202.86)
(-5.97, 203.18)
(-0.54, 208.90)
(1.27, 213.70)
(-5.22, 206.94)
(-11.52, 201.50)
(-12.03, 201.60)
(-12.27, 199.33)
(-14.33, 196.39)
(-13.81, 194.73)
(-12.40, 195.04)
(-11.97, 193.64)
(-12.02, 191.28)
(-11.47, 191.66)
(-12.80, 186.31)
(-11.24, 185.74)
(-6.99, 190.85)
(-4.11, 195.50)
(-1.97, 195.51)
(-0.60, 195.81)
(-0.75, 196.58)
(-4.74, 195.08)
(-5.20, 197.35)
(-3.54, 199.18)
(-4.46, 198.86)
(-4.28, 199.84)
(-4.71, 198.03)
(-7.82, 194.32)
(-14.24, 190.32)
(-15.73, 190.32)
(-15.16, 190.39)
(-15.48, 188.60)
(-13.41, 189.53)
(-1.57, 189.74)
(17.40, 199.61)
(18.63, 204.96)
(10.48, 201.28)
(3.48, 199.51)
(0.37, 199.50)
(0.13, 196.53)
(-1.19, 195.70)
(0.14, 196.42)
(-1.59, 194.73)
(-2.28, 195.32)
(-2.28, 197.73)
(-1.34, 195.37)
(4.84, 198.84)
(3.84, 195.74)
(5.41, 195.75)
(8.90, 197.05)
(13.02, 195.07)
(15.20, 194.96)
(18.73, 196.59)
(24.02, 199.91)
(26.45, 204.42)
(26.59, 203.77)
(25.15, 199.19)
(26.81, 199.87)
(18.41, 193.93)
(14.28, 193.59)
(11.91, 199.37)
(0.07, 192.65)
(-2.47, 192.24)
(3.04, 196.04)
(5.95, 192.60)
(1.82, 186.46)
(3.16, 187.33)
(5.42, 151.05)
(15.61, 150.89)
(-3.99, 186.31)
(-2.44, 181.77)
(-2.40, 178.79)
(0.13, 168.03)
(0.62, 167.82)
(1.60, 166.43)
(8.98, 171.09)
(17.56, 176.17)
(-3620.85, 21375.72)
(-2.91, 135.78)
(0.42, 165.62)
(11.86, 142.47)
(12.05, 136.52)
(13.31, 134.78)
(15.09, 134.97)
(14.74, 132.14)
(12.10, 150.77)
(17.99, 166.36)
(24.88, 166.55)
(26.73, 166.58)
(24.86, 169.19)
(17.60, 172.34)
(4.63, 173.85)
(12.64, 169.19)
(8.35, 175.15)
(6.18, 175.31)
(12.36, 161.46)
(14.25, 164.22)
(13.09, 166.27)
(14.21, 160.48)
(13.34, 157.14)
(13.70, 153.78)
(13.84, 150.73)
(13.28, 147.71)
(13.41, 146.93)
(13.01, 144.88)
(12.91, 146.05)
(15.28, 147.91)
(15.75, 149.61)
(19.46, 195.33)
(21.42, 195.46)
(17.15, 189.37)
(16.26, 189.94)
(19.30, 189.69)
(20.55, 188.66)
(15.14, 181.27)
(14.17, 176.31)
(19.46, 176.64)
(18.84, 173.42)
(11.18, 165.90)
(22.27, 179.69)
(24.71, 180.23)
(22.11, 170.89)
(29.61, 176.18)
(30.24, 179.19)
(17.46, 179.97)
(12.17, 184.19)
(19.49, 187.77)
(10.33, 184.91)
(14.52, 181.65)
(17.59, 180.80)
(14.66, 176.93)
(8.88, 172.71)
(13.70, 178.70)
(10.72, 179.09)
(7.80, 174.36)
(8.70, 174.44)
(40.00, 175.77)
(50.84, 174.86)
(31.75, 173.81)
(3.03, 174.18)
(1.56, 171.86)
(5.00, 172.12)
(6.32, 141.50)
(-16.53, 170.23)
(-13.01, 160.85)
(-8.02, 154.74)
(2.60, 135.56)
(8.90, 128.06)
(9.58, 124.30)
(9.54, 119.80)
(9.64, 118.23)
(14.23, 124.33)
(17.60, 127.84)
(17.61, 127.02)
(17.75, 127.46)
(17.92, 127.11)
(15.49, 125.60)
(14.60, 125.91)
(16.23, 127.78)
(14.24, 130.46)
(9.57, 157.28)
(12.86, 175.51)
(32.72, 160.67)
(23.92, 156.20)
(10.10, 154.38)
(9.86, 156.82)
(7.01, 156.55)
(11.05, 159.89)
(2.76, 157.81)
(-0.45, 158.29)
(-4.24, 159.81)
(-3.55, 163.12)
(-4.62, 162.97)
(-3.56, 163.71)
(-2.56, 162.26)
(-6.25, 164.06)
(-5.98, 166.90)
(-10.06, 173.16)
(-11.70, 173.79)
(-11.14, 173.86)
(-9.95, 171.04)
(-4.25, 168.78)
(-8.06, 160.36)
(-3.62, 161.16)
(-4.00, 156.84)
(-4.84, 152.77)
(-2.51, 151.10)
(1.38, 152.60)
(0.58, 152.10)
(3.85, 153.62)
(7.69, 156.10)
(16.27, 154.93)
(12.97, 150.51)
(15.91, 148.70)
(14.13, 147.15)
(19.47, 145.27)
(31.37, 150.91)
(8.66, 154.22)
(13.63, 93.65)
(7.70, 145.62)
(20.88, 152.85)
(22.05, 149.71)
(26.45, 148.91)
(27.35, 148.17)
(28.54, 149.39)
(29.63, 147.05)
(29.68, 147.60)
(24.80, 149.28)
(21.97, 150.38)
(23.90, 145.98)
(31.95, 141.36)
(36.66, 132.54)
(35.83, 133.77)
(36.81, 140.28)
(42.29, 136.97)
(40.73, 133.46)
(39.41, 132.76)
(43.28, 132.38)
(42.75, 129.97)
(42.85, 129.45)
(43.12, 129.99)
(33.48, 127.20)
(31.22, 136.03)
(-42.77, -95.69)
(-46.68, -104.95)
(17.14, 146.56)
(37.39, 147.90)
(41.25, 146.77)
(43.98, 147.62)
(31.58, 137.18)
(-3.93, 147.57)
(4.19, 172.92)
(1.44, 132.56)
(24.76, 174.49)
(40.49, 176.71)
(53.51, 175.70)
(60.75, 194.55)
(-38.22, -210.10)
(-45.82, -227.44)
(-47.63, -229.15)
(-29.72, -180.47)
(23.56, 172.78)
(25.47, 165.83)
(41.96, 173.64)
(-3.35, 167.01)
(-22.47, 146.46)
(-22.61, 136.15)
(-18.75, 132.37)
(-13.27, 135.25)
(-12.92, 133.37)
(-16.26, 128.18)
(-18.22, 122.14)
(-16.56, 122.22)
(-17.45, 118.19)
(-18.08, 121.16)
(-18.04, 126.25)
(-20.83, 128.63)
(-21.05, 128.91)
(-17.81, 125.90)
(-13.38, 123.18)
(27.86, 174.97)
(30.97, 188.52)
(31.45, 190.28)
(26.51, 189.78)
(11.99, 188.56)
(11.73, 181.69)
(26.53, 144.34)
(47.25, 171.91)
(46.30, 173.14)
(43.41, 164.86)
(21.13, 157.06)
(20.42, 157.36)
(18.73, 157.20)
(20.02, 162.02)
(20.31, 161.21)
(19.51, 159.85)
(18.51, 161.57)
(18.45, 160.63)
(16.49, 156.95)
(18.47, 155.08)
(18.97, 153.94)
(18.86, 150.10)
(19.29, 145.86)
(87.38, 163.87)
(60.16, 179.55)
(57.43, 175.70)
(83.74, 183.36)
(66.26, 183.87)
(2.65, 147.18)
(12.16, 182.06)
(-3.04, 149.23)
(-4.14, 167.56)
(7.65, 174.17)
(16.75, 164.42)
(18.37, 154.18)
(20.78, 156.37)
(25.45, 160.13)
(26.98, 160.15)
(71.44, 168.56)
(81.58, 176.38)
(40.54, 164.16)
(31.87, 165.79)
(34.83, 165.36)
(35.24, 163.74)
(33.79, 161.27)
(35.56, 163.02)
(37.53, 165.16)
(36.94, 164.10)
(34.30, 156.49)
(33.87, 150.92)
(39.74, 162.36)
(36.84, 162.11)
(34.69, 160.48)
(37.19, 158.01)
(38.13, 156.90)
(36.33, 157.15)
(36.67, 154.54)
(37.99, 154.01)
(38.26, 154.42)
(39.47, 155.45)
(42.01, 156.60)
(40.79, 160.88)
(40.06, 166.51)
(37.67, 169.64)
(36.99, 170.41)
(37.27, 169.32)
(-2.13, 165.20)
(12.91, 186.32)
(25.90, 183.51)
(22.32, 180.59)
(12.52, 180.33)
(11.46, 180.91)
(9.37, 179.45)
(4.65, 159.38)
(4.37, 163.96)
(7.09, 179.07)
(8.16, 181.16)
(8.22, 180.25)
(9.24, 177.80)
(6.70, 173.15)
(7.07, 173.85)
(31.68, 172.97)
(36.93, 172.57)
(37.09, 176.46)
(25.79, 179.18)
(19.88, 179.93)
(16.66, 177.74)
(17.33, 177.19)
(21.33, 179.31)
(19.28, 177.91)
(17.96, 176.34)
(19.11, 173.10)
(13.91, 170.26)
(14.31, 170.39)
(18.01, 174.65)
(18.83, 175.83)
(19.08, 176.40)
(20.72, 179.20)
(21.26, 180.85)
(21.16, 179.40)
(20.68, 179.62)
(21.00, 179.90)
(20.57, 178.01)
(21.15, 173.06)
(7.22, 162.74)
(6.57, 164.47)
(10.43, 171.16)
(11.40, 173.05)
(10.62, 175.19)
(12.41, 175.85)
(10.10, 171.44)
(2.31, 167.59)
(20.94, 170.48)
(29.13, 171.07)
(10.91, 174.48)
(-3.46, 169.57)
(-7.07, 168.57)
(-5.04, 170.12)
(-7.39, 171.08)
(-5.66, 171.70)
(3.16, 182.17)
(11.62, 177.13)
(6.86, 169.44)
(4.97, 173.30)
(11.85, 175.74)
(10.39, 171.84)
(13.85, 174.65)
(17.61, 174.61)
(19.46, 172.26)
(23.35, 170.16)
(24.38, 169.35)
(21.70, 174.47)
(22.38, 181.67)
(23.40, 184.87)
(22.11, 184.99)
(22.27, 184.36)
(22.24, 181.28)
(20.43, 178.40)
(20.10, 177.92)
(19.98, 178.73)
(19.40, 179.19)
(21.01, 177.32)
(21.13, 174.25)
(21.69, 175.19)
(25.48, 175.10)
(29.20, 174.36)
(5.38, 166.51)
(-0.53, 165.01)
(-2.32, 163.16)
(-0.70, 162.14)
(1.99, 160.45)
(23.78, 169.85)
(26.52, 178.04)
(28.19, 180.66)
(29.47, 185.65)
(21.56, 184.47)
(11.27, 158.80)
(10.61, 159.91)
(14.83, 159.45)
(18.71, 161.78)
(20.40, 161.11)
(22.14, 156.82)
(20.52, 155.37)
(16.94, 153.85)
(15.45, 154.51)
(15.26, 157.11)
(14.18, 159.41)
(14.16, 158.14)
(12.92, 157.26)
(15.64, 158.10)
(14.17, 154.92)
(12.14, 156.17)
(15.26, 159.96)
(17.65, 161.74)
(13.06, 157.77)
(15.44, 160.36)
(18.39, 161.69)
(16.24, 158.89)
(12.70, 157.55)
(13.71, 158.89)
(13.87, 157.44)
(12.06, 154.45)
(12.62, 154.20)
(12.81, 152.81)
(13.92, 158.67)
(14.91, 165.61)
(15.96, 170.87)
(14.25, 164.92)
(15.98, 166.54)
(16.20, 169.72)
(15.02, 165.99)
(15.33, 166.38)
(14.77, 169.31)
(14.23, 168.98)
(13.66, 165.74)
(16.80, 166.91)
(17.22, 166.65)
(21.77, 164.28)
(27.80, 169.35)
(27.99, 172.60)
(27.95, 173.33)
(28.20, 174.38)
(27.86, 174.49)
(24.09, 170.11)
(24.95, 171.32)
(26.14, 175.27)
(24.51, 171.68)
(24.04, 169.39)
(24.66, 169.25)
(23.75, 161.90)
(21.72, 155.68)
(21.67, 159.20)
(22.49, 159.01)
(22.14, 156.38)
(21.56, 157.55)
(21.99, 160.50)
(19.59, 156.37)
(19.15, 154.79)
(20.73, 157.84)
(14.75, 160.81)
(11.58, 168.92)
(11.40, 171.81)
(9.28, 170.29)
(8.23, 170.37)
(10.50, 171.02)
(9.44, 171.41)
(8.68, 168.38)
(11.32, 168.22)
(13.05, 167.61)
(14.02, 167.12)
(5.60, 122.64)
(-51.08, -91.22)
(-10.26, 34.94)
(30.44, 177.56)
(34.48, 185.71)
(34.52, 180.11)
(34.98, 176.59)
(34.32, 180.42)
(20.54, 162.93)
(9.70, 176.47)
(2.48, 149.31)
(4.02, 175.06)
(8.70, 175.96)
(16.42, 172.20)
(19.53, 166.55)
(19.14, 160.55)
(18.22, 155.89)
(21.27, 154.05)
(25.26, 158.17)
(22.15, 154.63)
(23.07, 153.91)
(24.14, 149.73)
(20.13, 147.94)
(18.28, 185.74)
(21.99, 176.62)
(23.02, 176.44)
(21.11, 186.03)
(9.41, 188.63)
(8.55, 188.51)
(6.04, 185.80)
(5.35, 183.11)
(6.94, 181.78)
(8.05, 180.23)
(16.55, 176.58)
(22.95, 176.94)
(17.16, 153.64)
(35.13, 162.82)
(37.06, 163.81)
(36.05, 162.46)
(38.14, 165.15)
(6.72, 138.93)
(7.25, 175.48)
(16.52, 170.64)
(17.39, 159.66)
(20.25, 154.09)
(22.66, 154.29)
(22.33, 154.05)
(20.24, 152.11)
(20.11, 149.47)
(20.06, 146.95)
(15.53, 139.68)
(16.00, 136.85)
(19.05, 140.34)
(21.10, 142.97)
(36.28, 149.54)
(82.57, 164.36)
(92.41, 167.08)
(70.45, 163.35)
(49.18, 157.36)
(44.68, 156.61)
(31.54, 153.21)
(23.37, 150.68)
(17.88, 151.80)
(14.01, 153.19)
(14.13, 154.91)
(15.19, 154.03)
(18.49, 151.85)
(20.53, 150.11)
(21.18, 144.87)
(24.50, 144.52)
(27.30, 145.84)
(28.37, 149.20)
(27.07, 152.38)
(25.71, 156.43)
(121.42, 139.85)
(34.76, 138.05)
(31.36, 140.60)
(26.85, 149.70)
(27.22, 151.99)
(24.15, 150.23)
(-15.42, 118.56)
(-5.36, 172.00)
(-9.33, 184.99)
(-10.71, 179.80)
(-9.85, 177.28)
(-9.37, 173.67)
(-9.48, 169.93)
(-8.70, 170.24)
(-7.38, 171.67)
(-7.64, 170.18)
(-7.75, 169.47)
(-7.56, 169.06)
(-8.65, 165.98)
(-9.74, 167.86)
(-9.78, 169.32)
(-10.44, 167.77)
(-9.05, 168.59)
(-4.78, 163.30)
(-20.70, 172.69)
(-27.49, 177.80)
(-35.90, 192.37)
(-28.25, 166.47)
(-34.99, 166.99)
(-53.48, 151.03)
(-45.24, 161.45)
(-39.33, 83.25)
(-12.89, 55.16)
(-36.94, 36.26)
(-53.95, 48.60)
(-22.48, 85.50)
(-138.00, -17.08)
(-49.18, 97.91)
(-33.19, 81.00)
(-39.89, 86.05)
(-51.64, 98.54)
(-38.47, 93.47)
(-5.27, 178.33)
(-29.61, 156.79)
(-28.07, 141.95)
(-20.14, 133.72)
(-21.16, 163.62)
(-8.93, 163.74)
(-1.46, 162.52)
(-1.88, 162.33)
(1.01, 163.02)
(-30.01, 154.91)
(-14.55, 159.96)
(14.87, 157.95)
(19.07, 105.35)
(-79.04, 75.67)
(-62.31, 93.71)
(-57.83, 87.30)
(-40.80, 89.08)
(-59.78, 91.05)
(-68.60, 92.41)
(-61.57, 89.80)
(-61.20, 95.31)
(-70.02, 100.88)
(-74.90, 102.76)
(-45.60, 112.43)
(-24.97, 155.52)
(-29.21, 164.44)
(-37.86, 169.24)
(-40.52, 168.75)
(-44.96, 153.37)
(-53.82, 158.12)
(-54.93, 159.68)
(-54.03, 154.75)
(-58.64, 157.04)
(-44.68, 127.89)
(-41.04, 103.68)
(-34.30, 102.09)
(-33.35, 95.89)
(-42.89, 108.14)
(-40.01, 133.82)
(-40.94, 132.05)
(-43.06, 122.65)
(-42.17, 119.58)
(-39.99, 110.61)
(-35.12, 107.68)
(-33.96, 109.95)
(-44.91, 137.39)
(-47.69, 135.26)
(-33.45, 132.09)
(-28.64, 133.52)
(-30.51, 128.86)
(-34.60, 128.25)
(-35.88, 128.20)
(-37.86, 124.80)
(-40.57, 122.21)
(-41.83, 119.22)
(-42.33, 118.78)
(-41.26, 120.62)
(-39.77, 120.37)
(-41.85, 124.33)
(-39.26, 130.17)
(-37.07, 134.00)
(-36.61, 133.89)
(-37.25, 135.37)
(-37.13, 136.85)
(-37.18, 136.78)
(-38.56, 143.90)
(-35.18, 144.70)
(-35.75, 142.39)
(-41.37, 139.48)
(-33.73, 139.68)
(-32.39, 137.94)
(-33.85, 134.76)
(-40.23, 131.16)
(-43.55, 131.88)
(-41.89, 130.61)
(-41.69, 129.39)
(-10.74, 129.75)
(17.60, 141.28)
(-7.19, 144.44)
(-29.33, 142.80)
(-30.25, 136.44)
(-21.79, 134.94)
(-17.36, 134.58)
(-9.23, 142.20)
(-9.90, 142.69)
(-4.89, 145.46)
(-50.59, 52.72)
(-46.99, 85.93)
(-54.12, 103.97)
(-50.20, 101.37)
(-8.44, 151.99)
(0.06, 165.23)
(2.39, 151.96)
(1.96, 155.00)
(-1.49, 172.08)
(-44.62, 125.41)
(-15.34, 183.88)
(9.23, 177.13)
(-7.07, 178.94)
(-11.23, 185.59)
(-18.81, 158.27)
(-31.67, 144.17)
(11.93, 149.92)
(19.84, 145.61)
(18.07, 139.60)
(20.46, 139.38)
(6.80, 169.35)
(-2.51, 165.79)
(-2.83, 144.93)
(-7.14, 144.13)
(-13.82, 140.92)
(-10.07, 153.21)
(-16.14, 161.94)
(-2.67, 152.40)
(3.48, 149.70)
(2.50, 144.77)
(1.31, 146.53)
(3.42, 138.17)
(4.18, 139.68)
(5.81, 138.32)
(5.43, 133.43)
(7.09, 140.45)
(18.80, 143.69)
(17.79, 136.64)
(30.71, 148.40)
(45.08, 153.89)
(41.75, 149.96)
(27.81, 136.41)
(19.00, 122.60)
(9.13, 136.78)
(2.00, 156.83)
(-2.95, 148.53)
(-5.69, 155.80)
(-18.05, 163.47)
(-93.54, 162.23)
(-105.72, 156.29)
(-111.20, 149.25)
(16.63, 175.97)
(0.76, 89.03)
(-36.39, 98.50)
(-30.18, 134.66)
(-21.32, 136.05)
(-25.31, 137.98)
(-48.71, 139.11)
(-23.84, 121.27)
(-10.92, 148.74)
(0.07, 158.88)
(4.29, 157.63)
(6.13, 158.31)
(0.53, 158.02)
(-6.53, 147.81)
(-4.29, 149.89)
(-3.08, 144.79)
(-2.40, 143.69)
(1.25, 142.88)
(3.82, 153.06)
(-8.89, 152.50)
(-16.42, 148.30)
(-19.58, 151.13)
(-22.01, 144.25)
(-24.25, 145.85)
(-30.36, 158.58)
(-30.25, 153.07)
(-20.79, 159.35)
(-20.37, 157.12)
(-19.42, 159.61)
(-18.69, 161.62)
(-20.65, 162.32)
(-22.96, 166.15)
(-33.16, 145.64)
(-34.98, 150.81)
(-18.63, 79.06)
(-5.52, 128.92)
(3.76, 132.77)
(5.70, 128.51)
(3.41, 136.01)
(-11.10, 153.23)
(-17.32, 151.79)
(-15.19, 156.40)
(-12.40, 153.83)
(-10.41, 155.19)
(-4.57, 149.19)
(-7.11, 150.41)
(-17.55, 150.75)
(-21.03, 153.41)
(-21.40, 153.32)
(-22.16, 153.31)
(-18.50, 149.26)
(-12.98, 146.32)
(-11.94, 143.65)
(-12.99, 143.16)
(-13.09, 141.02)
(-11.59, 141.79)
(-9.92, 143.68)
(-10.15, 137.56)
(-10.03, 132.89)
(-8.38, 134.44)
(-8.24, 138.77)
(4.75, 153.05)
(4.41, 151.87)
(0.20, 136.28)
(0.19, 141.83)
(-2.52, 154.84)
(-13.48, 134.26)
(-10.84, 128.35)
(-4.35, 134.41)
(-12.54, 140.34)
(-15.52, 136.03)
(-14.81, 138.67)
(-15.50, 141.98)
(-18.16, 141.05)
(-13.86, 136.88)
(-19.09, 140.81)
(-21.81, 141.86)
(-18.30, 142.69)
(-19.09, 141.16)
(119.73, 146.38)
(138.00, 143.99)
(-15.99, 150.57)
(-27.05, 151.40)
(-30.03, 151.91)
(-18.47, 142.40)
(-25.61, 145.79)
(-26.06, 136.88)
(-26.66, 127.75)
(-35.87, 142.71)
(-10.47, 140.33)
(-7.74, 128.55)
(-9.42, 135.12)
(-11.19, 127.83)
(107.39, 130.57)
(-28.73, 223.39)
(-36.77, 221.26)
(-29.07, 224.08)
(-1.35, 114.14)
(-3.70, 139.53)
(-6.63, 185.80)
(-7.18, 181.74)
(-8.47, 172.38)
(-9.08, 171.44)
(-8.41, 174.12)
(-30.35, 170.56)
(-29.67, 177.61)
(-30.59, 173.40)
(-37.93, 169.07)
(-43.58, 173.69)
(-246.49, 144.28)
(-8.03, 195.07)
(-7.01, 191.71)
(-5.24, 199.10)
(-5.67, 196.18)
(-4.22, 194.58)
(2.85, 196.15)
(0.09, 195.25)
(-4.88, 195.87)
(-2.36, 198.09)
(1.91, 194.42)
(3.02, 190.53)
(6.09, 187.10)
(5.83, 183.17)
(3.13, 179.28)
(2.93, 176.99)
(4.48, 175.23)
(3.20, 173.71)
(2.53, 173.61)
(4.68, 174.45)
(3.49, 173.82)
(2.99, 176.06)
(5.49, 186.23)
(6.31, 190.29)
(3.08, 190.48)
(2.31, 190.11)
(3.44, 189.86)
(7.23, 189.82)
(6.98, 188.23)
(4.30, 185.18)
(4.80, 187.62)
(7.06, 187.33)
(7.90, 186.20)
(8.31, 183.81)
(6.92, 182.47)
(10.83, 188.57)
(12.01, 194.55)
(6.33, 180.21)
(4.75, 176.12)
(4.01, 174.38)
(-4.23, 178.65)
(-31.97, 181.09)
(-97.36, 171.33)
(-40.79, 145.88)
(-13.94, 147.74)
(-29.21, 145.71)
(-26.01, 78.70)
(-23.87, 45.88)
(-45.29, 78.35)
(-1691.39, 9729.95)
(-1651.45, 9806.30)
(-1647.52, 9938.06)
(-22.60, -75.06)
(-30.10, 17.15)
(-14.92, 20.26)
(1.69, -11.52)
(13.41, -18.55)
(-38.31, 23.80)
(-40.11, -30.11)
(-40.48, -27.43)
(-38.78, -12.79)
(-53.22, 6.62)
(-51.91, 8.10)
(16.84, -0.58)
(-17.54, 13.90)
(-1663.03, 11260.82)
(-18.07, 8.11)
(-6.84, 54.74)
(31.22, 57.19)
(44.31, 36.64)
(42.38, -10.49)
(36.75, -12.58)
(44.23, 96.66)
(43.67, 104.03)
(20.44, 101.02)
(52.54, 131.71)
(41.70, 143.19)
(23.95, 152.84)
(26.19, 187.28)
(24.78, 231.36)
(60.27, 195.71)
(75.55, 142.68)
(16.07, 153.20)
(15.42, 135.01)
(32.33, 117.73)
(5.91, 124.65)
(-33.82, 170.30)
(-43.07, 89.53)
(-43.86, 156.78)
(-30.87, 175.99)
(-31.67, 163.49)
(-23.75, 186.05)
(-49.07, 206.69)
(-55.14, 190.41)
(-48.92, 208.45)
(-22.17, 210.92)
(-16.17, 158.84)
(-14.71, 162.95)
(-4.71, 137.07)
(9.46, 140.71)
(-0.81, 151.05)
(-14.05, 147.51)
(-4.82, 147.09)
(2.14, 145.43)
(3.35, 152.94)
(-3.89, 155.56)
(-4.64, 147.76)
(1.49, 146.04)
(2.99, 172.24)
(-2.10, 171.35)
(-0.80, 180.95)
(-0.16, 198.30)
(-6.93, 136.38)
(-17.20, 146.08)
(-23.39, 147.90)
(-25.26, 179.09)
(4.10, 186.99)
(-1.70, 163.35)
(-14.49, 172.41)
(-26.13, 204.38)
(-26.47, 202.73)
(-36.46, 183.23)
(-43.55, 199.77)
(-41.31, 216.85)
(-41.89, 210.16)
(-39.89, 204.31)
(-24.94, 204.10)
(-20.73, 214.72)
(-16.42, 219.71)
(-8.03, 220.10)
(-9.28, 225.13)
(-12.05, 226.09)
(-9.21, 227.19)
(-8.84, 225.54)
(-6.54, 188.38)
(16.99, 106.48)
(-10.25, 146.00)
(-6.67, 166.02)
(-10.17, 162.90)
(-2599.87, 17681.64)
(-45.89, 111.23)
(-41.25, 139.62)
(-36.52, 146.56)
(-41.57, 141.01)
(-40.82, 132.01)
(-37.59, 124.86)
(-44.41, 129.92)
(-48.21, 142.48)
(-37.49, 148.23)
(-22.51, 171.76)
(-19.16, 173.83)
(-19.25, 174.91)
(-19.67, 162.52)
(-18.43, 165.23)
(-16.98, 165.14)
(-16.85, 168.89)
(-16.61, 185.21)
(-16.68, 186.60)
(-18.89, 180.64)
(-18.62, 185.82)
(-14.73, 190.10)
(-13.76, 188.84)
(-11.51, 182.25)
(-10.48, 180.06)
(-11.16, 171.68)
(-14.60, 167.16)
(-16.61, 169.89)
(-17.92, 169.88)
(-18.84, 170.38)
(-17.80, 167.36)
(-18.33, 161.89)
(-19.93, 164.26)
(-20.59, 165.15)
(-20.26, 166.41)
(-20.45, 154.49)
(-21.37, 133.87)
(-22.85, 126.32)
(-20.82, 129.50)
(-23.59, 116.75)
(-26.03, 113.23)
(-24.49, 114.14)
(-24.17, 109.16)
(-23.25, 107.66)
(-19.14, 106.74)
(-18.79, 101.61)
(-18.01, 102.91)
(-17.40, 111.48)
(-15.48, 116.28)
(-16.56, 113.01)
(-27.05, 110.95)
(-31.82, 111.69)
(-34.60, 116.04)
(-35.97, 115.14)
(-37.62, 108.95)
(-35.67, 108.85)
(-36.02, 106.74)
(-36.16, 106.48)
(-34.36, 105.30)
(-32.86, 111.80)
(-30.69, 117.98)
(-30.10, 118.58)
(-27.34, 120.38)
(-27.91, 124.95)
(-31.18, 130.63)
(-34.01, 155.24)
(-36.52, 161.25)
(-35.56, 160.74)
(-35.60, 160.53)
(-33.42, 155.85)
(-35.23, 158.08)
(-32.39, 160.37)
(-69.41, 82.66)
(-40.37, 134.66)
(-29.08, 135.47)
(-26.95, 132.94)
(-26.89, 130.45)
(-30.10, 125.28)
(-28.42, 125.34)
(-24.23, 127.42)
(-31.96, 130.79)
(-28.78, 148.26)
(-26.27, 139.01)
(-28.59, 141.67)
(-32.40, 155.98)
(-44.27, 128.32)
(-48.87, 162.75)
(-54.60, 168.08)
(-59.55, 147.99)
(-65.80, 146.08)
(-64.32, 143.78)
(-66.87, 133.46)
(-70.38, 148.71)
(-54.83, 149.32)
(-38.72, 142.75)
(-38.41, 140.87)
(-60.64, 146.82)
(-66.23, 134.80)
(-63.14, 92.52)
(-59.85, 160.89)
(-54.51, 159.77)
(-47.57, 145.90)
(-42.88, 148.90)
(-44.26, 147.32)
(-36.69, 136.28)
(-34.94, 127.61)
(-44.49, 134.89)
(-38.75, 150.95)
(-37.90, 136.25)
(-35.81, 144.53)
(-31.89, 150.19)
(-29.19, 152.04)
(-25.38, 150.64)
(-26.20, 148.86)
(-22.96, 151.24)
(-12.69, 151.63)
(-13.00, 152.23)
(-17.32, 153.15)
(-21.28, 153.05)
(-24.51, 151.80)
(-24.82, 157.25)
(-26.01, 162.72)
(-25.62, 162.60)
(-19.63, 163.46)
(-13.64, 162.66)
(-13.42, 161.96)
(-18.49, 163.95)
(-27.76, 163.68)
(-27.05, 165.32)
(-26.00, 162.24)
(-23.92, 156.94)
(-21.14, 155.46)
(-23.04, 153.34)
(-27.39, 154.02)
(-26.46, 153.96)
(-26.98, 150.01)
(-26.52, 147.48)
(-23.15, 148.11)
(-23.54, 149.94)
(-26.04, 149.24)
(-24.88, 147.57)
(-20.93, 149.25)
(-17.10, 113.98)
(-51.67, 83.37)
(-37.99, 159.76)
(-44.37, 160.79)
(-45.53, 160.54)
(-42.96, 156.46)
(-41.18, 152.83)
(-40.77, 145.08)
(-39.66, 141.73)
(-39.79, 139.69)
(-40.91, 138.34)
(-41.25, 140.77)
(-40.61, 144.84)
(-41.76, 153.46)
(-44.44, 155.43)
(-44.77, 156.89)
(-45.62, 157.67)
(-46.99, 157.08)
(-48.61, 157.30)
(-50.19, 157.79)
(-51.25, 157.76)
(-51.54, 156.25)
(-43.95, 152.12)
(-40.45, 149.51)
(-40.73, 145.87)
(-40.73, 146.59)
(-39.61, 146.11)
(-38.67, 145.89)
(-39.20, 142.66)
(-37.18, 145.63)
(-39.98, 148.84)
(-41.34, 149.23)
(-42.67, 149.89)
(-50.30, 159.40)
(-50.75, 157.41)
(-39.15, 151.15)
(-29.52, 151.27)
(-29.92, 151.26)
(-28.67, 148.50)
(-28.30, 148.19)
(-27.84, 150.98)
(-27.45, 151.67)
(-26.46, 151.77)
(-24.83, 150.45)
(-25.42, 147.35)
(-25.32, 144.14)
(-22.35, 143.91)
(-23.30, 146.60)
(-25.66, 146.42)
(-27.14, 145.73)
(-31.17, 144.39)
(-34.55, 144.13)
(-36.01, 142.25)
(-33.32, 143.86)
(-31.40, 145.70)
(-31.89, 145.07)
(-30.98, 144.10)
(-30.04, 142.61)
(-31.11, 140.15)
(-32.13, 138.00)
(-31.75, 138.09)
(-31.40, 138.59)
(-31.35, 140.72)
(-29.94, 144.68)
(-32.07, 148.03)
(-36.55, 147.53)
(-36.11, 147.16)
(-37.98, 146.64)
(-38.77, 145.88)
(-37.32, 149.05)
(-43.94, 10.37)
(-43.54, 139.84)
(-44.11, 161.02)
(-42.43, 158.77)
(-39.94, 152.99)
(-26.27, 130.20)
(-22.56, 124.48)
(-3146.53, 20581.14)
(-3384.82, 21843.91)
(-27.15, 6.28)
(-4865.62, 24360.79)
(-5343.27, 26498.36)
(-110.16, -102.18)
(-41.62, 142.86)
(-26.62, 156.86)
(-49.41, 154.30)
(-77.62, 189.69)
(25.97, 121.17)
(59.03, 119.21)
(55.71, 142.67)
(41.22, 144.62)
(28.63, 144.61)
(37.60, 143.11)
(-14.98, 150.44)
(-33.59, 148.46)
(-36.51, 146.50)
(-39.81, 148.56)
(-39.56, 160.31)
(-55.83, 152.26)
(-54.22, 149.81)
(-47.00, 166.55)
(-58.83, 169.50)
(-4258.55, 22747.97)
(-4262.80, 23463.86)
(-43.73, 54.57)
(-17.27, 113.40)
(-13.39, 119.55)
(-18.24, 102.78)
(-18.48, 93.99)
(-3943.56, 21613.74)
(-31.26, 68.70)
(-50.88, 137.26)
(-39.32, 130.62)
(-29.57, 125.85)
(-25.31, 127.51)
(-32.08, 124.02)
(-34.60, 128.96)
(-34.54, 142.44)
(-34.28, 143.20)
(-30.23, 141.85)
(-28.52, 140.26)
(-27.44, 133.54)
(-29.36, 134.58)
(-31.87, 141.78)
(-32.14, 143.90)
(-25.77, 163.68)
(-22.24, 173.78)
(-17.92, 178.25)
(-16.58, 180.39)
(-11.74, 181.58)
(-10.91, 180.93)
(-18.73, 176.81)
(-22.41, 175.45)
(-22.15, 174.08)
(-23.34, 171.87)
(-23.14, 171.47)
(-23.15, 170.48)
(-27.03, 167.64)
(-35.13, 167.81)
(-39.58, 168.27)
(-42.18, 168.07)
(-41.49, 170.10)
(-41.26, 170.97)
(-38.21, 163.54)
(-25.06, 164.19)
(-22.70, 166.79)
(-23.25, 167.72)
(-16.72, 166.84)
(-9.51, 162.12)
(-8.25, 154.25)
(-7.27, 151.14)
(-5.88, 150.38)
(-4.68, 147.89)
(-4.52, 141.06)
(-0.70, 147.22)
(-0.22, 145.47)
(2.68, 141.71)
(2.25, 143.97)
(3.42, 148.91)
(1.56, 151.16)
(-3.85, 159.27)
(-7.49, 166.10)
(-11.11, 166.43)
(-12.46, 166.98)
(-13.36, 168.38)
(-13.06, 168.49)
(-13.60, 165.90)
(-13.19, 165.76)
(-14.05, 171.15)
(-29.12, 169.61)
(-36.84, 179.41)
(-39.15, 186.93)
(-43.50, 161.70)
(-44.48, 168.20)
(-32.83, 159.56)
(-35.23, 155.71)
(-36.05, 181.08)
(-35.81, 171.80)
(-42.52, 144.28)
(-57.31, 149.03)
(-52.48, 146.91)
(-40.60, 158.07)
(-40.76, 153.71)
(-35.53, 155.49)
(-33.29, 155.42)
(-33.47, 153.45)
(-34.09, 154.51)
(-33.19, 154.01)
(-33.51, 149.26)
(-32.71, 145.72)
(-38.21, 146.27)
(-41.35, 147.24)
(-37.30, 152.14)
(-34.81, 159.02)
(-31.21, 159.69)
(-27.81, 161.13)
(-28.29, 161.71)
(-28.18, 164.78)
(-28.23, 166.00)
(-29.58, 167.32)
(-32.13, 167.69)
(-32.67, 167.26)
(-33.61, 165.73)
(-34.77, 163.31)
(-22.11, 162.07)
(-3.85, 96.53)
(-2.12, 114.25)
(7.81, 130.89)
(13.56, 124.14)
(8.83, 114.39)
(-9.39, 116.76)
(-15.82, 122.11)
(-14.59, 132.04)
(-15.79, 129.84)
(-17.14, 130.20)
(-15.30, 136.12)
(-15.52, 142.58)
(-18.57, 147.24)
(-16.66, 148.18)
(-12.04, 144.23)
(-16.59, 112.45)
(-25.46, 63.40)
(-36.59, 75.64)
(-37.51, 75.36)
(-27.89, 68.10)
(-33.10, 72.23)
(-28.12, 100.03)
(-4.59, 94.80)
(-4.24, 90.91)
(-4.79, 88.30)
(-6.14, 89.39)
(-13.97, 88.71)
(1.26, 177.89)
(11.59, 183.84)
(9.07, 187.66)
(0.92, 179.65)
(-8.25, 174.40)
(-14.37, 177.85)
(-18.16, 180.04)
(-16.42, 176.93)
(-14.04, 171.77)
(10.52, 170.35)
(26.74, 170.07)
(12.91, 169.44)
(-7.39, 167.45)
(-9.03, 167.63)
(-7.52, 167.61)
(-7.77, 165.00)
(-7.43, 162.91)
(-6.80, 162.29)
(-7.92, 160.55)
(-9.40, 160.72)
(-8.22, 163.28)
(-8.22, 163.51)
(-7.01, 163.06)
(-4.27, 161.72)
(-2.58, 160.88)
(-2.85, 158.95)
(-3.95, 156.81)
(-91.56, 64.60)
(-107.80, 55.44)
(-18.36, 133.25)
(23.66, 197.00)
(24.75, 208.73)
(22.18, 216.52)
(6.79, 203.95)
(-29.34, 114.80)
(-21.18, 141.46)
(-7.64, 138.68)
(-7.67, 127.43)
(-14.03, 124.81)
(-9.22, 126.64)
(16.61, 134.73)
(16.68, 134.86)
(17.75, 136.14)
(16.00, 137.86)
(8.30, 138.51)
(6.69, 137.53)
(7.62, 136.80)
(9.20, 134.40)
(10.33, 132.95)
(12.09, 132.20)
(9.98, 132.52)
(7.21, 132.54)
(7.02, 135.31)
(8.77, 136.80)
(8.90, 134.76)
(11.19, 149.43)
(9.44, 164.42)
(9.84, 168.18)
(10.48, 171.57)
(14.56, 174.21)
(16.02, 172.27)
(22.16, 169.78)
(25.67, 165.22)
(19.03, 166.02)
(4.60, 170.78)
(1.57, 174.43)
(1.01, 179.17)
(2.22, 176.40)
(2.25, 172.39)
(2.03, 170.21)
(2.76, 167.80)
(2.40, 170.90)
(-18.49, 183.07)
(-23.95, 185.27)
(-28.86, 186.68)
(-26.41, 183.76)
(-21.29, 177.45)
(-24.91, 177.90)
(-23.55, 175.50)
(-3.20, 175.62)
(14.78, 175.69)
(18.20, 175.62)
(5.49, 175.57)
(-2.07, 175.23)
(-5.07, 174.24)
(-8.58, 173.27)
(-6.58, 174.89)
(-5.82, 178.16)
(-5.21, 177.53)
(-4.04, 173.36)
(5.12, 172.75)
(9.87, 173.25)
(10.48, 171.38)
(14.84, 171.97)
(17.18, 169.53)
(16.55, 156.44)
(19.18, 171.32)
(15.09, 169.06)
(15.43, 171.78)
(1.74, 174.84)
(-1.08, 182.69)
(2.30, 175.92)
(3.06, 173.25)
(1.04, 166.24)
(-32.00, 110.70)
(34.95, 140.14)
(27.78, 146.60)
(-3.34, 168.41)
(0.66, 190.57)
(5.11, 138.44)
(10.50, 133.74)
(5.76, 138.08)
(1.68, 171.41)
(5.98, 190.89)
(5.44, 163.04)
(-7.31, 141.35)
(3.69, 143.26)
(5.81, 151.96)
(6.69, 179.69)
(8.78, 182.36)
(10.38, 182.67)
(10.79, 185.19)
(8.19, 192.44)
(8.97, 194.45)
(12.31, 191.94)
(20.33, 188.80)
(26.04, 183.85)
(31.56, 176.95)
(34.83, 173.00)
(33.55, 196.35)
(34.51, 198.23)
(36.58, 192.00)
(34.42, 183.82)
(29.99, 173.62)
(14.37, 184.05)
(16.69, 176.27)
(14.12, 185.88)
(8.46, 198.13)
(7.28, 202.86)
(5.36, 203.83)
(3.44, 201.37)
(3.23, 198.13)
(3.82, 198.22)
(4.38, 197.60)
(4.14, 195.04)
(-4.40, 196.25)
(-10.40, 197.34)
(-12.99, 196.46)
(-6.94, 195.31)
(27.67, 194.39)
(25.15, 193.97)
(-2.46, 193.25)
(-7.34, 192.82)
(-9.84, 190.96)
(-11.45, 188.53)
(-11.23, 189.71)
(-10.66, 190.29)
(-9.33, 190.27)
(-7.64, 190.66)
(-6.68, 189.01)
(-3.24, 185.36)
(1.01, 182.52)
(3.93, 183.28)
(5.21, 184.35)
(3.75, 187.18)
(0.64, 190.86)
(-3.56, 189.33)
(-5.72, 188.21)
(-6.61, 190.47)
(-8.35, 191.75)
(-9.72, 189.98)
(-7.36, 189.97)
(-8.02, 187.73)
(-7.61, 181.14)
(-4.13, 180.95)
(-3.56, 182.15)
(-3.17, 182.13)
(-0.58, 182.91)
(3.88, 184.50)
(3.74, 184.47)
(5.86, 183.61)
(8.69, 183.84)
(9.26, 188.45)
(9.08, 189.63)
(8.38, 190.45)
(7.42, 191.70)
(5.13, 191.55)
(2.48, 193.05)
(3.77, 197.47)
(5.45, 200.94)
(2.85, 192.83)
(-47.65, 84.36)
(-54.30, 72.89)
(-35.23, 95.58)
(5.94, 176.18)
(16.16, 177.99)
(17.39, 174.17)
(16.13, 169.43)
(18.09, 168.11)
(18.31, 175.68)
(18.02, 175.60)
(14.57, 178.50)
(9.53, 182.79)
(8.07, 187.10)
(10.42, 145.05)
(5.29, 143.94)
(3.34, 154.69)
(-2.09, 189.89)
(-5.33, 196.16)
(8.07, 189.19)
(29.31, 191.09)
(30.22, 188.45)
(30.40, 188.43)
(6.43, 185.50)
(-7.09, 177.28)
(-10.18, 175.70)
(-0.35, 176.10)
(18.70, 177.82)
(21.83, 176.40)
(23.46, 176.78)
(22.11, 176.54)
(3.66, 173.13)
(0.62, 173.86)
(1.17, 175.92)
(1.62, 177.77)
(-8.88, 167.67)
(-9.58, 166.78)
(-8.30, 168.14)
(-9.83, 165.85)
(-11.58, 165.60)
(-13.43, 166.85)
(-16.12, 166.70)
(-18.32, 164.52)
(-17.78, 164.91)
(-18.19, 165.76)
(-18.49, 165.69)
(-15.10, 165.98)
(-11.14, 168.81)
(-10.64, 169.04)
(-7.97, 168.34)
(-5.33, 167.28)
(-4.74, 165.76)
(-4.57, 167.06)
(-3.38, 169.46)
(-4.66, 171.95)
(-6.63, 164.79)
(35.19, 136.53)
(25.92, 175.00)
(25.35, 167.97)
(27.30, 167.44)
(25.04, 171.73)
(26.06, 165.74)
(27.58, 163.14)
(29.75, 174.70)
(7.00, 182.57)
(-0.79, 180.97)
(-4.95, 175.92)
(9.21, 178.73)
(8.73, 176.29)
(-5.73, 174.68)
(2.31, 169.57)
(-0.06, 157.20)
(-0.86, 148.75)
(2.16, 145.40)
(0.57, 147.42)
(-0.78, 152.08)
(-1.35, 150.33)
(-1.31, 150.54)
(-7.59, 151.39)
(-15.73, 158.29)
(-19.38, 165.33)
(-25.25, 172.13)
(-23.89, 169.16)
(-18.83, 174.51)
(-15.63, 176.91)
(-14.75, 176.33)
(-14.37, 176.57)
(-13.11, 176.98)
(-12.38, 176.72)
(-12.52, 176.83)
(-12.25, 177.40)
(-12.91, 177.13)
(-14.83, 177.91)
(-16.99, 179.20)
(-16.76, 180.62)
(-18.03, 179.86)
(-19.51, 177.83)
(-16.98, 176.89)
(-16.07, 176.12)
(-15.93, 175.46)
(-14.33, 174.84)
(-11.98, 174.73)
(-30.34, -3.39)
(-58.01, -131.06)
(-51.18, -117.21)
(-41.03, -123.04)
(-32.11, -120.05)
(3.97, 131.20)
(4.14, 128.74)
(10.30, 126.34)
(13.73, 125.04)
(15.58, 123.35)
(4.30, 138.70)
(3.24, 141.91)
(8.01, 144.76)
(9.65, 152.77)
(11.87, 144.72)
(-1.92, 128.69)
(-2.80, 142.58)
(-7.37, 154.10)
(-7.87, 153.68)
(-8.11, 152.64)
(-8.78, 148.17)
(-7.77, 145.68)
(-7.53, 144.25)
(1.59, 145.06)
(6.63, 147.57)
(8.77, 150.20)
(10.12, 151.10)
(9.66, 150.05)
(0.12, 129.28)
(-3.53, 111.29)
(-2.27, 85.90)
(-1.63, 80.14)
(-3.58, 83.36)
(0.99, 89.40)
(7.29, 82.13)
(8.03, 79.47)
(9.16, 112.22)
(6.41, 117.71)
(-7.77, 137.97)
(-14.01, 137.13)
(-10.74, 143.81)
(-20.03, 144.22)
(-23.62, 144.18)
(-18.73, 157.53)
(-16.25, 186.44)
(-18.07, 190.46)
(-16.31, 192.71)
(-12.34, 192.00)
(-11.82, 188.27)
(-10.14, 187.71)
(-9.92, 186.47)
(-11.43, 184.36)
(-24.66, 189.06)
(-28.39, 185.94)
(-30.74, 181.36)
(-32.36, 177.01)
(-12.47, 178.62)
(-3.94, 183.23)
(-3.52, 183.70)
(1.04, 179.28)
(-15.87, 183.08)
(-22.40, 183.20)
(-24.19, 181.73)
(-22.78, 179.79)
(-21.74, 176.48)
(-62.77, -133.91)
(-70.32, -129.94)
(-77.48, -91.74)
(-12.17, 172.98)
(4.30, 178.79)
(2.10, 188.50)
(1.34, 188.24)
(1.23, 188.60)
(4.46, 114.97)
(-16.51, 168.04)
(-21.69, 186.70)
(-18.96, 180.25)
(-17.46, 176.54)
(-13.81, 172.91)
(-13.22, 172.15)
(-8.80, 172.20)
(-5.45, 169.78)
(-2.52, 166.06)
(-5.82, 164.04)
(-33.49, 123.35)
(-45.69, 122.72)
(-10.69, 152.56)
(6.19, 147.44)
(5.98, 145.63)
(6.24, 151.10)
(13.22, 150.28)
(4.46, 134.34)
(-42.83, 79.51)
(-42.04, 70.59)
(-30.87, 81.83)
(-11.02, 159.53)
(-8.55, 163.47)
(-7.21, 163.48)
(-4.57, 160.24)
(2.37, 160.34)
(4.29, 164.42)
(-0.97, 171.85)
(-3.01, 175.48)
(-8.40, 173.67)
(-10.16, 172.55)
(-44.01, 5.89)
(-46.44, 1.29)
(-26.49, 79.40)
(3.91, 175.97)
(4.06, 177.92)
(6.36, 181.76)
(4.24, 149.02)
(-31.17, 137.07)
(-1.70, 97.63)
(-4.71, 160.05)
(5.26, 159.12)
(9.52, 153.60)
(12.17, 150.92)
(12.76, 149.01)
(6.26, 154.00)
(5.53, 147.24)
(8.04, 153.70)
(6.73, 189.36)
(5.14, 189.59)
(3.35, 199.25)
(7.74, 204.26)
(-20.69, 197.92)
(-43.48, 138.02)
(-3151.54, 17817.35)
(-6.62, 118.77)
(-8.49, 146.68)
(-1.63, 153.71)
(1.83, 152.74)
(5.11, 147.57)
(5.93, 149.16)
(4.16, 146.96)
(1.96, 148.19)
(-0.78, 155.76)
(14.15, 150.38)
(15.08, 149.00)
(14.23, 152.42)
(10.95, 157.13)
(-3.50, 158.22)
(-11.01, 160.68)
(-12.37, 161.91)
(-12.55, 160.92)
(-14.69, 166.02)
(-4.97, 161.11)
(0.08, 154.02)
(-2.22, 153.70)
(25.14, 157.05)
(27.22, 161.37)
(24.20, 162.09)
(21.93, 161.12)
(21.40, 159.54)
(20.22, 157.73)
(6.93, 155.66)
(2.72, 153.24)
(4.32, 153.82)
(4.98, 153.16)
(21.91, 156.48)
(30.41, 157.04)
(31.77, 158.99)
(10.13, 159.39)
(1.00, 163.49)
(-8.24, 184.17)
(-8.19, 184.61)
(-4.92, 183.33)
(-1.64, 181.79)
(2.19, 178.13)
(2.41, 175.55)
(-0.58, 176.53)
(-1.61, 176.95)
(1.49, 175.57)
(-0.60, 176.43)
(-0.59, 175.12)
(-14.60, 178.68)
(-15.96, 185.14)
(-13.48, 194.07)
(-13.73, 194.48)
(-12.76, 194.98)
(-7.25, 193.73)
(-2.60, 192.17)
(-6.22, 193.48)
(-11.24, 196.14)
(-12.13, 197.77)
(-13.61, 198.38)
(-15.77, 197.29)
(-16.50, 195.16)
(-10.62, 192.13)
(0.25, 192.75)
(-0.12, 195.02)
(-15.50, 193.48)
(-18.44, 188.57)
(-18.16, 191.59)
(-18.54, 191.91)
(-18.68, 190.15)
(-18.67, 191.35)
(-17.27, 193.87)
(-17.26, 191.60)
(-14.91, 192.15)
(-14.01, 189.55)
(-13.41, 184.69)
(38.14, 218.20)
(8.66, 235.06)
(5.30, 253.36)
(1.37, 256.09)
(-36.68, 160.21)
(-20.52, 97.95)
(75.51, 185.93)
(91.18, 187.98)
(81.34, 183.08)
(72.20, 182.77)
(66.70, 182.89)
(44.18, 187.30)
(38.65, 182.46)
(26.22, 197.68)
(32.15, 190.69)
(54.17, 209.73)
(37.37, 214.65)
(32.04, 193.25)
(15.83, 202.87)
(-0.41, 197.16)
(-2.27, 181.53)
(4.18, 181.61)
(11.57, 155.10)
(26.43, 147.91)
(17.14, 165.74)
(4.80, 163.38)
(13.11, 164.92)
(11.67, 125.92)
(4.71, 138.62)
(51.88, 160.92)
(90.71, 139.58)
(31.20, 138.74)
(8.97, 140.26)
(-2.60, 111.09)
(-21.99, 124.83)
(-15.74, 151.21)
(-3.48, 153.40)
(4.09, 172.51)
(2.15, 167.63)
(0.28, 168.78)
(9.27, 171.14)
(14.46, 167.23)
(17.60, 141.89)
(13.51, 160.01)
(11.37, 151.86)
(14.66, 142.64)
(18.45, 122.21)
(22.32, 127.82)
(26.26, 139.25)
(27.50, 133.87)
(27.35, 138.71)
(29.33, 136.26)
(7.83, 137.16)
(0.86, 137.45)
(2.37, 143.42)
(3.87, 144.91)
(-146.90, 181.98)
(-320.11, 270.91)
(-266.57, 267.03)
(-1.46, 144.51)
(4.39, 119.31)
(5.81, 113.92)
(8.93, 109.13)
(3.73, 120.26)
(-10.04, 140.32)
(-11.89, 154.86)
(-13.78, 151.87)
(-9.56, 149.85)
(-11.52, 145.80)
(-11.76, 145.70)
(-11.10, 144.68)
(-1.67, 146.96)
(7.99, 137.43)
(-2966.93, 17140.22)
(-2800.65, 15782.99)
(233.96, 110.99)
(207.49, 61.99)
(183.84, 2.51)
(178.39, 27.77)
(175.21, 56.13)
(174.99, 19.94)
(-39.08, -17.14)
(-47.73, -19.05)
(265.57, -21.60)
(409.73, 98.08)
(1045.16, 281.09)
(1146.64, 357.29)
(1067.59, 332.03)
(324.31, 271.90)
(267.14, 243.08)
(251.02, 164.18)
(-3131.62, 28304.57)
(69.71, 103.78)
(-4740.49, 36671.23)
(-11.10, 69.25)
(4.42, 125.34)
(9.87, 122.97)
(9.17, 117.59)
(-13.00, 159.60)
(2.72, 144.97)
(1.02, 145.17)
(239.64, 43.20)
(336.19, 34.82)
(284.79, 35.62)
(55.37, 37.49)
(-227.01, 40.79)
(16999.91, -68052.06)
(16813.99, -67718.30)
(-102.80, -107.37)
(34689.03, -132889.70)
(30.85, 42.46)
(54.87, 112.98)
(119.84, 103.78)
(32.75, 114.42)
(50056.81, -160618.80)
(119.75, 62.91)
(19908.13, -47232.23)
(151.15, 145.26)
(153.08, 199.92)
